  5264.6753 5273.5942
    -0.6025    1.4610 5264.7676 5264.8975 5265.0659 5265.2637 5265.4927 5265.7437 5266.0210 5266.3135 5266.6270 5266.9517 5267.2910 5267.6372 5267.9932 5268.3511 5268.7134 5269.0732 5269.4326 5269.7832 5270.1289 5270.4624 5270.7852 5271.0898 5271.3799 5271.6465 5271.8936 5272.1113 5272.3047 5272.4639 5272.5898 5272.6719
    -0.3615    1.4610 5264.7671 5264.8945 5265.0610 5265.2554 5265.4805 5265.7285 5266.0015 5266.2915 5266.6016 5266.9238 5267.2617 5267.6069 5267.9619 5268.3198 5268.6831 5269.0430 5269.4033 5269.7554 5270.1025 5270.4360 5270.7598 5271.0645 5271.3545 5271.6211 5271.8682 5272.0859 5272.2788 5272.4375 5272.5645 5272.6484
    -0.1205    1.4610 5264.7676 5264.8970 5265.0645 5265.2598 5265.4868 5265.7363 5266.0107 5266.3013 5266.6123 5266.9351 5267.2725 5267.6172 5267.9717 5268.3276 5268.6895 5269.0479 5269.4067 5269.7578 5270.1045 5270.4385 5270.7622 5271.0684 5271.3599 5271.6284 5271.8770 5272.0977 5272.2930 5272.4536 5272.5825 5272.6675
     0.1205    1.4610 5264.7676 5264.8965 5265.0645 5265.2612 5265.4893 5265.7397 5266.0156 5266.3091 5266.6221 5266.9468 5267.2876 5267.6343 5267.9917 5268.3506 5268.7144 5269.0747 5269.4355 5269.7871 5270.1338 5270.4668 5270.7896 5271.0938 5271.3833 5271.6484 5271.8936 5272.1099 5272.3008 5272.4575 5272.5811 5272.6626
     0.3615    1.4610 5264.7676 5264.8965 5265.0645 5265.2607 5265.4888 5265.7388 5266.0142 5266.3062 5266.6182 5266.9414 5267.2798 5267.6240 5267.9785 5268.3340 5268.6943 5269.0513 5269.4087 5269.7573 5270.1021 5270.4331 5270.7544 5271.0581 5271.3472 5271.6133 5271.8604 5272.0786 5272.2720 5272.4307 5272.5566 5272.6396
     0.6025    1.4610 5264.7676 5264.8965 5265.0645 5265.2603 5265.4868 5265.7354 5266.0083 5266.2979 5266.6074 5266.9292 5267.2656 5267.6094 5267.9629 5268.3193 5268.6812 5269.0400 5269.3994 5269.7505 5270.0977 5270.4326 5270.7578 5271.0654 5271.3584 5271.6284 5271.8794 5272.1021 5272.2998 5272.4629 5272.5942 5272.6807
    -0.9640    1.2523 5264.7681 5264.8979 5265.0669 5265.2642 5265.4932 5265.7446 5266.0210 5266.3135 5266.6265 5266.9507 5267.2896 5267.6353 5267.9907 5268.3467 5268.7075 5269.0659 5269.4233 5269.7734 5270.1177 5270.4492 5270.7710 5271.0747 5271.3633 5271.6284 5271.8740 5272.0913 5272.2827 5272.4404 5272.5659 5272.6484
    -0.7230    1.2523 5264.7744 5264.9121 5265.0913 5265.3003 5265.5435 5265.8081 5266.1011 5266.4111 5266.7427 5267.0864 5267.4453 5267.8115 5268.1890 5268.5669 5268.9512 5269.3315 5269.7114 5270.0835 5270.4487 5270.8008 5271.1416 5271.4634 5271.7686 5272.0493 5272.3091 5272.5381 5272.7397 5272.9053 5273.0366 5273.1221
    -0.4820    1.2523 5264.7749 5264.9141 5265.0947 5265.3052 5265.5493 5265.8164 5266.1094 5266.4204 5266.7529 5267.0977 5267.4585 5267.8262 5268.2051 5268.5859 5268.9717 5269.3545 5269.7368 5270.1104 5270.4775 5270.8306 5271.1719 5271.4937 5271.7979 5272.0781 5272.3350 5272.5615 5272.7612 5272.9238 5273.0522 5273.1343
    -0.2410    1.2523 5264.7739 5264.9116 5265.0898 5265.2988 5265.5400 5265.8062 5266.0981 5266.4082 5266.7402 5267.0840 5267.4438 5267.8110 5268.1890 5268.5684 5268.9536 5269.3354 5269.7178 5270.0913 5270.4595 5270.8130 5271.1567 5271.4810 5271.7896 5272.0728 5272.3350 5272.5669 5272.7710 5272.9380 5273.0698 5273.1558
     0.0000    1.2523 5264.7754 5264.9160 5265.0986 5265.3115 5265.5586 5265.8291 5266.1255 5266.4399 5266.7754 5267.1240 5267.4873 5267.8584 5268.2388 5268.6211 5269.0068 5269.3877 5269.7686 5270.1382 5270.5015 5270.8491 5271.1846 5271.5005 5271.7993 5272.0732 5272.3257 5272.5483 5272.7437 5272.9043 5273.0303 5273.1118
     0.2410    1.2523 5264.7749 5264.9141 5265.0952 5265.3066 5265.5518 5265.8208 5266.1162 5266.4297 5266.7646 5267.1118 5267.4746 5267.8438 5268.2231 5268.6040 5268.9893 5269.3716 5269.7524 5270.1250 5270.4912 5270.8433 5271.1841 5271.5054 5271.8101 5272.0894 5272.3477 5272.5747 5272.7749 5272.9385 5273.0679 5273.1519
     0.4820    1.2523 5264.7744 5264.9126 5265.0928 5265.3032 5265.5469 5265.8145 5266.1089 5266.4214 5266.7549 5267.1006 5267.4629 5267.8320 5268.2124 5268.5938 5268.9805 5269.3633 5269.7456 5270.1196 5270.4863 5270.8389 5271.1802 5271.5010 5271.8052 5272.0845 5272.3413 5272.5684 5272.7671 5272.9302 5273.0586 5273.1421
     0.7230    1.2523 5264.7754 5264.9160 5265.0981 5265.3120 5265.5601 5265.8315 5266.1304 5266.4473 5266.7852 5267.1348 5267.5000 5267.8726 5268.2539 5268.6372 5269.0244 5269.4067 5269.7886 5270.1606 5270.5273 5270.8784 5271.2183 5271.5381 5271.8413 5272.1187 5272.3745 5272.6006 5272.7983 5272.9600 5273.0869 5273.1685
     0.9640    1.2523 5264.7676 5264.8960 5265.0630 5265.2578 5265.4839 5265.7319 5266.0059 5266.2969 5266.6084 5266.9321 5267.2715 5267.6177 5267.9741 5268.3330 5268.6968 5269.0576 5269.4185 5269.7710 5270.1187 5270.4531 5270.7769 5271.0825 5271.3730 5271.6406 5271.8872 5272.1060 5272.2983 5272.4570 5272.5815 5272.6626
    -1.0845    1.0436 5264.7671 5264.8960 5265.0625 5265.2583 5265.4849 5265.7329 5266.0068 5266.2974 5266.6084 5266.9312 5267.2695 5267.6147 5267.9707 5268.3286 5268.6914 5269.0518 5269.4116 5269.7642 5270.1113 5270.4458 5270.7695 5271.0757 5271.3672 5271.6353 5271.8838 5272.1050 5272.2998 5272.4614 5272.5908 5272.6777
    -0.8435    1.0436 5264.7749 5264.9141 5265.0938 5265.3037 5265.5469 5265.8130 5266.1060 5266.4175 5266.7495 5267.0947 5267.4561 5267.8242 5268.2031 5268.5850 5268.9712 5269.3550 5269.7378 5270.1108 5270.4790 5270.8330 5271.1753 5271.4976 5271.8032 5272.0845 5272.3428 5272.5723 5272.7734 5272.9380 5273.0674 5273.1509
    -0.6025    1.0436 5264.7798 5264.9268 5265.1167 5265.3389 5265.5962 5265.8779 5266.1885 5266.5176 5266.8691 5267.2334 5267.6138 5268.0010 5268.3979 5268.7969 5269.2002 5269.5996 5269.9980 5270.3857 5270.7681 5271.1353 5271.4907 5271.8252 5272.1436 5272.4351 5272.7041 5272.9419 5273.1504 5273.3218 5273.4580 5273.5469
    -0.3615    1.0436 5264.7798 5264.9263 5265.1157 5265.3379 5265.5957 5265.8779 5266.1885 5266.5181 5266.8706 5267.2354 5267.6167 5268.0059 5268.4058 5268.8076 5269.2144 5269.6177 5270.0200 5270.4136 5270.8003 5271.1724 5271.5312 5271.8711 5272.1924 5272.4883 5272.7598 5272.9995 5273.2104 5273.3818 5273.5161 5273.6021
    -0.1205    1.0436 5264.7793 5264.9258 5265.1147 5265.3359 5265.5923 5265.8735 5266.1821 5266.5098 5266.8584 5267.2202 5267.5977 5267.9824 5268.3779 5268.7749 5269.1772 5269.5762 5269.9741 5270.3638 5270.7476 5271.1167 5271.4746 5271.8130 5272.1343 5272.4302 5272.7036 5272.9453 5273.1592 5273.3354 5273.4756 5273.5698
     0.1205    1.0436 5264.7803 5264.9268 5265.1147 5265.3350 5265.5903 5265.8696 5266.1772 5266.5049 5266.8550 5267.2188 5267.6011 5267.9917 5268.3945 5268.8003 5269.2129 5269.6216 5270.0308 5270.4312 5270.8247 5271.2031 5271.5693 5271.9141 5272.2407 5272.5410 5272.8164 5273.0596 5273.2725 5273.4458 5273.5820 5273.6689
     0.3615    1.0436 5264.7788 5264.9238 5265.1118 5265.3320 5265.5869 5265.8672 5266.1758 5266.5034 5266.8535 5267.2173 5267.5977 5267.9858 5268.3857 5268.7876 5269.1943 5269.5977 5270.0010 5270.3945 5270.7822 5271.1543 5271.5146 5271.8555 5272.1777 5272.4741 5272.7485 5272.9897 5273.2036 5273.3784 5273.5166 5273.6060
     0.6025    1.0436 5264.7803 5264.9263 5265.1147 5265.3335 5265.5864 5265.8638 5266.1685 5266.4927 5266.8389 5267.1992 5267.5762 5267.9609 5268.3564 5268.7554 5269.1592 5269.5591 5269.9590 5270.3496 5270.7344 5271.1045 5271.4624 5271.7998 5272.1196 5272.4141 5272.6851 5272.9243 5273.1343 5273.3066 5273.4419 5273.5298
     0.8435    1.0436 5264.7739 5264.9116 5265.0898 5265.2974 5265.5376 5265.8018 5266.0928 5266.4009 5266.7310 5267.0737 5267.4316 5267.7969 5268.1729 5268.5503 5268.9326 5269.3125 5269.6914 5270.0615 5270.4258 5270.7764 5271.1152 5271.4355 5271.7393 5272.0181 5272.2759 5272.5039 5272.7056 5272.8716 5273.0029 5273.0903
     1.0845    1.0436 5264.7676 5264.8975 5265.0659 5265.2627 5265.4897 5265.7388 5266.0132 5266.3047 5266.6157 5266.9390 5267.2778 5267.6235 5267.9795 5268.3379 5268.7012 5269.0625 5269.4233 5269.7769 5270.1255 5270.4609 5270.7866 5271.0938 5271.3862 5271.6553 5271.9038 5272.1240 5272.3184 5272.4780 5272.6045 5272.6875
    -1.2050    0.8348 5264.7676 5264.8975 5265.0659 5265.2627 5265.4912 5265.7422 5266.0181 5266.3110 5266.6240 5266.9487 5267.2881 5267.6338 5267.9897 5268.3472 5268.7100 5269.0693 5269.4292 5269.7812 5270.1270 5270.4609 5270.7847 5271.0908 5271.3813 5271.6489 5271.8965 5272.1152 5272.3091 5272.4673 5272.5933 5272.6743
    -0.9640    0.8348 5264.7749 5264.9150 5265.0952 5265.3052 5265.5488 5265.8145 5266.1060 5266.4155 5266.7456 5267.0874 5267.4453 5267.8086 5268.1826 5268.5576 5268.9375 5269.3140 5269.6895 5270.0562 5270.4170 5270.7637 5271.1001 5271.4170 5271.7178 5271.9946 5272.2500 5272.4766 5272.6763 5272.8403 5272.9717 5273.0596
    -0.7230    0.8348 5264.7793 5264.9253 5265.1143 5265.3354 5265.5923 5265.8740 5266.1841 5266.5127 5266.8638 5267.2275 5267.6074 5267.9946 5268.3931 5268.7935 5269.1992 5269.6021 5270.0034 5270.3965 5270.7837 5271.1567 5271.5171 5271.8579 5272.1816 5272.4785 5272.7529 5272.9961 5273.2109 5273.3872 5273.5269 5273.6182
    -0.4820    0.8348 5264.7861 5264.9424 5265.1440 5265.3804 5265.6533 5265.9526 5266.2817 5266.6304 5267.0029 5267.3882 5267.7910 5268.2012 5268.6226 5269.0459 5269.4731 5269.8970 5270.3184 5270.7305 5271.1348 5271.5229 5271.8979 5272.2510 5272.5850 5272.8911 5273.1729 5273.4214 5273.6392 5273.8169 5273.9565 5274.0454
    -0.2410    0.8348 5264.7856 5264.9409 5265.1406 5265.3726 5265.6401 5265.9331 5266.2559 5266.5977 5266.9634 5267.3433 5267.7407 5268.1470 5268.5654 5268.9873 5269.4141 5269.8384 5270.2627 5270.6782 5271.0864 5271.4795 5271.8594 5272.2173 5272.5562 5272.8682 5273.1543 5273.4072 5273.6294 5273.8110 5273.9526 5274.0449
     0.0000    0.8348 5264.7856 5264.9399 5265.1401 5265.3740 5265.6450 5265.9434 5266.2715 5266.6206 5266.9927 5267.3789 5267.7822 5268.1938 5268.6157 5269.0405 5269.4697 5269.8945 5270.3188 5270.7324 5271.1387 5271.5298 5271.9072 5272.2637 5272.6006 5272.9111 5273.1968 5273.4492 5273.6704 5273.8516 5273.9941 5274.0854
     0.2410    0.8348 5264.7871 5264.9438 5265.1475 5265.3838 5265.6572 5265.9561 5266.2837 5266.6309 5267.0000 5267.3833 5267.7827 5268.1890 5268.6064 5269.0259 5269.4502 5269.8706 5270.2900 5270.7002 5271.1040 5271.4927 5271.8687 5272.2241 5272.5615 5272.8721 5273.1582 5273.4116 5273.6353 5273.8188 5273.9648 5274.0615
     0.4820    0.8348 5264.7861 5264.9409 5265.1406 5265.3740 5265.6426 5265.9385 5266.2637 5266.6094 5266.9785 5267.3623 5267.7637 5268.1733 5268.5942 5269.0176 5269.4468 5269.8706 5270.2939 5270.7075 5271.1128 5271.5024 5271.8784 5272.2324 5272.5679 5272.8750 5273.1577 5273.4072 5273.6265 5273.8062 5273.9468 5274.0376
     0.7230    0.8348 5264.7803 5264.9272 5265.1167 5265.3394 5265.5962 5265.8794 5266.1899 5266.5190 5266.8706 5267.2349 5267.6152 5268.0039 5268.4033 5268.8052 5269.2134 5269.6177 5270.0215 5270.4165 5270.8052 5271.1792 5271.5415 5271.8823 5272.2061 5272.5024 5272.7754 5273.0161 5273.2275 5273.3999 5273.5342 5273.6196
     0.9640    0.8348 5264.7754 5264.9165 5265.0996 5265.3135 5265.5610 5265.8320 5266.1304 5266.4458 5266.7832 5267.1313 5267.4946 5267.8643 5268.2437 5268.6240 5269.0093 5269.3901 5269.7700 5270.1411 5270.5059 5270.8569 5271.1968 5271.5181 5271.8223 5272.1016 5272.3599 5272.5874 5272.7881 5272.9517 5273.0811 5273.1650
     1.2050    0.8348 5264.7676 5264.8960 5265.0630 5265.2578 5265.4839 5265.7314 5266.0054 5266.2959 5266.6064 5266.9297 5267.2676 5267.6128 5267.9683 5268.3262 5268.6885 5269.0474 5269.4067 5269.7568 5270.1030 5270.4341 5270.7559 5271.0586 5271.3467 5271.6113 5271.8555 5272.0723 5272.2637 5272.4214 5272.5474 5272.6309
    -1.3255    0.6261 5264.7681 5264.8979 5265.0664 5265.2637 5265.4927 5265.7437 5266.0210 5266.3149 5266.6299 5266.9556 5267.2969 5267.6460 5268.0039 5268.3643 5268.7295 5269.0913 5269.4521 5269.8037 5270.1499 5270.4819 5270.8032 5271.1055 5271.3916 5271.6548 5271.8975 5272.1118 5272.3008 5272.4561 5272.5791 5272.6597
    -1.0845    0.6261 5264.7749 5264.9141 5265.0947 5265.3047 5265.5493 5265.8174 5266.1123 5266.4258 5266.7607 5267.1084 5267.4722 5267.8428 5268.2251 5268.6084 5268.9976 5269.3833 5269.7690 5270.1455 5270.5161 5270.8726 5271.2173 5271.5425 5271.8501 5272.1318 5272.3916 5272.6206 5272.8213 5272.9844 5273.1133 5273.1953
    -0.8435    0.6261 5264.7808 5264.9297 5265.1221 5265.3462 5265.6050 5265.8882 5266.1987 5266.5283 5266.8794 5267.2441 5267.6250 5268.0137 5268.4141 5268.8159 5269.2231 5269.6270 5270.0298 5270.4238 5270.8115 5271.1846 5271.5449 5271.8857 5272.2080 5272.5044 5272.7778 5273.0190 5273.2310 5273.4053 5273.5425 5273.6313
    -0.6025    0.6261 5264.7861 5264.9424 5265.1436 5265.3784 5265.6499 5265.9468 5266.2744 5266.6211 5266.9912 5267.3760 5267.7773 5268.1880 5268.6094 5269.0337 5269.4624 5269.8877 5270.3115 5270.7261 5271.1333 5271.5244 5271.9028 5272.2598 5272.5972 5272.9077 5273.1924 5273.4443 5273.6650 5273.8462 5273.9878 5274.0801
    -0.3615    0.6261 5264.7896 5264.9507 5265.1587 5265.4023 5265.6841 5265.9937 5266.3335 5266.6938 5267.0776 5267.4756 5267.8901 5268.3135 5268.7476 5269.1826 5269.6230 5270.0596 5270.4941 5270.9189 5271.3364 5271.7378 5272.1265 5272.4932 5272.8403 5273.1597 5273.4551 5273.7158 5273.9453 5274.1333 5274.2817 5274.3774
    -0.1205    0.6261 5264.7910 5264.9536 5265.1621 5265.4062 5265.6885 5265.9966 5266.3359 5266.6958 5267.0806 5267.4790 5267.8955 5268.3208 5268.7573 5269.1968 5269.6411 5270.0815 5270.5210 5270.9497 5271.3721 5271.7783 5272.1709 5272.5420 5272.8931 5273.2173 5273.5151 5273.7798 5274.0117 5274.2036 5274.3560 5274.4556
     0.1205    0.6261 5264.7896 5264.9507 5265.1572 5265.3989 5265.6777 5265.9849 5266.3218 5266.6797 5267.0620 5267.4590 5267.8745 5268.2988 5268.7354 5269.1753 5269.6206 5270.0630 5270.5054 5270.9380 5271.3643 5271.7734 5272.1699 5272.5439 5272.8975 5273.2222 5273.5200 5273.7827 5274.0117 5274.1992 5274.3457 5274.4395
     0.3615    0.6261 5264.7905 5264.9526 5265.1621 5265.4058 5265.6865 5265.9941 5266.3325 5266.6909 5267.0728 5267.4692 5267.8838 5268.3071 5268.7422 5269.1792 5269.6221 5270.0620 5270.5010 5270.9307 5271.3530 5271.7607 5272.1553 5272.5283 5272.8818 5273.2080 5273.5083 5273.7749 5274.0098 5274.2031 5274.3564 5274.4565
     0.6025    0.6261 5264.7861 5264.9429 5265.1455 5265.3833 5265.6582 5265.9600 5266.2920 5266.6431 5267.0176 5267.4058 5267.8110 5268.2241 5268.6479 5269.0732 5269.5034 5269.9297 5270.3545 5270.7686 5271.1758 5271.5664 5271.9434 5272.2983 5272.6343 5272.9424 5273.2251 5273.4741 5273.6914 5273.8682 5274.0054 5274.0913
     0.8435    0.6261 5264.7798 5264.9258 5265.1143 5265.3340 5265.5894 5265.8696 5266.1787 5266.5068 5266.8579 5267.2231 5267.6045 5267.9937 5268.3940 5268.7959 5269.2021 5269.6060 5270.0083 5270.4014 5270.7876 5271.1587 5271.5186 5271.8579 5272.1797 5272.4751 5272.7476 5272.9888 5273.2007 5273.3755 5273.5137 5273.6050
     1.0845    0.6261 5264.7754 5264.9160 5265.0972 5265.3105 5265.5557 5265.8242 5266.1201 5266.4326 5266.7661 5267.1123 5267.4741 5267.8423 5268.2212 5268.6006 5268.9849 5269.3652 5269.7446 5270.1157 5270.4795 5270.8301 5271.1689 5271.4878 5271.7910 5272.0688 5272.3252 5272.5518 5272.7505 5272.9136 5273.0420 5273.1260
     1.3255    0.6261 5264.7681 5264.8984 5265.0674 5265.2651 5265.4951 5265.7461 5266.0234 5266.3174 5266.6313 5266.9570 5267.2969 5267.6431 5267.9990 5268.3564 5268.7183 5269.0767 5269.4341 5269.7832 5270.1270 5270.4575 5270.7778 5271.0801 5271.3672 5271.6309 5271.8750 5272.0913 5272.2822 5272.4390 5272.5630 5272.6445
    -1.4460    0.4174 5264.7686 5264.8984 5265.0669 5265.2637 5265.4912 5265.7393 5266.0127 5266.3027 5266.6123 5266.9336 5267.2695 5267.6128 5267.9663 5268.3218 5268.6826 5269.0410 5269.3994 5269.7505 5270.0972 5270.4312 5270.7563 5271.0635 5271.3560 5271.6260 5271.8765 5272.0986 5272.2944 5272.4556 5272.5835 5272.6685
    -1.2050    0.4174 5264.7744 5264.9136 5265.0933 5265.3037 5265.5469 5265.8135 5266.1069 5266.4180 5266.7495 5267.0933 5267.4526 5267.8184 5268.1953 5268.5732 5268.9565 5269.3359 5269.7148 5270.0854 5270.4497 5270.8003 5271.1387 5271.4585 5271.7617 5272.0400 5272.2964 5272.5225 5272.7217 5272.8848 5273.0137 5273.0986
    -0.9640    0.4174 5264.7798 5264.9263 5265.1162 5265.3379 5265.5942 5265.8765 5266.1865 5266.5166 5266.8687 5267.2354 5267.6187 5268.0098 5268.4116 5268.8159 5269.2251 5269.6304 5270.0356 5270.4302 5270.8179 5271.1899 5271.5503 5271.8892 5272.2100 5272.5044 5272.7749 5273.0142 5273.2231 5273.3936 5273.5278 5273.6133
    -0.7230    0.4174 5264.7856 5264.9395 5265.1392 5265.3716 5265.6392 5265.9336 5266.2559 5266.5981 5266.9634 5267.3423 5267.7388 5268.1426 5268.5591 5268.9771 5269.4019 5269.8237 5270.2456 5270.6587 5271.0659 5271.4595 5271.8413 5272.2021 5272.5454 5272.8618 5273.1543 5273.4131 5273.6411 5273.8276 5273.9766 5274.0732
    -0.4820    0.4174 5264.7905 5264.9536 5265.1636 5265.4097 5265.6943 5266.0068 5266.3501 5266.7134 5267.1006 5267.5015 5267.9194 5268.3447 5268.7808 5269.2188 5269.6611 5270.0991 5270.5366 5270.9644 5271.3848 5271.7891 5272.1816 5272.5508 5272.9023 5273.2251 5273.5239 5273.7881 5274.0210 5274.2124 5274.3633 5274.4629
    -0.2410    0.4174 5264.7939 5264.9595 5265.1733 5265.4229 5265.7119 5266.0288 5266.3760 5266.7451 5267.1392 5267.5483 5267.9761 5268.4146 5268.8643 5269.3184 5269.7778 5270.2344 5270.6904 5271.1372 5271.5757 5271.9985 5272.4072 5272.7930 5273.1582 5273.4932 5273.8018 5274.0737 5274.3120 5274.5063 5274.6577 5274.7539
     0.0000    0.4174 5264.7939 5264.9600 5265.1753 5265.4268 5265.7168 5266.0347 5266.3833 5266.7534 5267.1479 5267.5576 5267.9854 5268.4214 5268.8696 5269.3203 5269.7769 5270.2300 5270.6821 5271.1250 5271.5610 5271.9814 5272.3877 5272.7729 5273.1377 5273.4746 5273.7861 5274.0625 5274.3062 5274.5078 5274.6685 5274.7749
     0.2410    0.4174 5264.7944 5264.9609 5265.1753 5265.4272 5265.7183 5266.0381 5266.3896 5266.7627 5267.1611 5267.5747 5268.0063 5268.4468 5268.8999 5269.3555 5269.8159 5270.2729 5270.7290 5271.1758 5271.6152 5272.0376 5272.4468 5272.8330 5273.1978 5273.5332 5273.8408 5274.1123 5274.3496 5274.5420 5274.6914 5274.7852
     0.4820    0.4174 5264.7900 5264.9507 5265.1587 5265.4004 5265.6802 5265.9878 5266.3247 5266.6831 5267.0664 5267.4639 5267.8799 5268.3047 5268.7402 5269.1797 5269.6240 5270.0649 5270.5054 5270.9360 5271.3594 5271.7671 5272.1621 5272.5352 5272.8882 5273.2144 5273.5146 5273.7812 5274.0156 5274.2095 5274.3618 5274.4619
     0.7230    0.4174 5264.7856 5264.9399 5265.1396 5265.3721 5265.6401 5265.9346 5266.2573 5266.6001 5266.9663 5267.3462 5267.7446 5268.1509 5268.5698 5268.9907 5269.4180 5269.8423 5270.2656 5270.6802 5271.0874 5271.4800 5271.8599 5272.2183 5272.5576 5272.8696 5273.1577 5273.4126 5273.6367 5273.8213 5273.9678 5274.0649
     0.9640    0.4174 5264.7803 5264.9277 5265.1191 5265.3423 5265.6016 5265.8857 5266.1987 5266.5298 5266.8838 5267.2500 5267.6333 5268.0234 5268.4238 5268.8262 5269.2329 5269.6357 5270.0371 5270.4292 5270.8145 5271.1846 5271.5425 5271.8794 5272.1987 5272.4922 5272.7627 5273.0020 5273.2119 5273.3848 5273.5220 5273.6118
     1.2050    0.4174 5264.7754 5264.9160 5265.0981 5265.3110 5265.5571 5265.8262 5266.1230 5266.4360 5266.7715 5267.1187 5267.4814 5267.8521 5268.2334 5268.6157 5269.0044 5269.3887 5269.7729 5270.1484 5270.5171 5270.8716 5271.2144 5271.5371 5271.8423 5272.1216 5272.3784 5272.6050 5272.8027 5272.9634 5273.0889 5273.1670
     1.4460    0.4174 5264.7676 5264.8965 5265.0635 5265.2588 5265.4854 5265.7339 5266.0083 5266.2988 5266.6099 5266.9326 5267.2715 5267.6172 5267.9731 5268.3311 5268.6948 5269.0552 5269.4170 5269.7695 5270.1182 5270.4531 5270.7783 5271.0850 5271.3770 5271.6450 5271.8936 5272.1143 5272.3091 5272.4697 5272.5972 5272.6826
    -1.5665    0.2087 5264.7676 5264.8975 5265.0654 5265.2622 5265.4907 5265.7417 5266.0176 5266.3110 5266.6245 5266.9502 5267.2900 5267.6367 5267.9932 5268.3511 5268.7139 5269.0732 5269.4321 5269.7817 5270.1265 5270.4575 5270.7783 5271.0806 5271.3672 5271.6313 5271.8745 5272.0913 5272.2817 5272.4390 5272.5625 5272.6445
    -1.3255    0.2087 5264.7754 5264.9165 5265.0981 5265.3105 5265.5557 5265.8237 5266.1187 5266.4312 5266.7656 5267.1113 5267.4727 5267.8413 5268.2212 5268.6011 5268.9858 5269.3662 5269.7456 5270.1162 5270.4795 5270.8291 5271.1665 5271.4844 5271.7861 5272.0635 5272.3193 5272.5464 5272.7466 5272.9116 5273.0435 5273.1309
    -1.0845    0.2087 5264.7808 5264.9292 5265.1206 5265.3433 5265.6011 5265.8828 5266.1934 5266.5215 5266.8726 5267.2358 5267.6157 5268.0024 5268.3999 5268.7993 5269.2036 5269.6055 5270.0059 5270.3979 5270.7842 5271.1558 5271.5161 5271.8560 5272.1787 5272.4761 5272.7495 5272.9922 5273.2051 5273.3804 5273.5181 5273.6089
    -0.8435    0.2087 5264.7861 5264.9429 5265.1455 5265.3843 5265.6602 5265.9629 5266.2959 5266.6479 5267.0234 5267.4126 5267.8174 5268.2295 5268.6523 5269.0762 5269.5034 5269.9268 5270.3477 5270.7583 5271.1611 5271.5474 5271.9199 5272.2720 5272.6035 5272.9082 5273.1885 5273.4355 5273.6523 5273.8296 5273.9688 5274.0581
    -0.6025    0.2087 5264.7910 5264.9546 5265.1655 5265.4121 5265.6968 5266.0088 5266.3506 5266.7129 5267.0996 5267.5020 5267.9219 5268.3501 5268.7915 5269.2344 5269.6836 5270.1289 5270.5723 5271.0068 5271.4331 5271.8428 5272.2383 5272.6104 5272.9629 5273.2856 5273.5830 5273.8442 5274.0718 5274.2578 5274.4023 5274.4917
    -0.3615    0.2087 5264.7939 5264.9614 5265.1763 5265.4268 5265.7158 5266.0337 5266.3818 5266.7520 5267.1475 5267.5586 5267.9873 5268.4258 5268.8760 5269.3281 5269.7856 5270.2393 5270.6909 5271.1323 5271.5654 5271.9819 5272.3843 5272.7632 5273.1230 5273.4541 5273.7598 5274.0308 5274.2700 5274.4678 5274.6255 5274.7310
    -0.1205    0.2087 5264.7959 5264.9653 5265.1836 5265.4395 5265.7349 5266.0586 5266.4146 5266.7930 5267.1958 5267.6147 5268.0522 5268.4995 5268.9585 5269.4209 5269.8887 5270.3530 5270.8164 5271.2700 5271.7153 5272.1450 5272.5601 5272.9512 5273.3218 5273.6626 5273.9756 5274.2510 5274.4922 5274.6895 5274.8428 5274.9419
     0.1205    0.2087 5264.7959 5264.9648 5265.1836 5265.4390 5265.7344 5266.0581 5266.4131 5266.7900 5267.1909 5267.6069 5268.0405 5268.4839 5268.9390 5269.3955 5269.8579 5270.3164 5270.7739 5271.2212 5271.6616 5272.0854 5272.4951 5272.8828 5273.2505 5273.5898 5273.9028 5274.1812 5274.4268 5274.6294 5274.7900 5274.8970
     0.3615    0.2087 5264.7944 5264.9619 5265.1782 5265.4312 5265.7227 5266.0425 5266.3940 5266.7661 5267.1646 5267.5771 5268.0088 5268.4487 5268.9004 5269.3550 5269.8145 5270.2695 5270.7231 5271.1660 5271.6006 5272.0176 5272.4199 5272.7988 5273.1567 5273.4844 5273.7852 5274.0503 5274.2812 5274.4702 5274.6182 5274.7139
     0.6025    0.2087 5264.7910 5264.9536 5265.1636 5265.4082 5265.6904 5266.0005 5266.3408 5266.7026 5267.0884 5267.4883 5267.9067 5268.3335 5268.7720 5269.2129 5269.6582 5270.1006 5270.5420 5270.9736 5271.3975 5271.8062 5272.2017 5272.5747 5272.9292 5273.2549 5273.5557 5273.8213 5274.0552 5274.2471 5274.3975 5274.4951
     0.8435    0.2087 5264.7861 5264.9414 5265.1421 5265.3779 5265.6499 5265.9482 5266.2764 5266.6240 5266.9961 5267.3809 5267.7832 5268.1948 5268.6172 5269.0425 5269.4727 5269.8999 5270.3271 5270.7446 5271.1553 5271.5503 5271.9326 5272.2935 5272.6348 5272.9482 5273.2363 5273.4902 5273.7119 5273.8931 5274.0332 5274.1226
     1.0845    0.2087 5264.7803 5264.9268 5265.1147 5265.3340 5265.5874 5265.8652 5266.1709 5266.4951 5266.8418 5267.2021 5267.5791 5267.9639 5268.3599 5268.7583 5269.1621 5269.5630 5269.9634 5270.3550 5270.7412 5271.1128 5271.4731 5271.8140 5272.1377 5272.4370 5272.7129 5272.9580 5273.1753 5273.3540 5273.4966 5273.5913
     1.3255    0.2087 5264.7754 5264.9155 5265.0967 5265.3091 5265.5542 5265.8228 5266.1177 5266.4302 5266.7637 5267.1089 5267.4692 5267.8364 5268.2134 5268.5913 5268.9746 5269.3540 5269.7324 5270.1030 5270.4678 5270.8184 5271.1587 5271.4805 5271.7861 5272.0679 5272.3281 5272.5581 5272.7622 5272.9292 5273.0620 5273.1494
     1.5665    0.2087 5264.7681 5264.8979 5265.0664 5265.2632 5265.4912 5265.7407 5266.0161 5266.3081 5266.6206 5266.9438 5267.2827 5267.6284 5267.9839 5268.3408 5268.7026 5269.0615 5269.4204 5269.7705 5270.1162 5270.4482 5270.7705 5271.0747 5271.3638 5271.6294 5271.8755 5272.0933 5272.2861 5272.4448 5272.5713 5272.6548
    -1.4460    0.0000 5264.7749 5264.9141 5265.0947 5265.3047 5265.5479 5265.8145 5266.1069 5266.4175 5266.7495 5267.0938 5267.4546 5267.8223 5268.2002 5268.5796 5268.9653 5269.3472 5269.7290 5270.1021 5270.4692 5270.8232 5271.1660 5271.4902 5271.7979 5272.0801 5272.3423 5272.5732 5272.7764 5272.9434 5273.0747 5273.1592
    -1.2050    0.0000 5264.7793 5264.9248 5265.1133 5265.3325 5265.5874 5265.8667 5266.1753 5266.5015 5266.8506 5267.2129 5267.5923 5267.9795 5268.3779 5268.7788 5269.1851 5269.5889 5269.9917 5270.3857 5270.7744 5271.1479 5271.5093 5271.8496 5272.1714 5272.4678 5272.7393 5272.9785 5273.1880 5273.3599 5273.4932 5273.5791
    -0.9640    0.0000 5264.7866 5264.9434 5265.1460 5265.3818 5265.6548 5265.9536 5266.2817 5266.6294 5266.9990 5267.3833 5267.7842 5268.1924 5268.6118 5269.0337 5269.4600 5269.8823 5270.3037 5270.7158 5271.1206 5271.5098 5271.8862 5272.2407 5272.5771 5272.8862 5273.1714 5273.4229 5273.6431 5273.8223 5273.9629 5274.0513
    -0.7230    0.0000 5264.7910 5264.9536 5265.1631 5265.4067 5265.6875 5265.9946 5266.3325 5266.6895 5267.0708 5267.4663 5267.8794 5268.3013 5268.7349 5269.1714 5269.6138 5270.0532 5270.4922 5270.9224 5271.3457 5271.7534 5272.1479 5272.5210 5272.8745 5273.1997 5273.4995 5273.7656 5273.9985 5274.1904 5274.3423 5274.4409
    -0.4820    0.0000 5264.7935 5264.9595 5265.1733 5265.4233 5265.7114 5266.0278 5266.3750 5266.7432 5267.1367 5267.5449 5267.9717 5268.4067 5268.8540 5269.3042 5269.7598 5270.2124 5270.6636 5271.1060 5271.5400 5271.9585 5272.3628 5272.7451 5273.1074 5273.4404 5273.7476 5274.0186 5274.2568 5274.4521 5274.6060 5274.7061
    -0.2410    0.0000 5264.7964 5264.9668 5265.1860 5265.4419 5265.7373 5266.0615 5266.4170 5266.7939 5267.1958 5267.6128 5268.0488 5268.4941 5268.9517 5269.4126 5269.8794 5270.3428 5270.8052 5271.2583 5271.7041 5272.1333 5272.5488 5272.9409 5273.3120 5273.6538 5273.9683 5274.2466 5274.4907 5274.6909 5274.8481 5274.9487
     0.0000    0.0000 5264.7974 5264.9683 5265.1885 5265.4453 5265.7412 5266.0654 5266.4224 5266.8018 5267.2065 5267.6279 5268.0679 5268.5186 5268.9814 5269.4482 5269.9214 5270.3906 5270.8604 5271.3213 5271.7739 5272.2109 5272.6333 5273.0332 5273.4126 5273.7612 5274.0830 5274.3672 5274.6162 5274.8218 5274.9829 5275.0879
     0.2410    0.0000 5264.7964 5264.9663 5265.1851 5265.4404 5265.7358 5266.0596 5266.4155 5266.7935 5267.1958 5267.6133 5268.0498 5268.4941 5268.9512 5269.4097 5269.8740 5270.3340 5270.7925 5271.2412 5271.6821 5272.1060 5272.5161 5272.9038 5273.2700 5273.6079 5273.9189 5274.1943 5274.4360 5274.6343 5274.7900 5274.8911
     0.4820    0.0000 5264.7944 5264.9619 5265.1772 5265.4292 5265.7202 5266.0396 5266.3892 5266.7603 5267.1567 5267.5669 5267.9951 5268.4316 5268.8799 5269.3311 5269.7876 5270.2407 5270.6919 5271.1348 5271.5693 5271.9878 5272.3931 5272.7749 5273.1377 5273.4712 5273.7783 5274.0503 5274.2881 5274.4834 5274.6367 5274.7358
     0.7230    0.0000 5264.7896 5264.9502 5265.1562 5265.3975 5265.6763 5265.9829 5266.3208 5266.6797 5267.0630 5267.4614 5267.8770 5268.3008 5268.7358 5269.1733 5269.6152 5270.0542 5270.4912 5270.9185 5271.3394 5271.7437 5272.1353 5272.5044 5272.8545 5273.1772 5273.4736 5273.7358 5273.9658 5274.1543 5274.3022 5274.3975
     0.9640    0.0000 5264.7866 5264.9434 5265.1455 5265.3818 5265.6543 5265.9526 5266.2798 5266.6255 5266.9937 5267.3755 5267.7739 5268.1792 5268.5957 5269.0132 5269.4355 5269.8535 5270.2710 5270.6782 5271.0796 5271.4653 5271.8389 5272.1919 5272.5264 5272.8340 5273.1191 5273.3706 5273.5913 5273.7729 5273.9160 5274.0093
     1.2050    0.0000 5264.7808 5264.9282 5265.1196 5265.3423 5265.5991 5265.8813 5266.1904 5266.5186 5266.8687 5267.2319 5267.6118 5267.9990 5268.3979 5268.7983 5269.2046 5269.6074 5270.0103 5270.4028 5270.7891 5271.1606 5271.5200 5271.8589 5272.1802 5272.4751 5272.7466 5272.9858 5273.1968 5273.3687 5273.5039 5273.5898
     1.4460    0.0000 5264.7744 5264.9126 5265.0923 5265.3018 5265.5439 5265.8096 5266.1016 5266.4116 5266.7427 5267.0864 5267.4453 5267.8115 5268.1895 5268.5688 5268.9541 5269.3364 5269.7183 5270.0923 5270.4614 5270.8169 5271.1621 5271.4878 5271.7979 5272.0830 5272.3457 5272.5786 5272.7822 5272.9502 5273.0815 5273.1670
    -1.5665   -0.2087 5264.7681 5264.8975 5265.0649 5265.2612 5265.4878 5265.7363 5266.0098 5266.2998 5266.6099 5266.9321 5267.2690 5267.6128 5267.9663 5268.3218 5268.6826 5269.0396 5269.3970 5269.7461 5270.0908 5270.4219 5270.7427 5271.0459 5271.3345 5271.5996 5271.8452 5272.0630 5272.2554 5272.4136 5272.5410 5272.6250
    -1.3255   -0.2087 5264.7764 5264.9175 5265.1006 5265.3140 5265.5605 5265.8301 5266.1265 5266.4404 5266.7749 5267.1216 5267.4829 5267.8516 5268.2295 5268.6094 5268.9937 5269.3735 5269.7534 5270.1245 5270.4888 5270.8389 5271.1782 5271.4980 5271.8013 5272.0796 5272.3359 5272.5625 5272.7617 5272.9238 5273.0518 5273.1333
    -1.0845   -0.2087 5264.7808 5264.9297 5265.1221 5265.3472 5265.6074 5265.8926 5266.2056 5266.5376 5266.8911 5267.2588 5267.6416 5268.0317 5268.4331 5268.8354 5269.2427 5269.6455 5270.0483 5270.4404 5270.8271 5271.1973 5271.5557 5271.8931 5272.2134 5272.5063 5272.7759 5273.0137 5273.2222 5273.3921 5273.5259 5273.6113
    -0.8435   -0.2087 5264.7861 5264.9409 5265.1421 5265.3765 5265.6470 5265.9438 5266.2705 5266.6172 5266.9868 5267.3716 5267.7739 5268.1841 5268.6055 5269.0298 5269.4585 5269.8838 5270.3086 5270.7222 5271.1299 5271.5215 5271.8999 5272.2568 5272.5942 5272.9053 5273.1914 5273.4443 5273.6665 5273.8491 5273.9932 5274.0884
    -0.6025   -0.2087 5264.7900 5264.9517 5265.1602 5265.4048 5265.6870 5265.9971 5266.3379 5266.6997 5267.0859 5267.4868 5267.9048 5268.3315 5268.7695 5269.2104 5269.6562 5270.0977 5270.5386 5270.9692 5271.3926 5271.8003 5272.1943 5272.5664 5272.9189 5273.2432 5273.5425 5273.8057 5274.0376 5274.2271 5274.3765 5274.4736
    -0.3615   -0.2087 5264.7939 5264.9604 5265.1748 5265.4268 5265.7178 5266.0371 5266.3882 5266.7622 5267.1621 5267.5771 5268.0112 5268.4556 5268.9121 5269.3716 5269.8364 5270.2979 5270.7583 5271.2075 5271.6494 5272.0737 5272.4844 5272.8701 5273.2354 5273.5703 5273.8770 5274.1484 5274.3848 5274.5781 5274.7280 5274.8232
    -0.1205   -0.2087 5264.7959 5264.9663 5265.1851 5265.4414 5265.7373 5266.0620 5266.4185 5266.7969 5267.2002 5267.6187 5268.0547 5268.4995 5268.9561 5269.4146 5269.8779 5270.3379 5270.7959 5271.2437 5271.6836 5272.1079 5272.5181 5272.9058 5273.2739 5273.6123 5273.9258 5274.2026 5274.4463 5274.6475 5274.8062 5274.9106
     0.1205   -0.2087 5264.7969 5264.9683 5265.1904 5265.4507 5265.7520 5266.0825 5266.4453 5266.8306 5267.2407 5267.6660 5268.1099 5268.5625 5269.0269 5269.4937 5269.9653 5270.4321 5270.8979 5271.3521 5271.7979 5272.2266 5272.6396 5273.0298 5273.3984 5273.7358 5274.0464 5274.3198 5274.5596 5274.7554 5274.9082 5275.0059
     0.3615   -0.2087 5264.7935 5264.9595 5265.1733 5265.4229 5265.7119 5266.0288 5266.3779 5266.7490 5267.1460 5267.5576 5267.9888 5268.4287 5268.8809 5269.3364 5269.7969 5270.2539 5270.7100 5271.1553 5271.5933 5272.0142 5272.4204 5272.8037 5273.1670 5273.5005 5273.8071 5274.0781 5274.3154 5274.5098 5274.6621 5274.7598
     0.6025   -0.2087 5264.7905 5264.9526 5265.1621 5265.4067 5265.6885 5265.9971 5266.3364 5266.6968 5267.0806 5267.4785 5267.8940 5268.3179 5268.7529 5269.1904 5269.6328 5270.0723 5270.5093 5270.9380 5271.3589 5271.7637 5272.1562 5272.5264 5272.8779 5273.2012 5273.5005 5273.7656 5273.9990 5274.1929 5274.3472 5274.4497
     0.8435   -0.2087 5264.7861 5264.9419 5265.1436 5265.3789 5265.6519 5265.9512 5266.2803 5266.6299 5267.0029 5267.3896 5267.7935 5268.2065 5268.6304 5269.0566 5269.4878 5269.9160 5270.3413 5270.7583 5271.1660 5271.5586 5271.9380 5272.2939 5272.6309 5272.9399 5273.2236 5273.4731 5273.6924 5273.8711 5274.0117 5274.1021
     1.0845   -0.2087 5264.7798 5264.9263 5265.1152 5265.3359 5265.5923 5265.8730 5266.1821 5266.5103 5266.8608 5267.2241 5267.6035 5267.9917 5268.3901 5268.7905 5269.1963 5269.5986 5270.0020 5270.3960 5270.7847 5271.1587 5271.5220 5271.8647 5272.1904 5272.4902 5272.7666 5273.0112 5273.2256 5273.4019 5273.5400 5273.6299
     1.3255   -0.2087 5264.7754 5264.9155 5265.0967 5265.3091 5265.5547 5265.8237 5266.1201 5266.4341 5266.7695 5267.1167 5267.4800 5267.8496 5268.2305 5268.6123 5268.9995 5269.3823 5269.7651 5270.1387 5270.5054 5270.8579 5271.1987 5271.5195 5271.8232 5272.1021 5272.3584 5272.5845 5272.7832 5272.9448 5273.0723 5273.1538
     1.5665   -0.2087 5264.7686 5264.8989 5265.0688 5265.2666 5265.4966 5265.7476 5266.0234 5266.3169 5266.6299 5266.9541 5267.2930 5267.6377 5267.9927 5268.3486 5268.7100 5269.0674 5269.4248 5269.7744 5270.1182 5270.4502 5270.7710 5271.0747 5271.3638 5271.6299 5271.8755 5272.0942 5272.2871 5272.4463 5272.5737 5272.6577
    -1.4460   -0.4174 5264.7676 5264.8975 5265.0659 5265.2627 5265.4902 5265.7393 5266.0146 5266.3062 5266.6187 5266.9419 5267.2803 5267.6250 5267.9795 5268.3359 5268.6973 5269.0547 5269.4126 5269.7622 5270.1064 5270.4380 5270.7598 5271.0640 5271.3530 5271.6196 5271.8667 5272.0859 5272.2803 5272.4404 5272.5688 5272.6548
    -1.2050   -0.4174 5264.7754 5264.9160 5265.0977 5265.3096 5265.5552 5265.8237 5266.1191 5266.4316 5266.7656 5267.1113 5267.4727 5267.8413 5268.2197 5268.6006 5268.9863 5269.3682 5269.7505 5270.1235 5270.4907 5270.8447 5271.1875 5271.5112 5271.8188 5272.1021 5272.3643 5272.5972 5272.8022 5272.9722 5273.1069 5273.1953
    -0.9640   -0.4174 5264.7803 5264.9282 5265.1201 5265.3447 5265.6035 5265.8887 5266.2012 5266.5332 5266.8867 5267.2534 5267.6353 5268.0239 5268.4224 5268.8228 5269.2261 5269.6260 5270.0234 5270.4121 5270.7930 5271.1587 5271.5127 5271.8452 5272.1606 5272.4502 5272.7168 5272.9517 5273.1592 5273.3306 5273.4658 5273.5566
    -0.7230   -0.4174 5264.7861 5264.9419 5265.1426 5265.3784 5265.6494 5265.9468 5266.2734 5266.6206 5266.9902 5267.3735 5267.7744 5268.1836 5268.6045 5269.0278 5269.4575 5269.8838 5270.3101 5270.7275 5271.1377 5271.5337 5271.9165 5272.2783 5272.6211 5272.9370 5273.2271 5273.4839 5273.7085 5273.8931 5274.0366 5274.1284
    -0.4820   -0.4174 5264.7910 5264.9531 5265.1611 5265.4038 5265.6826 5265.9878 5266.3228 5266.6772 5267.0562 5267.4487 5267.8594 5268.2788 5268.7095 5269.1436 5269.5835 5270.0200 5270.4570 5270.8853 5271.3062 5271.7129 5272.1064 5272.4790 5272.8335 5273.1602 5273.4624 5273.7305 5273.9678 5274.1641 5274.3203 5274.4248
    -0.2410   -0.4174 5264.7944 5264.9619 5265.1782 5265.4321 5265.7246 5266.0464 5266.3999 5266.7754 5267.1753 5267.5898 5268.0220 5268.4634 5268.9150 5269.3696 5269.8286 5270.2832 5270.7349 5271.1768 5271.6104 5272.0259 5272.4268 5272.8047 5273.1616 5273.4893 5273.7896 5274.0542 5274.2861 5274.4756 5274.6230 5274.7163
     0.0000   -0.4174 5264.7939 5264.9600 5265.1743 5265.4258 5265.7153 5266.0342 5266.3848 5266.7568 5267.1538 5267.5669 5267.9980 5268.4390 5268.8906 5269.3452 5269.8052 5270.2617 5270.7158 5271.1606 5271.5977 5272.0176 5272.4238 5272.8066 5273.1689 5273.5024 5273.8091 5274.0801 5274.3174 5274.5122 5274.6650 5274.7637
     0.2410   -0.4174 5264.7949 5264.9629 5265.1777 5265.4292 5265.7192 5266.0366 5266.3853 5266.7544 5267.1479 5267.5571 5267.9834 5268.4189 5268.8657 5269.3159 5269.7710 5270.2231 5270.6748 5271.1177 5271.5527 5271.9722 5272.3789 5272.7632 5273.1279 5273.4644 5273.7739 5274.0488 5274.2905 5274.4893 5274.6465 5274.7500
     0.4820   -0.4174 5264.7910 5264.9536 5265.1626 5265.4062 5265.6870 5265.9946 5266.3325 5266.6914 5267.0747 5267.4722 5267.8877 5268.3120 5268.7485 5269.1870 5269.6313 5270.0728 5270.5132 5270.9438 5271.3677 5271.7764 5272.1709 5272.5444 5272.8979 5273.2231 5273.5225 5273.7871 5274.0186 5274.2080 5274.3564 5274.4512
     0.7230   -0.4174 5264.7861 5264.9429 5265.1450 5265.3809 5265.6538 5265.9526 5266.2808 5266.6284 5266.9995 5267.3843 5267.7866 5268.1963 5268.6172 5269.0410 5269.4692 5269.8936 5270.3169 5270.7310 5271.1377 5271.5288 5271.9067 5272.2637 5272.6016 5272.9116 5273.1978 5273.4502 5273.6714 5273.8525 5273.9941 5274.0850
     0.9640   -0.4174 5264.7808 5264.9287 5265.1206 5265.3447 5265.6025 5265.8862 5266.1978 5266.5278 5266.8799 5267.2451 5267.6265 5268.0151 5268.4146 5268.8154 5269.2217 5269.6250 5270.0269 5270.4204 5270.8076 5271.1807 5271.5415 5271.8823 5272.2061 5272.5029 5272.7764 5273.0176 5273.2300 5273.4023 5273.5381 5273.6250
     1.2050   -0.4174 5264.7754 5264.9160 5265.0977 5265.3101 5265.5552 5265.8237 5266.1187 5266.4321 5266.7661 5267.1123 5267.4751 5267.8442 5268.2236 5268.6050 5268.9907 5269.3726 5269.7524 5270.1235 5270.4883 5270.8379 5271.1758 5271.4941 5271.7954 5272.0718 5272.3262 5272.5508 5272.7495 5272.9126 5273.0425 5273.1289
     1.4460   -0.4174 5264.7681 5264.8975 5265.0649 5265.2607 5265.4878 5265.7363 5266.0098 5266.2998 5266.6104 5266.9321 5267.2690 5267.6128 5267.9663 5268.3218 5268.6826 5269.0405 5269.3984 5269.7490 5270.0947 5270.4282 5270.7529 5271.0591 5271.3516 5271.6206 5271.8701 5272.0918 5272.2876 5272.4492 5272.5781 5272.6621
    -1.3255   -0.6261 5264.7676 5264.8975 5265.0649 5265.2617 5265.4902 5265.7407 5266.0171 5266.3110 5266.6240 5266.9502 5267.2910 5267.6392 5267.9976 5268.3584 5268.7241 5269.0859 5269.4487 5269.8027 5270.1514 5270.4868 5270.8120 5271.1187 5271.4097 5271.6763 5271.9224 5272.1401 5272.3311 5272.4878 5272.6108 5272.6909
    -1.0845   -0.6261 5264.7759 5264.9170 5265.0991 5265.3120 5265.5566 5265.8252 5266.1211 5266.4341 5266.7676 5267.1143 5267.4761 5267.8452 5268.2236 5268.6040 5268.9897 5269.3711 5269.7520 5270.1235 5270.4907 5270.8418 5271.1826 5271.5049 5271.8105 5272.0913 5272.3501 5272.5791 5272.7798 5272.9438 5273.0728 5273.1548
    -0.8435   -0.6261 5264.7798 5264.9253 5265.1138 5265.3340 5265.5903 5265.8706 5266.1802 5266.5093 5266.8613 5267.2266 5267.6099 5268.0015 5268.4043 5268.8105 5269.2217 5269.6294 5270.0366 5270.4341 5270.8247 5271.1997 5271.5615 5271.9019 5272.2236 5272.5176 5272.7881 5273.0264 5273.2344 5273.4053 5273.5386 5273.6250
    -0.6025   -0.6261 5264.7871 5264.9448 5265.1484 5265.3862 5265.6616 5265.9629 5266.2935 5266.6421 5267.0151 5267.4009 5267.8032 5268.2129 5268.6333 5269.0552 5269.4819 5269.9038 5270.3247 5270.7349 5271.1392 5271.5273 5271.9033 5272.2573 5272.5942 5272.9028 5273.1880 5273.4399 5273.6616 5273.8433 5273.9854 5274.0781
    -0.3615   -0.6261 5264.7896 5264.9512 5265.1597 5265.4028 5265.6841 5265.9937 5266.3335 5266.6938 5267.0786 5267.4775 5267.8940 5268.3188 5268.7554 5269.1929 5269.6357 5270.0747 5270.5122 5270.9385 5271.3584 5271.7607 5272.1504 5272.5181 5272.8657 5273.1860 5273.4810 5273.7417 5273.9712 5274.1597 5274.3076 5274.4038
    -0.1205   -0.6261 5264.7905 5264.9541 5265.1641 5265.4092 5265.6914 5266.0010 5266.3403 5266.7002 5267.0830 5267.4810 5267.8960 5268.3198 5268.7559 5269.1938 5269.6377 5270.0781 5270.5171 5270.9468 5271.3691 5271.7759 5272.1689 5272.5400 5272.8916 5273.2153 5273.5132 5273.7773 5274.0098 5274.2021 5274.3545 5274.4556
     0.1205   -0.6261 5264.7905 5264.9526 5265.1621 5265.4067 5265.6880 5265.9956 5266.3340 5266.6919 5267.0737 5267.4692 5267.8823 5268.3037 5268.7368 5269.1719 5269.6128 5270.0493 5270.4863 5270.9131 5271.3335 5271.7378 5272.1299 5272.4995 5272.8511 5273.1743 5273.4727 5273.7373 5273.9702 5274.1616 5274.3125 5274.4111
     0.3615   -0.6261 5264.7905 5264.9526 5265.1621 5265.4082 5265.6919 5266.0029 5266.3452 5266.7070 5267.0933 5267.4937 5267.9121 5268.3379 5268.7754 5269.2153 5269.6606 5270.1021 5270.5415 5270.9717 5271.3940 5271.7998 5272.1919 5272.5615 5272.9111 5273.2314 5273.5259 5273.7852 5274.0107 5274.1948 5274.3374 5274.4277
     0.6025   -0.6261 5264.7861 5264.9409 5265.1416 5265.3755 5265.6465 5265.9438 5266.2700 5266.6167 5266.9863 5267.3701 5267.7705 5268.1792 5268.5991 5269.0210 5269.4482 5269.8721 5270.2954 5270.7090 5271.1152 5271.5063 5271.8848 5272.2417 5272.5796 5272.8901 5273.1768 5273.4297 5273.6528 5273.8364 5273.9819 5274.0781
     0.8435   -0.6261 5264.7812 5264.9302 5265.1235 5265.3481 5265.6079 5265.8936 5266.2065 5266.5396 5266.8940 5267.2617 5267.6460 5268.0371 5268.4395 5268.8428 5269.2515 5269.6567 5270.0601 5270.4536 5270.8408 5271.2119 5271.5713 5271.9092 5272.2290 5272.5229 5272.7925 5273.0303 5273.2383 5273.4077 5273.5405 5273.6255
     1.0845   -0.6261 5264.7749 5264.9136 5265.0918 5265.3003 5265.5405 5265.8042 5266.0938 5266.4014 5266.7300 5267.0713 5267.4292 5267.7939 5268.1709 5268.5493 5268.9341 5269.3164 5269.6982 5270.0728 5270.4409 5270.7969 5271.1411 5271.4673 5271.7778 5272.0640 5272.3296 5272.5649 5272.7739 5272.9463 5273.0845 5273.1753
     1.3255   -0.6261 5264.7690 5264.8999 5265.0698 5265.2681 5265.4971 5265.7480 5266.0244 5266.3174 5266.6309 5266.9556 5267.2949 5267.6411 5267.9971 5268.3545 5268.7178 5269.0771 5269.4370 5269.7881 5270.1348 5270.4673 5270.7905 5271.0947 5271.3843 5271.6499 5271.8940 5272.1108 5272.3003 5272.4551 5272.5762 5272.6543
    -1.2050   -0.8348 5264.7681 5264.8989 5265.0679 5265.2646 5265.4932 5265.7437 5266.0195 5266.3110 5266.6240 5266.9482 5267.2871 5267.6323 5267.9888 5268.3452 5268.7080 5269.0669 5269.4253 5269.7754 5270.1201 5270.4521 5270.7725 5271.0747 5271.3623 5271.6265 5271.8706 5272.0869 5272.2783 5272.4351 5272.5610 5272.6440
    -0.9640   -0.8348 5264.7754 5264.9150 5265.0957 5265.3062 5265.5493 5265.8149 5266.1064 5266.4150 5266.7451 5267.0874 5267.4453 5267.8105 5268.1870 5268.5649 5268.9492 5269.3301 5269.7104 5270.0830 5270.4492 5270.8027 5271.1445 5271.4678 5271.7744 5272.0571 5272.3174 5272.5488 5272.7524 5272.9204 5273.0537 5273.1416
    -0.7230   -0.8348 5264.7803 5264.9277 5265.1177 5265.3398 5265.5972 5265.8804 5266.1914 5266.5220 5266.8745 5267.2402 5267.6226 5268.0117 5268.4116 5268.8130 5269.2197 5269.6216 5270.0229 5270.4150 5270.8003 5271.1704 5271.5288 5271.8667 5272.1870 5272.4810 5272.7515 5272.9907 5273.2007 5273.3716 5273.5063 5273.5918
    -0.4820   -0.8348 5264.7866 5264.9419 5265.1431 5265.3779 5265.6484 5265.9458 5266.2729 5266.6201 5266.9907 5267.3755 5267.7778 5268.1890 5268.6113 5269.0366 5269.4668 5269.8945 5270.3213 5270.7378 5271.1475 5271.5415 5271.9214 5272.2798 5272.6187 5272.9292 5273.2139 5273.4648 5273.6836 5273.8618 5274.0010 5274.0884
    -0.2410   -0.8348 5264.7861 5264.9424 5265.1431 5265.3789 5265.6499 5265.9478 5266.2759 5266.6230 5266.9932 5267.3779 5267.7798 5268.1895 5268.6094 5269.0327 5269.4604 5269.8838 5270.3066 5270.7192 5271.1250 5271.5142 5271.8906 5272.2461 5272.5811 5272.8892 5273.1729 5273.4233 5273.6426 5273.8223 5273.9639 5274.0542
     0.0000   -0.8348 5264.7856 5264.9399 5265.1401 5265.3740 5265.6445 5265.9419 5266.2695 5266.6172 5266.9883 5267.3740 5267.7769 5268.1890 5268.6123 5269.0381 5269.4692 5269.8965 5270.3232 5270.7402 5271.1504 5271.5444 5271.9263 5272.2856 5272.6265 5272.9395 5273.2271 5273.4810 5273.7031 5273.8857 5274.0278 5274.1191
     0.2410   -0.8348 5264.7861 5264.9414 5265.1431 5265.3789 5265.6504 5265.9487 5266.2764 5266.6240 5266.9941 5267.3774 5267.7778 5268.1855 5268.6045 5269.0254 5269.4517 5269.8735 5270.2944 5270.7056 5271.1104 5271.4990 5271.8755 5272.2314 5272.5684 5272.8794 5273.1660 5273.4199 5273.6440 5273.8286 5273.9756 5274.0732
     0.4820   -0.8348 5264.7866 5264.9429 5265.1431 5265.3774 5265.6470 5265.9424 5266.2671 5266.6113 5266.9780 5267.3599 5267.7583 5268.1655 5268.5850 5269.0059 5269.4326 5269.8560 5270.2783 5270.6919 5271.0986 5271.4897 5271.8682 5272.2261 5272.5649 5272.8765 5273.1626 5273.4150 5273.6367 5273.8169 5273.9590 5274.0493
     0.7230   -0.8348 5264.7808 5264.9282 5265.1196 5265.3428 5265.6001 5265.8818 5266.1899 5266.5171 5266.8652 5267.2256 5267.6021 5267.9858 5268.3794 5268.7749 5269.1763 5269.5737 5269.9702 5270.3594 5270.7412 5271.1099 5271.4673 5271.8052 5272.1270 5272.4238 5272.6982 5272.9424 5273.1577 5273.3350 5273.4756 5273.5679
     0.9640   -0.8348 5264.7749 5264.9136 5265.0923 5265.3018 5265.5439 5265.8110 5266.1045 5266.4160 5266.7490 5267.0952 5267.4575 5267.8276 5268.2085 5268.5908 5268.9785 5269.3633 5269.7476 5270.1230 5270.4932 5270.8486 5271.1929 5271.5176 5271.8242 5272.1060 5272.3662 5272.5942 5272.7944 5272.9570 5273.0854 5273.1670
     1.2050   -0.8348 5264.7690 5264.9014 5265.0728 5265.2729 5265.5049 5265.7588 5266.0381 5266.3345 5266.6499 5266.9771 5267.3188 5267.6670 5268.0244 5268.3828 5268.7456 5269.1045 5269.4629 5269.8125 5270.1553 5270.4849 5270.8037 5271.1030 5271.3867 5271.6470 5271.8872 5272.0986 5272.2847 5272.4365 5272.5562 5272.6338
    -1.0845   -1.0436 5264.7676 5264.8975 5265.0649 5265.2603 5265.4868 5265.7358 5266.0103 5266.3008 5266.6128 5266.9365 5267.2759 5267.6216 5267.9785 5268.3364 5268.7002 5269.0605 5269.4204 5269.7725 5270.1191 5270.4531 5270.7769 5271.0830 5271.3735 5271.6416 5271.8892 5272.1079 5272.3013 5272.4595 5272.5850 5272.6665
    -0.8435   -1.0436 5264.7764 5264.9180 5265.1011 5265.3145 5265.5620 5265.8330 5266.1309 5266.4468 5266.7842 5267.1323 5267.4966 5267.8667 5268.2476 5268.6284 5269.0146 5269.3965 5269.7773 5270.1479 5270.5132 5270.8638 5271.2026 5271.5229 5271.8257 5272.1045 5272.3613 5272.5884 5272.7881 5272.9512 5273.0806 5273.1636
    -0.6025   -1.0436 5264.7798 5264.9268 5265.1167 5265.3389 5265.5952 5265.8765 5266.1865 5266.5151 5266.8657 5267.2295 5267.6099 5267.9971 5268.3955 5268.7954 5269.2002 5269.6016 5270.0020 5270.3931 5270.7783 5271.1479 5271.5059 5271.8433 5272.1636 5272.4575 5272.7271 5272.9653 5273.1738 5273.3433 5273.4756 5273.5605
    -0.3615   -1.0436 5264.7808 5264.9282 5265.1191 5265.3418 5265.5986 5265.8799 5266.1885 5266.5161 5266.8662 5267.2295 5267.6094 5267.9976 5268.3975 5268.7993 5269.2075 5269.6128 5270.0171 5270.4126 5270.8022 5271.1768 5271.5391 5271.8804 5272.2041 5272.5010 5272.7744 5273.0151 5273.2266 5273.3994 5273.5352 5273.6230
    -0.1205   -1.0436 5264.7808 5264.9287 5265.1201 5265.3442 5265.6021 5265.8853 5266.1968 5266.5264 5266.8779 5267.2422 5267.6221 5268.0098 5268.4082 5268.8081 5269.2144 5269.6157 5270.0181 5270.4111 5270.7983 5271.1714 5271.5332 5271.8745 5272.1982 5272.4971 5272.7725 5273.0156 5273.2305 5273.4062 5273.5444 5273.6338
     0.1205   -1.0436 5264.7803 5264.9282 5265.1201 5265.3447 5265.6040 5265.8882 5266.1997 5266.5303 5266.8833 5267.2485 5267.6309 5268.0205 5268.4214 5268.8237 5269.2314 5269.6357 5270.0381 5270.4321 5270.8184 5271.1890 5271.5483 5271.8857 5272.2056 5272.4990 5272.7690 5273.0088 5273.2188 5273.3911 5273.5273 5273.6157
     0.3615   -1.0436 5264.7803 5264.9277 5265.1172 5265.3389 5265.5938 5265.8740 5266.1816 5266.5083 5266.8564 5267.2188 5267.5972 5267.9834 5268.3799 5268.7793 5269.1836 5269.5840 5269.9849 5270.3760 5270.7598 5271.1299 5271.4873 5271.8242 5272.1436 5272.4375 5272.7080 5272.9468 5273.1572 5273.3291 5273.4658 5273.5537
     0.6025   -1.0436 5264.7812 5264.9302 5265.1235 5265.3486 5265.6084 5265.8936 5266.2056 5266.5366 5266.8896 5267.2554 5267.6367 5268.0259 5268.4258 5268.8267 5269.2324 5269.6343 5270.0352 5270.4258 5270.8096 5271.1782 5271.5342 5271.8696 5272.1870 5272.4780 5272.7451 5272.9805 5273.1865 5273.3550 5273.4878 5273.5728
     0.8435   -1.0436 5264.7749 5264.9141 5265.0942 5265.3042 5265.5474 5265.8140 5266.1084 5266.4214 5266.7549 5267.1025 5267.4653 5267.8354 5268.2163 5268.5986 5268.9863 5269.3706 5269.7539 5270.1284 5270.4961 5270.8486 5271.1899 5271.5117 5271.8154 5272.0933 5272.3496 5272.5752 5272.7729 5272.9341 5273.0605 5273.1401
     1.0845   -1.0436 5264.7690 5264.8994 5265.0703 5265.2700 5265.5000 5265.7529 5266.0317 5266.3267 5266.6416 5266.9688 5267.3110 5267.6597 5268.0181 5268.3784 5268.7437 5269.1050 5269.4668 5269.8193 5270.1665 5270.5005 5270.8232 5271.1279 5271.4170 5271.6826 5271.9268 5272.1426 5272.3320 5272.4868 5272.6089 5272.6870
    -0.9640   -1.2523 5264.7681 5264.8979 5265.0669 5265.2642 5265.4927 5265.7432 5266.0190 5266.3115 5266.6245 5266.9497 5267.2896 5267.6362 5267.9932 5268.3530 5268.7178 5269.0791 5269.4414 5269.7944 5270.1431 5270.4780 5270.8027 5271.1084 5271.3989 5271.6655 5271.9121 5272.1289 5272.3208 5272.4775 5272.6016 5272.6821
    -0.7230   -1.2523 5264.7754 5264.9150 5265.0947 5265.3042 5265.5459 5265.8115 5266.1030 5266.4126 5266.7432 5267.0869 5267.4458 5267.8130 5268.1909 5268.5698 5268.9546 5269.3354 5269.7158 5270.0874 5270.4531 5270.8042 5271.1440 5271.4658 5271.7695 5272.0488 5272.3071 5272.5352 5272.7358 5272.8999 5273.0308 5273.1152
    -0.4820   -1.2523 5264.7754 5264.9160 5265.0977 5265.3101 5265.5552 5265.8242 5266.1196 5266.4331 5266.7676 5267.1147 5267.4771 5267.8472 5268.2275 5268.6099 5268.9971 5269.3809 5269.7637 5270.1382 5270.5063 5270.8599 5271.2017 5271.5239 5271.8291 5272.1089 5272.3662 5272.5938 5272.7920 5272.9536 5273.0806 5273.1602
    -0.2410   -1.2523 5264.7749 5264.9131 5265.0928 5265.3022 5265.5454 5265.8125 5266.1064 5266.4194 5266.7539 5267.1011 5267.4639 5267.8340 5268.2153 5268.5972 5268.9834 5269.3667 5269.7480 5270.1201 5270.4854 5270.8354 5271.1738 5271.4917 5271.7915 5272.0669 5272.3193 5272.5420 5272.7368 5272.8965 5273.0220 5273.1025
     0.0000   -1.2523 5264.7749 5264.9141 5265.0938 5265.3032 5265.5454 5265.8115 5266.1035 5266.4131 5266.7441 5267.0874 5267.4463 5267.8120 5268.1890 5268.5669 5268.9497 5269.3291 5269.7080 5270.0786 5270.4424 5270.7925 5271.1323 5271.4526 5271.7563 5272.0356 5272.2935 5272.5220 5272.7231 5272.8877 5273.0190 5273.1055
     0.2410   -1.2523 5264.7754 5264.9160 5265.0967 5265.3076 5265.5508 5265.8179 5266.1118 5266.4238 5266.7568 5267.1030 5267.4639 5267.8330 5268.2109 5268.5913 5268.9756 5269.3564 5269.7378 5270.1089 5270.4741 5270.8262 5271.1670 5271.4883 5271.7930 5272.0732 5272.3320 5272.5605 5272.7612 5272.9253 5273.0542 5273.1377
     0.4820   -1.2523 5264.7749 5264.9146 5265.0952 5265.3062 5265.5498 5265.8164 5266.1094 5266.4194 5266.7495 5267.0923 5267.4497 5267.8135 5268.1885 5268.5645 5268.9448 5269.3228 5269.7002 5270.0693 5270.4331 5270.7837 5271.1240 5271.4448 5271.7505 5272.0322 5272.2930 5272.5239 5272.7290 5272.8984 5273.0332 5273.1221
     0.7230   -1.2523 5264.7754 5264.9160 5265.0977 5265.3105 5265.5576 5265.8276 5266.1245 5266.4395 5266.7754 5267.1226 5267.4858 5267.8555 5268.2354 5268.6172 5269.0034 5269.3857 5269.7671 5270.1396 5270.5059 5270.8574 5271.1973 5271.5176 5271.8198 5272.0977 5272.3525 5272.5771 5272.7734 5272.9331 5273.0576 5273.1357
     0.9640   -1.2523 5264.7686 5264.8989 5265.0674 5265.2637 5265.4897 5265.7373 5266.0103 5266.2988 5266.6074 5266.9282 5267.2642 5267.6069 5267.9600 5268.3154 5268.6758 5269.0337 5269.3926 5269.7437 5270.0903 5270.4238 5270.7485 5271.0562 5271.3491 5271.6196 5271.8701 5272.0928 5272.2905 5272.4536 5272.5840 5272.6709
    -0.6025   -1.4610 5264.7681 5264.8989 5265.0674 5265.2642 5265.4922 5265.7417 5266.0166 5266.3071 5266.6182 5266.9409 5267.2783 5267.6230 5267.9775 5268.3340 5268.6958 5269.0547 5269.4136 5269.7646 5270.1108 5270.4448 5270.7686 5271.0742 5271.3647 5271.6323 5271.8799 5272.0991 5272.2935 5272.4531 5272.5811 5272.6650
    -0.3615   -1.4610 5264.7686 5264.8984 5265.0674 5265.2646 5265.4941 5265.7446 5266.0210 5266.3130 5266.6255 5266.9497 5267.2886 5267.6343 5267.9897 5268.3477 5268.7095 5269.0684 5269.4277 5269.7783 5270.1245 5270.4575 5270.7803 5271.0859 5271.3770 5271.6450 5271.8936 5272.1143 5272.3101 5272.4712 5272.6006 5272.6855
    -0.1205   -1.4610 5264.7681 5264.8979 5265.0659 5265.2607 5265.4858 5265.7334 5266.0054 5266.2939 5266.6025 5266.9229 5267.2588 5267.6011 5267.9546 5268.3101 5268.6709 5269.0298 5269.3892 5269.7417 5270.0889 5270.4243 5270.7505 5271.0586 5271.3530 5271.6240 5271.8745 5272.0986 5272.2959 5272.4590 5272.5903 5272.6777
     0.1205   -1.4610 5264.7681 5264.8979 5265.0669 5265.2651 5265.4961 5265.7480 5266.0264 5266.3218 5266.6372 5266.9653 5267.3081 5267.6582 5268.0181 5268.3799 5268.7466 5269.1099 5269.4727 5269.8267 5270.1748 5270.5093 5270.8335 5271.1377 5271.4268 5271.6919 5271.9360 5272.1509 5272.3408 5272.4951 5272.6177 5272.6968
     0.3615   -1.4610 5264.7681 5264.8984 5265.0664 5265.2617 5265.4873 5265.7344 5266.0054 5266.2930 5266.6006 5266.9185 5267.2524 5267.5933 5267.9438 5268.2983 5268.6572 5269.0142 5269.3716 5269.7217 5270.0684 5270.4023 5270.7271 5271.0342 5271.3276 5271.5986 5271.8496 5272.0728 5272.2715 5272.4351 5272.5664 5272.6533
     0.6025   -1.4610 5264.7681 5264.8975 5265.0654 5265.2612 5265.4883 5265.7373 5266.0122 5266.3042 5266.6162 5266.9404 5267.2803 5267.6265 5267.9839 5268.3423 5268.7061 5269.0664 5269.4268 5269.7788 5270.1255 5270.4595 5270.7817 5271.0864 5271.3755 5271.6411 5271.8872 5272.1045 5272.2959 5272.4531 5272.5781 5272.6597
