      -0.60      1.46  48556.85  48626.90  48749.76  48866.59  49005.54  49161.05  49333.68  49527.38  49744.90  49990.91  50269.81  50586.53  50946.65  51354.89  51812.66  52244.38  52727.46  53260.54  53837.41  54454.11  55109.33  55795.19  56507.76  57235.91  57973.77  58708.08  59432.19  60132.30  60792.11  61427.85
      -0.36      1.46  48560.01  48630.01  48752.51  48868.90  49007.19  49161.92  49333.52  49526.18  49742.42  49987.24  50264.64  50580.10  50938.68  51345.77  51802.08  52233.12  52714.75  53246.88  53822.43  54438.37  55092.60  55778.11  56490.21  57218.55  57956.70  58691.92  59417.07  60118.45  60779.87  61418.99
      -0.12      1.46  48554.61  48624.26  48748.09  48864.84  49004.05  49158.88  49331.32  49524.10  49741.24  49986.34  50264.81  50580.77  50940.60  51348.39  51806.02  52237.76  52720.55  53253.37  53829.95  54446.64  55101.87  55788.32  56501.58  57231.28  57970.79  58707.77  59434.38  60137.40  60798.66  61433.99
       0.12      1.46  48536.61  48606.57  48728.69  48845.11  48983.37  49138.64  49310.74  49504.41  49721.56  49967.77  50246.41  50563.53  50923.61  51332.54  51790.55  52223.88  52707.16  53241.23  53818.58  54436.53  55092.80  55780.65  56495.21  57226.41  57967.66  58706.30  59435.20  60140.52  60805.74  61447.37
       0.36      1.46  48562.29  48632.37  48755.83  48872.80  49012.26  49167.94  49341.19  49535.14  49753.33  49999.61  50279.10  50596.01  50956.67  51365.13  51823.37  52254.91  52738.15  53270.95  53847.56  54463.75  55118.55  55803.87  56515.99  57243.83  57981.51  58715.97  59440.29  60140.61  60800.18  61435.62
       0.60      1.46  48531.66  48601.58  48723.97  48840.83  48979.66  49135.63  49308.69  49503.46  49722.02  49969.70  50250.13  50568.92  50930.95  51341.58  51801.62  52236.29  52721.86  53257.77  53837.32  54456.85  55114.74  55803.35  56518.54  57249.31  57989.69  58726.55  59453.17  60155.65  60817.69  61455.27
      -0.96      1.25  48570.97  48641.12  48763.00  48879.22  49017.08  49171.82  49343.22  49535.97  49752.18  49997.08  50274.58  50590.06  50948.81  51355.80  51812.36  52242.76  52724.96  53257.23  53833.62  54449.92  55105.17  55791.17  56504.36  57233.20  57972.30  58707.86  59433.72  60135.28  60796.46  61431.50
      -0.72      1.25  48558.02  48628.91  48752.81  48872.06  49014.45  49174.79  49353.93  49557.01  49786.90  50049.83  50350.14  50694.71  51088.68  51536.80  52001.79  52469.94  53015.03  53613.72  54264.22  54962.33  55704.15  56481.28  57286.90  58108.52  58937.02  59757.40  60552.84  61262.61  61817.21  62392.34
      -0.48      1.25  48569.34  48640.31  48764.22  48883.37  49025.77  49185.90  49364.97  49567.73  49797.52  50060.13  50360.58  50705.21  51100.06  51549.27  52014.68  52485.60  53033.10  53633.94  54287.68  54989.19  55735.55  56517.35  57328.71  58156.17  58991.41  59819.09  60618.86  61318.59  61881.14  62455.96
      -0.24      1.25  48551.37  48622.55  48745.96  48865.17  49007.32  49167.71  49346.64  49549.96  49779.95  50043.56  50344.64  50690.74  51086.71  51537.88  52004.86  52477.84  53026.52  53628.92  54283.47  54986.25  55733.30  56516.39  57328.71  58157.89  58994.83  59824.95  60627.14  61329.72  61894.37  62471.61
       0.00      1.25  48547.84  48618.85  48743.15  48862.70  49005.45  49165.98  49345.43  49548.76  49779.10  50042.60  50343.93  50689.90  51086.11  51537.29  52004.67  52477.91  53027.05  53629.75  54284.81  54988.00  55735.54  56518.98  57331.61  58161.00  58998.07  59828.45  60630.93  61334.39  61898.95  62475.96
       0.24      1.25  48539.62  48611.16  48735.90  48856.53  49001.07  49163.75  49345.83  49551.82  49785.27  50051.66  50356.33  50705.22  51104.84  51558.82  52028.72  52504.70  53057.12  53662.41  54320.75  55026.22  55776.53  56561.49  57375.77  58205.25  59042.33  59870.98  60671.20  61368.92  61930.90  62503.19
       0.48      1.25  48529.32  48600.34  48724.94  48845.05  48988.85  49150.84  49332.18  49537.72  49770.46  50036.51  50340.28  50688.64  51086.82  51539.82  52008.53  52483.05  53033.17  53637.08  54292.74  54996.61  55744.01  56527.40  57339.01  58167.48  59002.70  59831.50  60632.32  61336.84  61900.97  62480.35
       0.72      1.25  48556.77  48628.42  48752.51  48872.98  49017.11  49179.73  49361.43  49567.25  49800.09  50065.89  50369.40  50716.84  51114.13  51565.05  52032.41  52503.29  53051.61  53652.81  54306.57  55007.01  55751.74  56530.55  57338.25  58160.44  58989.69  59809.20  60602.69  61303.27  61856.68  62427.14
       0.96      1.25  48591.83  48661.11  48783.38  48898.40  49034.65  49186.65  49355.21  49544.37  49756.90  49997.71  50270.94  50581.99  50936.07  51338.51  51790.22  52217.47  52694.65  53222.85  53794.72  54407.37  55058.55  55741.51  56451.38  57178.13  57914.98  58649.68  59374.71  60076.93  60738.90  61376.78
      -1.08      1.04  48592.11  48661.65  48783.34  48898.15  49034.20  49186.27  49354.81  49544.11  49756.73  49997.75  50271.21  50582.65  50937.23  51340.37  51792.92  52220.67  52698.90  53227.98  53800.80  54414.43  55066.68  55750.80  56461.88  57189.96  57928.14  58664.30  59390.79  60094.27  60757.49  61396.98
      -0.84      1.04  48580.37  48651.53  48775.91  48895.33  49038.22  49198.65  49378.29  49581.48  49812.04  50075.33  50376.87  50722.45  51118.74  51569.20  52035.38  52507.93  53057.31  53659.73  54315.46  55018.39  55766.19  56548.57  57360.04  58186.40  59019.76  59844.34  60639.82  61332.12  61890.39  62460.52
      -0.60      1.04  48575.28  48647.47  48772.75  48894.39  49040.03  49204.37  49388.91  49599.53  49839.64  50116.68  50435.61  50804.81  51230.08  51714.73  52171.64  52701.99  53302.45  53965.32  54688.06  55466.45  56294.79  57163.89  58064.55  58982.57  59906.86  60794.89  61504.38  62168.51  62753.17  63346.76
      -0.36      1.04  48548.12  48621.32  48748.50  48873.11  49023.18  49192.22  49382.73  49598.95  49846.09  50129.32  50456.25  50832.55  51267.56  51760.80  52224.83  52765.82  53376.90  54048.35  54781.95  55569.33  56408.61  57286.61  58197.61  59124.12  60058.10  60949.63  61638.18  62303.65  62890.87  63485.48
      -0.12      1.04  48538.27  48611.31  48737.86  48861.72  49010.21  49177.72  49365.95  49580.27  49824.73  50106.04  50430.25  50804.89  51237.46  51729.65  52192.90  52733.10  53342.27  54013.04  54744.92  55532.09  56370.54  57249.44  58161.25  59090.60  60027.85  60925.16  61621.91  62293.45  62885.78  63486.26
       0.12      1.04  48520.76  48593.84  48720.21  48844.38  48993.59  49162.35  49352.21  49568.70  49815.74  50099.99  50427.53  50805.66  51242.12  51738.13  52204.88  52749.22  53362.94  54038.03  54774.88  55566.76  56410.61  57294.43  58211.70  59145.83  60087.64  60987.21  61678.60  62350.43  62943.59  63543.15
       0.36      1.04  48502.59  48575.77  48702.75  48827.59  48977.80  49147.65  49338.87  49556.71  49805.17  50090.77  50419.45  50798.56  51235.46  51731.77  52198.97  52742.87  53355.65  54029.87  54764.87  55554.90  56395.80  57276.96  58190.60  59121.70  60060.43  60959.15  61657.35  62330.61  62925.19  63527.66
       0.60      1.04  48539.93  48612.54  48739.23  48862.91  49011.76  49179.70  49368.85  49584.05  49829.61  50111.75  50436.62  50811.13  51242.57  51732.48  52194.92  52730.27  53336.36  54003.68  54731.51  55513.45  56345.72  57216.94  58119.61  59037.56  59961.21  60846.30  61550.12  62209.79  62789.78  63378.17
       0.84      1.04  48556.39  48628.03  48751.77  48872.10  49015.94  49178.38  49359.71  49565.34  49797.90  50063.64  50367.12  50714.85  51112.69  51564.74  52032.47  52505.64  53055.20  53657.43  54312.46  55014.26  55760.69  56541.33  57351.20  58175.89  59008.01  59831.49  60627.14  61322.24  61880.94  62452.77
       1.08      1.04  48573.48  48643.34  48765.57  48881.62  49019.23  49173.35  49344.09  49535.91  49751.04  49994.70  50270.66  50584.55  50941.27  51346.31  51800.33  52229.16  52707.95  53237.16  53809.61  54422.30  55073.13  55755.23  56463.91  57189.12  57924.30  58657.18  59380.50  60080.99  60742.25  61381.98
      -1.21      0.83  48602.24  48671.98  48794.15  48909.37  49045.90  49198.09  49366.78  49555.91  49768.45  50009.15  50282.46  50593.55  50947.97  51350.77  51803.17  52230.15  52708.23  53236.80  53809.31  54422.32  55074.08  55757.23  56467.24  57193.53  57929.65  58662.85  59385.80  60085.08  60743.95  61380.43
      -0.96      0.83  48569.61  48640.99  48764.78  48884.35  49027.16  49187.96  49367.47  49570.77  49800.89  50063.91  50364.64  50709.66  51104.89  51554.69  52020.21  52491.89  53039.68  53640.78  54294.72  54996.41  55742.92  56524.86  57336.28  58163.89  58999.42  59827.58  60627.64  61325.88  61888.17  62461.54
      -0.72      0.83  48567.14  48639.77  48765.52  48888.31  49035.79  49202.29  49389.69  49603.15  49847.01  50127.53  50451.22  50824.92  51256.80  51747.73  52209.33  52748.36  53357.03  54026.98  54758.68  55545.09  56383.16  57260.79  58171.34  59098.13  60032.35  60924.82  61614.72  62281.33  62869.58  63464.64
      -0.48      0.83  48542.56  48616.52  48744.19  48870.61  49023.11  49196.11  49391.99  49616.87  49875.57  50175.72  50524.42  50930.13  51399.66  51901.92  52406.83  53009.87  53686.64  54434.46  55252.74  56133.95  57073.10  58056.37  59074.47  60099.35  61041.82  61821.74  62564.51  63268.47  63915.25  64557.55
      -0.24      0.83  48519.98  48593.74  48721.65  48847.77  48999.28  49171.09  49365.28  49588.71  49845.45  50144.36  50491.40  50896.82  51366.23  51869.21  52376.61  52982.63  53660.97  54412.27  55233.65  56120.59  57065.70  58058.30  59087.21  60125.02  61070.74  61871.66  62629.42  63352.16  64014.79  64673.09
       0.00      0.83  48504.17  48579.23  48708.26  48836.97  48992.24  49168.42  49367.80  49596.35  49859.05  50163.35  50516.77  50927.67  51403.76  51910.51  52424.65  53035.25  53719.29  54474.37  55300.66  56190.44  57139.27  58133.32  59164.41  60200.99  61139.04  61937.27  62689.16  63405.87  64062.30  64715.00
       0.24      0.83  48500.09  48574.37  48702.87  48830.21  48983.25  49156.84  49352.95  49578.42  49837.23  50138.26  50487.36  50894.87  51366.29  51871.30  52380.59  52988.51  53668.52  54421.43  55244.14  56132.29  57078.08  58071.06  59099.76  60137.11  61082.78  61881.64  62637.49  63357.60  64017.58  64674.23
       0.48      0.83  48527.63  48602.26  48730.82  48858.98  49014.08  49190.10  49389.66  49618.17  49881.03  50185.00  50538.01  50947.45  51421.17  51926.18  52434.90  53040.62  53720.41  54470.00  55290.13  56171.62  57110.76  58092.25  59107.86  60128.80  61066.55  61840.99  62578.49  63276.89  63918.89  64557.50
       0.72      0.83  48543.97  48616.31  48742.14  48864.78  49011.75  49177.90  49364.68  49578.02  49821.32  50101.92  50424.98  50798.79  51229.78  51720.69  52182.46  52721.04  53328.28  53997.85  54727.94  55514.14  56351.05  57229.24  58139.63  59068.31  60004.02  60900.07  61595.38  62266.82  62860.01  63461.91
       0.96      0.83  48578.34  48650.07  48776.34  48897.49  49042.62  49204.72  49386.32  49590.77  49822.78  50086.77  50389.11  50734.83  51131.31  51581.41  52047.08  52518.50  53066.18  53666.45  54319.51  55019.73  55764.57  56544.46  57353.63  58178.87  59011.76  59837.55  60634.31  61327.04  61887.24  62458.25
       1.21      0.83  48572.84  48642.56  48765.40  48881.67  49020.10  49174.66  49346.44  49538.94  49755.36  49999.95  50277.48  50592.63  50951.31  51358.06  51814.46  52244.64  52726.31  53257.89  53833.34  54448.72  55102.73  55787.55  56499.17  57226.53  57963.63  58697.36  59420.80  60120.14  60778.63  61412.08
      -1.33      0.63  48602.30  48671.98  48792.38  48906.81  49042.02  49193.88  49361.65  49550.71  49762.60  50003.31  50276.06  50587.06  50940.94  51343.48  51795.28  52221.80  52699.37  53227.57  53799.78  54412.59  55064.50  55747.92  56458.92  57186.40  57924.68  58660.23  59386.75  60089.58  60752.44  61388.52
      -1.08      0.63  48598.08  48668.78  48792.39  48910.60  49051.55  49209.83  49386.66  49586.98  49814.00  50073.80  50371.20  50712.92  51104.78  51551.34  52013.58  52482.18  53026.70  53624.77  54275.44  54974.19  55717.49  56496.74  57305.40  58131.03  58964.83  59792.29  60592.05  61291.42  61854.42  62428.55
      -0.84      0.63  48587.85  48661.01  48787.31  48910.45  49058.02  49224.13  49410.69  49622.80  49864.82  50143.06  50464.01  50834.79  51263.43  51751.13  52209.15  52744.64  53349.11  54015.07  54742.44  55525.29  56359.81  57235.20  58143.99  59071.11  60006.63  60902.30  61593.48  62264.66  62857.90  63459.52
      -0.60      0.63  48538.22  48613.10  48741.55  48869.33  49023.18  49197.47  49394.46  49620.34  49879.88  50180.93  50530.62  50937.83  51409.69  51912.61  52422.28  53029.14  53709.30  54461.05  55283.75  56170.33  57115.40  58105.88  59132.50  60165.10  61100.29  61893.90  62642.31  63355.50  64008.79  64658.44
      -0.36      0.63  48510.58  48586.05  48714.70  48844.57  49000.45  49178.45  49380.35  49614.20  49884.23  50200.52  50569.72  51003.21  51505.74  52008.96  52571.45  53229.10  53967.64  54786.40  55683.41  56650.92  57682.10  58763.10  59874.36  60916.16  61784.40  62619.93  63435.15  64203.72  64903.87  65595.63
      -0.12      0.63  48500.37  48576.89  48707.48  48839.83  48999.28  49180.64  49386.74  49623.97  49898.26  50217.83  50591.50  51028.69  51536.69  52041.70  52611.43  53273.51  54017.48  54840.95  55743.96  56717.21  57755.54  58844.35  59963.54  60997.60  61878.42  62722.18  63546.11  64320.52  65024.75  65719.80
       0.12      0.63  48494.21  48570.24  48700.64  48832.46  48991.34  49172.28  49378.16  49615.54  49890.16  50210.45  50584.90  51023.23  51532.40  52039.05  52610.28  53274.13  54019.85  54845.22  55750.10  56725.19  57765.23  58855.36  59975.07  61007.96  61888.25  62730.84  63552.96  64325.61  65028.21  65722.57
       0.36      0.63  48488.60  48564.60  48694.56  48826.35  48985.25  49166.59  49372.66  49610.58  49885.29  50205.87  50579.78  51017.33  51524.12  52030.26  52596.35  53256.70  53997.92  54818.67  55717.58  56686.45  57718.92  58801.00  59912.93  60952.29  61822.04  62658.15  63475.88  64246.87  64949.22  65641.91
       0.60      0.63  48510.55  48585.32  48714.48  48843.00  48997.93  49173.67  49372.48  49600.55  49862.54  50166.34  50518.86  50929.08  51403.94  51910.24  52422.87  53032.70  53715.79  54470.49  55296.17  56185.75  57134.17  58127.93  59158.23  60193.42  61129.02  61925.22  62675.04  63390.00  64044.93  64695.09
       0.84      0.63  48530.26  48603.35  48729.79  48854.01  49003.08  49171.59  49360.89  49576.56  49822.27  50104.89  50430.16  50805.74  51238.93  51731.54  52195.03  52735.00  53343.54  54013.49  54744.22  55530.22  56367.33  57245.10  58155.85  59084.63  60021.53  60918.98  61615.58  62287.82  62881.44  63482.90
       1.08      0.63  48544.84  48616.13  48740.28  48860.35  49003.96  49165.76  49346.52  49551.31  49783.02  50047.80  50350.20  50697.03  51093.81  51545.21  52012.36  52485.10  53033.34  53634.75  54288.04  54989.07  55733.94  56514.38  57323.50  58149.19  58982.28  59808.82  60608.19  61311.90  61874.15  62451.33
       1.33      0.63  48564.26  48633.98  48756.97  48873.35  49011.80  49166.27  49337.90  49530.24  49746.44  49990.92  50268.23  50583.33  50941.77  51348.47  51804.54  52234.91  52716.04  53247.41  53822.09  54437.09  55090.15  55774.57  56485.27  57212.52  57949.29  58683.85  59408.23  60109.92  60771.07  61409.16
      -1.45      0.42  48662.71  48732.04  48853.29  48966.48  49100.33  49249.04  49413.75  49598.19  49805.62  50040.59  50307.86  50612.53  50960.37  51356.43  51802.14  52222.60  52694.46  53217.26  53784.42  54392.61  55040.11  55719.65  56426.69  57150.80  57885.41  58617.94  59340.99  60040.97  60700.59  61334.93
      -1.21      0.42  48623.97  48695.38  48819.47  48938.34  49080.11  49238.83  49416.06  49616.04  49842.74  50101.38  50397.83  50737.71  51128.12  51572.33  52032.54  52498.57  53041.26  53636.85  54285.87  54982.26  55723.96  56500.70  57307.30  58129.65  58960.07  59782.84  60577.96  61272.61  61830.50  62400.49
      -0.96      0.42  48586.80  48659.36  48784.41  48906.24  49052.09  49216.77  49401.73  49612.69  49853.48  50130.99  50451.25  50821.80  51250.36  51738.38  52197.31  52733.68  53339.55  54007.03  54736.55  55521.39  56358.52  57236.09  58147.59  59076.41  60013.64  60909.44  61600.04  62269.52  62860.73  63458.51
      -0.72      0.42  48526.02  48600.06  48726.98  48853.03  49004.33  49176.50  49370.79  49594.77  49851.89  50151.52  50499.24  50905.60  51376.20  51879.85  52388.93  52996.18  53676.09  54428.57  55251.77  56139.98  57087.01  58080.75  59111.48  60149.32  61090.78  61890.87  62645.27  63364.70  64024.02  64679.97
      -0.48      0.42  48540.77  48616.44  48746.60  48877.02  49034.04  49212.14  49414.87  49648.20  49918.63  50233.95  50603.48  51036.33  51540.18  52041.19  52607.02  53265.24  54005.70  54825.83  55725.92  56696.60  57732.91  58820.04  59937.64  60969.41  61849.79  62693.54  63517.35  64291.78  64995.78  65689.56
      -0.24      0.42  48502.51  48579.63  48710.54  48844.77  49006.12  49190.44  49400.55  49643.85  49926.40  50257.72  50646.91  51104.89  51636.57  52140.26  52752.00  53453.82  54244.27  55121.02  56082.84  57121.76  58230.41  59394.73  60563.41  61493.06  62419.03  63323.03  64194.43  65011.25  65750.79  66478.59
       0.00      0.42  48474.03  48550.54  48680.87  48814.35  48974.56  49158.18  49367.48  49610.87  49893.46  50226.00  50616.43  51077.16  51611.71  52120.18  52737.33  53445.24  54242.14  55127.05  56098.07  57148.28  58269.95  59448.77  60629.29  61565.21  62507.21  63428.35  64315.16  65145.64  65897.69  66635.85
       0.24      0.42  48453.82  48531.18  48663.13  48799.19  48963.39  49151.36  49365.99  49614.37  49902.59  50239.87  50635.32  51099.61  51637.54  52147.36  52765.11  53472.46  54268.08  55149.45  56115.38  57157.64  58269.02  59435.20  60605.11  61534.84  62460.33  63362.90  64232.35  65047.08  65784.71  66511.29
       0.48      0.42  48481.61  48557.84  48688.57  48821.00  48980.51  49162.31  49368.90  49607.14  49882.28  50203.21  50577.77  51016.33  51524.99  52031.70  52601.50  53264.03  54007.27  54830.24  55731.55  56703.27  57738.92  58825.27  59941.39  60976.45  61854.57  62696.41  63518.82  64293.57  64999.59  65698.91
       0.72      0.42  48490.69  48565.90  48694.81  48824.10  48980.16  49157.71  49358.47  49588.82  49853.19  50159.51  50514.69  50927.60  51405.40  51914.06  52429.63  53041.60  53726.60  54482.45  55309.06  56198.76  57146.98  58139.79  59169.08  60203.39  61139.49  61934.72  62684.11  63398.26  64053.17  64705.45
       0.96      0.42  48530.53  48603.21  48730.15  48854.14  49003.33  49171.68  49361.37  49577.31  49823.87  50107.24  50433.82  50810.61  51245.51  51739.63  52204.31  52746.12  53356.68  54028.44  54761.15  55548.80  56387.43  57266.22  58177.57  59106.32  60042.54  60938.60  61631.70  62302.37  62894.19  63494.20
       1.21      0.42  48552.28  48623.89  48747.93  48868.03  49011.35  49172.78  49352.81  49556.90  49787.67  50051.74  50353.37  50699.73  51096.13  51547.58  52015.07  52488.47  53037.95  53640.99  54296.76  55000.49  55748.99  56532.97  57346.47  58175.77  59012.73  59841.66  60642.04  61339.65  61901.43  62474.28
       1.45      0.42  48579.76  48649.39  48772.53  48888.70  49027.17  49181.44  49353.10  49545.12  49761.21  50005.17  50282.21  50596.62  50954.65  51360.52  51816.10  52245.29  52725.96  53256.44  53830.66  54444.75  55097.24  55780.54  56490.35  57216.04  57951.28  58683.52  59405.57  60104.19  60762.66  61398.17
      -1.57      0.21  48620.38  48689.90  48810.72  48924.78  49059.54  49210.33  49377.06  49564.62  49775.09  50013.97  50284.99  50593.92  50945.77  51346.03  51795.60  52220.27  52695.69  53221.94  53792.20  54403.14  55052.93  55734.29  56442.77  57167.84  57903.13  58635.85  59358.98  60058.84  60719.05  61356.65
      -1.33      0.21  48631.08  48701.73  48824.04  48940.98  49080.24  49236.84  49411.56  49609.79  49834.48  50091.95  50386.86  50726.00  51115.17  51558.86  52018.33  52484.14  53026.64  53622.98  54272.60  54970.41  55713.40  56492.17  57300.64  58125.31  58957.76  59782.51  60579.02  61272.99  61833.30  62405.49
      -1.08      0.21  48596.21  48669.05  48792.55  48913.66  49057.87  49221.48  49404.31  49613.82  49852.13  50127.96  50445.43  50813.95  51239.25  51724.87  52181.06  52714.79  53317.53  53982.90  54709.49  55492.33  56326.77  57202.50  58111.49  59038.71  59974.20  60869.90  61564.54  62235.87  62830.35  63433.74
      -0.84      0.21  48579.07  48653.34  48781.49  48907.46  49058.96  49230.08  49423.74  49645.71  49901.36  50198.04  50543.48  50946.05  51413.47  51911.86  52416.98  53019.00  53694.56  54441.63  55259.82  56142.01  57083.05  58069.95  59093.61  60123.97  61058.59  61851.93  62600.90  63315.45  63970.46  64622.16
      -0.60      0.21  48519.93  48596.18  48726.06  48857.52  49015.76  49195.75  49400.13  49635.59  49907.65  50225.05  50596.00  51030.66  51535.59  52037.97  52604.56  53264.05  54005.10  54826.39  55727.03  56698.71  57735.36  58823.20  59940.90  60973.09  61852.58  62695.42  63517.99  64291.89  64996.29  65693.56
      -0.36      0.21  48501.04  48577.80  48708.21  48841.45  49001.38  49184.25  49392.64  49634.55  49915.48  50245.76  50633.70  51091.40  51622.49  52127.16  52740.04  53443.31  54234.88  55114.10  56078.61  57121.99  58235.91  59408.01  60584.66  61515.07  62452.05  63367.49  64249.06  65076.09  65825.54  66563.93
      -0.12      0.21  48473.40  48551.13  48682.84  48818.95  48982.28  49169.54  49383.46  49632.39  49922.24  50263.74  50665.94  51140.69  51680.08  52206.43  52849.24  53584.38  54412.88  55332.85  56343.70  57436.89  58605.02  59817.43  60941.72  61914.86  62886.73  63841.80  64755.61  65606.69  66374.74  67128.75
       0.12      0.21  48466.33  48544.20  48676.43  48813.29  48977.93  49166.54  49382.26  49632.81  49924.59  50267.73  50671.74  51147.91  51688.50  52215.77  52859.28  53594.66  54422.84  55342.00  56351.27  57442.44  58607.63  59817.34  60939.65  61910.55  62879.96  63834.08  64747.52  65600.07  66370.26  67127.24
       0.36      0.21  48467.28  48544.68  48676.34  48811.87  48975.00  49161.73  49374.76  49621.66  49908.28  50244.37  50638.89  51103.02  51641.04  52152.33  52773.02  53483.39  54283.29  55169.89  56143.04  57193.66  58315.77  59492.98  60669.20  61600.69  62537.01  63451.01  64330.07  65151.55  65894.83  66624.81
       0.60      0.21  48464.04  48539.81  48668.34  48799.50  48956.89  49137.64  49342.45  49580.16  49854.06  50174.95  50548.77  50987.66  51496.02  52004.04  52573.98  53237.61  53981.59  54806.10  55708.88  56682.92  57721.25  58811.19  59931.42  60971.91  61855.52  62703.19  63532.02  64312.92  65025.55  65730.51
       0.84      0.21  48513.17  48588.13  48717.44  48846.20  49001.69  49177.96  49377.56  49606.22  49869.11  50173.45  50526.95  50937.78  51413.71  51920.12  52433.90  53044.26  53728.29  54483.30  55309.57  56199.01  57147.31  58140.20  59169.53  60203.33  61138.10  61932.29  62680.73  63393.42  64046.01  64693.51
       1.08      0.21  48531.66  48604.37  48730.57  48854.01  49002.20  49169.71  49358.08  49572.88  49817.80  50099.81  50424.50  50799.71  51232.38  51724.69  52187.94  52727.95  53336.79  54007.56  54739.16  55526.40  56364.65  57243.78  58155.54  59085.25  60022.46  60919.81  61616.53  62288.97  62883.26  63485.77
       1.33      0.21  48571.08  48642.47  48766.44  48886.19  49029.28  49190.33  49370.11  49573.68  49803.99  50067.18  50367.89  50712.85  51107.72  51557.06  52022.04  52492.77  53039.60  53639.72  54292.24  54992.35  55736.67  56516.24  57324.74  58149.25  58981.18  59805.81  60603.20  61303.01  61863.72  62438.99
       1.57      0.21  48584.02  48653.52  48775.25  48890.40  49026.75  49179.27  49348.07  49537.83  49750.64  49992.04  50265.54  50577.18  50931.50  51334.46  51786.37  52214.06  52691.38  53219.83  53791.69  54404.39  55055.49  55738.36  56448.04  57174.56  57911.16  58645.54  59370.45  60072.61  60735.41  61376.23
      -1.45      0.00  48645.16  48716.07  48838.92  48956.35  49096.52  49253.76  49429.54  49628.32  49853.98  50111.75  50407.47  50746.59  51136.12  51578.96  52038.51  52502.20  53044.28  53639.32  54288.12  54983.75  55724.66  56499.70  57304.23  58123.08  58948.97  59764.75  60553.76  61246.63  61796.51  62362.51
      -1.21      0.00  48604.07  48676.71  48801.27  48922.80  49068.29  49232.65  49417.00  49627.19  49866.80  50142.87  50461.02  50828.79  51253.15  51736.04  52191.03  52719.56  53318.95  53979.83  54701.66  55478.07  56305.46  57172.38  58071.68  58986.90  59909.04  60793.23  61497.21  62156.84  62737.74  63326.38
      -0.96      0.00  48566.80  48640.51  48767.65  48893.16  49044.30  49215.78  49409.79  49632.61  49888.86  50186.41  50532.17  50934.84  51401.09  51899.93  52401.58  53001.43  53674.99  54419.85  55235.22  56113.76  57050.36  58031.38  59047.50  60070.97  61012.97  61792.46  62535.71  63240.64  63889.12  64533.13
      -0.72      0.00  48544.93  48620.60  48748.70  48878.28  49033.87  49211.54  49413.02  49646.05  49915.20  50230.04  50597.86  51029.33  51529.97  52029.88  52590.33  53245.12  53981.34  54797.28  55692.06  56657.04  57686.49  58765.75  59875.84  60913.63  61782.52  62617.10  63433.07  64201.16  64900.63  65588.90
      -0.48      0.00  48517.53  48594.77  48725.80  48859.98  49021.48  49205.85  49416.18  49659.62  49942.51  50274.08  50663.73  51122.03  51653.95  52157.91  52770.38  53472.68  54264.09  55141.60  56104.70  57144.73  58254.94  59420.62  60590.18  61514.76  62440.95  63345.29  64216.86  65033.11  65771.81  66497.80
      -0.24      0.00  48487.22  48564.82  48696.66  48832.52  48995.81  49182.68  49396.31  49644.48  49933.63  50274.01  50675.12  51148.43  51686.34  52211.05  52852.23  53585.72  54412.57  55331.04  56340.40  57432.33  58599.22  59810.68  60933.61  61905.92  62877.05  63831.65  64744.81  65595.64  66363.19  67116.48
       0.00      0.00  48456.80  48534.67  48666.95  48804.42  48969.84  49159.80  49377.47  49630.89  49926.58  50275.09  50686.12  51171.16  51714.53  52253.54  52912.95  53666.28  54515.12  55458.29  56494.83  57615.76  58813.39  60047.23  61134.47  62128.34  63125.54  64103.80  65039.41  65910.84  66696.50  67467.79
       0.24      0.00  48462.70  48540.29  48672.02  48808.18  48971.62  49159.19  49373.57  49623.21  49913.82  50256.34  50659.46  51135.35  51675.75  52203.24  52846.75  53582.64  54411.39  55331.64  56342.25  57435.18  58602.67  59814.78  60940.63  61913.61  62885.18  63840.15  64754.07  65605.56  66374.10  67127.94
       0.48      0.00  48469.59  48546.58  48677.96  48812.71  48974.94  49160.59  49372.49  49618.13  49903.36  50237.89  50630.42  51092.25  51627.84  52135.78  52751.57  53457.70  54252.23  55133.33  56099.30  57142.61  58255.55  59424.34  60596.76  61527.38  62456.04  63362.69  64236.14  65054.19  65794.57  66522.51
       0.72      0.00  48481.01  48556.77  48687.14  48818.98  48978.10  49159.52  49366.04  49604.29  49879.81  50201.05  50576.20  51014.86  51523.43  52030.88  52599.34  53261.66  54005.57  54828.54  55730.19  56701.05  57735.69  58818.63  59931.09  60969.12  61837.26  62670.21  63483.73  64249.59  64946.66  65633.70
       0.96      0.00  48540.06  48614.62  48742.53  48869.70  49022.91  49196.92  49393.54  49619.38  49878.64  50179.59  50528.65  50934.99  51404.72  51907.32  52412.12  53015.25  53691.42  54438.75  55255.84  56135.90  57073.12  58054.53  59070.13  60093.26  61035.27  61813.23  62555.37  63258.96  63906.30  64549.94
       1.21      0.00  48565.16  48638.06  48763.64  48886.93  49035.22  49202.92  49391.43  49606.08  49850.79  50132.00  50455.77  50829.09  51259.36  51747.87  52208.23  52742.14  53346.98  54012.70  54739.45  55520.00  56351.45  57221.33  58123.21  59039.67  59962.34  60845.20  61544.93  62202.52  62781.70  63369.37
       1.45      0.00  48608.29  48679.11  48803.55  48922.52  49064.96  49224.54  49403.24  49604.91  49833.71  50094.56  50393.28  50735.29  51127.40  51572.71  52034.54  52499.92  53042.92  53638.83  54287.55  54983.17  55723.25  56497.76  57301.22  58119.53  58944.73  59760.50  60550.04  61247.41  61797.40  62365.07
      -1.57     -0.21  48642.23  48711.65  48832.07  48945.20  49078.86  49228.14  49393.20  49578.80  49787.21  50023.97  50292.86  50599.76  50949.69  51348.29  51796.40  52219.64  52694.16  53219.85  53789.82  54400.80  55050.91  55732.79  56441.92  57167.57  57903.35  58636.21  59359.22  60058.49  60717.82  61353.33
      -1.33     -0.21  48656.78  48727.62  48850.75  48967.51  49106.35  49261.50  49434.59  49630.30  49852.31  50106.45  50397.92  50733.28  51118.56  51558.36  52013.98  52476.04  53014.65  53607.62  54253.68  54948.75  55688.94  56466.00  57272.83  58097.27  58929.82  59756.24  60554.73  61252.09  61814.76  62389.28
      -1.08     -0.21  48564.12  48637.07  48761.24  48883.42  49029.50  49195.35  49381.14  49593.78  49835.86  50115.45  50437.31  50810.05  51240.18  51730.25  52190.88  52729.17  53336.77  54006.36  54737.55  55524.16  56362.57  57241.23  58153.08  59081.84  60018.45  60913.63  61605.65  62274.97  62866.96  63467.09
      -0.84     -0.21  48561.56  48636.28  48763.49  48890.22  49042.49  49215.47  49410.76  49635.23  49893.12  50192.73  50540.93  50946.74  51417.33  51918.52  52427.25  53033.00  53712.60  54463.70  55286.47  56173.05  57119.11  58110.41  59138.87  60172.05  61103.81  61898.68  62646.69  63360.32  64014.09  64663.62
      -0.60     -0.21  48532.62  48608.20  48737.30  48867.20  49023.20  49200.76  49402.35  49635.17  49904.43  50219.32  50587.68  51020.15  51522.85  52023.94  52588.63  53246.63  53986.11  54806.08  55705.28  56675.71  57710.97  58797.60  59914.01  60946.45  61825.61  62668.44  63491.21  64265.90  64971.06  65668.58
      -0.36     -0.21  48493.86  48571.00  48702.01  48836.29  48997.64  49182.03  49392.24  49635.88  49918.78  50250.86  50640.93  51100.51  51633.63  52140.04  52755.14  53460.16  54253.91  55134.81  56101.30  57146.15  58261.81  59434.84  60610.85  61540.64  62477.62  63393.68  64275.89  65103.43  65853.30  66592.08
      -0.12     -0.21  48477.38  48555.38  48687.11  48823.68  48987.91  49176.20  49391.42  49641.53  49932.78  50275.47  50679.05  51154.86  51695.15  52222.24  52865.96  53601.54  54430.52  55350.44  56361.24  57453.75  58621.12  59832.14  60954.08  61925.39  62895.49  63848.26  64759.66  65607.89  66372.84  67122.47
       0.12     -0.21  48463.51  48540.86  48672.41  48808.26  48971.51  49158.80  49372.95  49622.15  49912.32  50254.11  50656.45  51131.25  51670.49  52196.62  52838.55  53572.81  54399.62  55318.04  56326.44  57417.48  58582.66  59793.07  60918.14  61891.01  62862.42  63818.51  64733.77  65587.99  66359.93  67118.56
       0.36     -0.21  48460.11  48538.01  48670.34  48807.01  48971.77  49160.06  49374.94  49623.30  49911.57  50248.74  50644.42  51109.05  51647.15  52158.09  52778.23  53487.43  54285.64  55170.03  56140.12  57187.43  58305.38  59479.29  60654.44  61582.98  62518.17  63431.60  64311.11  65135.30  65882.23  66618.13
       0.60     -0.21  48483.44  48559.29  48688.71  48819.61  48976.66  49156.05  49359.52  49595.05  49866.92  50185.17  50556.56  50992.60  51498.36  52003.59  52570.83  53231.62  53972.76  54794.41  55694.24  56665.42  57700.65  58787.67  59905.50  60947.27  61828.91  62674.62  63501.26  64280.54  64990.88  65694.30
       0.84     -0.21  48505.43  48580.06  48707.48  48834.98  48988.57  49163.70  49361.63  49589.37  49850.82  50154.46  50506.72  50916.90  51391.65  51897.82  52410.45  53020.16  53703.00  54457.26  55282.43  56171.37  57119.09  58112.12  59141.82  60177.29  61116.68  61913.28  62665.63  63382.20  64039.79  64693.66
       1.08     -0.21  48561.48  48633.74  48760.01  48882.37  49028.91  49193.94  49379.50  49591.01  49832.49  50110.90  50432.00  50803.71  51233.08  51722.38  52183.05  52720.76  53327.90  53997.31  54728.16  55514.86  56353.17  57232.33  58144.46  59074.11  60011.42  60907.69  61600.90  62271.64  62864.16  63463.34
       1.33     -0.21  48604.69  48676.33  48800.77  48920.52  49063.42  49223.59  49402.24  49604.10  49832.47  50093.23  50391.30  50733.21  51124.76  51570.48  52031.21  52497.90  53040.26  53636.13  54284.12  54980.17  55720.35  56496.57  57301.82  58124.07  58954.01  59777.61  60573.89  61271.81  61832.65  62407.42
       1.57     -0.21  48614.09  48683.69  48805.24  48920.06  49056.00  49207.92  49376.00  49564.75  49776.46  50016.43  50288.56  50598.50  50951.30  51352.48  51802.87  52228.03  52703.98  53230.65  53801.16  54412.17  55061.92  55743.04  56451.16  57175.59  57910.22  58642.09  59364.42  60063.51  60723.11  61359.22
      -1.45     -0.42  48606.03  48675.98  48796.81  48911.55  49047.31  49199.58  49367.98  49557.39  49769.86  50010.85  50284.23  50595.56  50950.19  51353.17  51805.90  52232.70  52711.38  53240.22  53813.53  54426.87  55079.64  55763.10  56474.20  57200.81  57938.01  58671.38  59395.39  60094.84  60754.81  61390.38
      -1.21     -0.42  48603.24  48674.03  48796.55  48914.08  49053.95  49211.42  49387.02  49586.38  49812.11  50070.88  50367.07  50707.83  51098.58  51544.30  52005.75  52473.79  53017.85  53615.74  54266.41  54965.44  55709.34  56489.35  57299.01  58125.63  58960.55  59788.90  60589.94  61290.48  61854.71  62429.96
      -0.96     -0.42  48607.21  48680.19  48806.54  48929.02  49075.75  49240.35  49425.35  49635.40  49875.48  50151.52  50470.58  50839.35  51266.43  51752.57  52209.41  52743.98  53348.14  54013.97  54741.97  55525.57  56361.55  57238.54  58149.45  59078.55  60015.90  60912.53  61600.06  62270.23  62862.01  63461.05
      -0.72     -0.42  48579.69  48653.62  48780.66  48905.41  49054.81  49223.84  49414.51  49633.76  49885.77  50179.42  50520.94  50920.55  51384.27  51881.00  52382.80  52982.88  53655.37  54400.75  55216.65  56098.17  57038.34  58026.22  59051.22  60085.24  61026.48  61824.36  62577.95  63297.13  63956.83  64614.77
      -0.48     -0.42  48521.18  48597.13  48726.71  48857.67  49015.07  49194.23  49397.67  49632.45  49903.92  50221.05  50591.96  51026.91  51532.49  52035.78  52603.62  53264.51  54007.50  54830.73  55734.03  56708.32  57748.47  58839.62  59960.78  60992.31  61874.45  62718.92  63542.64  64315.68  65018.10  65710.40
      -0.24     -0.42  48515.71  48592.46  48723.92  48857.59  49018.50  49201.82  49411.30  49653.64  49935.63  50266.25  50655.10  51112.75  51644.37  52148.17  52760.40  53462.84  54254.26  55132.18  56095.53  57136.14  58246.71  59413.10  60583.18  61509.56  62436.95  63342.98  64216.46  65035.33  65776.77  66505.51
       0.00     -0.42  48473.16  48550.66  48681.99  48817.03  48979.37  49165.00  49376.54  49621.71  49906.26  50240.16  50632.11  51093.72  51628.94  52137.51  52754.69  53461.79  54257.47  55140.19  56108.27  57154.37  58270.86  59444.51  60622.11  61550.90  62486.76  63400.08  64279.03  65103.02  65849.29  66584.96
       0.24     -0.42  48475.71  48552.50  48683.02  48816.99  48978.13  49162.89  49373.74  49618.72  49903.22  50237.41  50629.68  51091.57  51627.39  52135.84  52752.59  53459.84  54256.13  55139.01  56107.60  57153.40  58269.62  59441.24  60616.72  61546.55  62477.92  63386.81  64263.05  65083.09  65825.68  66554.60
       0.48     -0.42  48490.00  48566.19  48696.37  48828.08  48986.74  49167.52  49373.03  49610.09  49884.12  50203.92  50577.61  51015.31  51523.53  52029.67  52599.69  53262.47  54006.68  54830.78  55734.11  56708.10  57747.10  58836.86  59957.06  60993.66  61875.93  62720.91  63546.11  64321.93  65027.90  65724.44
       0.72     -0.42  48498.75  48573.51  48702.32  48830.62  48985.27  49160.76  49359.36  49587.41  49849.52  50153.72  50506.88  50918.16  51394.40  51902.04  52416.83  53028.83  53713.99  54470.91  55298.80  56190.75  57141.49  58137.83  59170.90  60209.60  61147.82  61948.09  62701.17  63419.57  64077.16  64730.42
       0.96     -0.42  48544.58  48617.49  48744.17  48867.76  49016.13  49183.36  49371.46  49585.63  49830.01  50111.23  50435.32  50809.80  51242.05  51733.87  52196.31  52735.80  53343.79  54013.46  54743.93  55530.10  56367.42  57245.93  58157.44  59087.59  60025.79  60924.56  61619.57  62292.80  62887.10  63489.63
       1.21     -0.42  48561.91  48633.09  48756.34  48875.73  49018.24  49179.04  49358.47  49562.08  49792.34  50055.87  50356.86  50702.46  51097.92  51548.19  52013.83  52485.78  53033.40  53634.45  54287.90  54989.17  55734.85  56515.95  57326.34  58152.89  58987.25  59814.37  60613.96  61313.48  61876.95  62452.91
       1.45     -0.42  48605.84  48675.49  48797.94  48913.34  49050.14  49202.67  49371.74  49561.28  49774.17  50015.19  50288.72  50599.93  50954.34  51356.97  51809.08  52235.62  52713.10  53240.94  53812.68  54424.68  55075.50  55757.47  56466.48  57191.56  57926.74  58658.79  59380.97  60079.20  60737.09  61370.13
      -1.33     -0.63  48611.22  48680.79  48802.34  48916.78  49052.28  49203.42  49370.85  49558.63  49769.58  50008.61  50280.07  50589.30  50941.75  51342.59  51792.95  52218.23  52694.41  53221.37  53792.36  54404.26  55055.15  55738.06  56448.20  57175.38  57912.89  58648.27  59374.00  60076.77  60739.47  61378.35
      -1.08     -0.63  48587.72  48658.95  48782.47  48901.33  49043.27  49202.83  49380.95  49582.57  49810.99  50072.16  50371.20  50714.51  51108.31  51556.72  52020.88  52491.56  53038.57  53638.97  54292.59  54994.11  55740.86  56523.30  57335.75  58164.68  59001.94  59832.10  60633.53  61328.87  61893.48  62467.30
      -0.84     -0.63  48588.53  48661.24  48786.88  48909.13  49055.68  49220.71  49406.16  49617.24  49858.30  50135.78  50456.23  50826.80  51255.65  51743.88  52202.91  52739.78  53346.31  54014.60  54745.19  55531.30  56369.98  57249.26  58162.53  59093.20  60031.83  60928.83  61616.30  62285.52  62876.23  63473.50
      -0.60     -0.63  48542.42  48617.09  48745.98  48873.80  49028.08  49202.50  49400.01  49625.97  49886.03  50187.07  50537.24  50944.38  51416.67  51918.98  52429.03  53035.55  53715.92  54467.33  55290.14  56176.42  57121.71  58112.19  59139.43  60172.08  61105.21  61900.42  62649.50  63364.56  64019.91  64671.63
      -0.36     -0.63  48498.07  48573.22  48701.48  48831.35  48987.31  49165.73  49368.06  49602.49  49872.97  50189.68  50558.98  50992.43  51494.42  51997.12  52558.38  53214.76  53951.20  54768.10  55662.44  56627.91  57656.52  58736.22  59846.30  60891.15  61760.45  62599.62  63417.88  64190.56  64894.73  65589.94
      -0.12     -0.63  48490.60  48566.21  48695.70  48826.77  48984.60  49164.71  49369.57  49606.17  49879.90  50199.56  50573.43  51011.44  51520.46  52027.28  52598.92  53263.32  54010.03  54836.54  55743.08  56719.99  57762.50  58855.27  59977.77  61011.46  61894.43  62739.64  63564.15  64338.43  65042.42  65737.01
       0.12     -0.63  48499.04  48575.20  48705.45  48836.70  48994.19  49173.34  49376.55  49611.24  49882.26  50199.36  50569.65  51004.54  51509.21  52013.24  52579.61  53239.95  53980.76  54802.72  55702.95  56675.15  57711.40  58800.06  59919.00  60958.48  61840.42  62686.65  63512.52  64290.58  64998.45  65699.25
       0.36     -0.63  48481.00  48556.96  48687.59  48819.78  48979.49  49161.24  49368.21  49606.55  49882.27  50203.36  50578.43  51016.71  51524.86  52031.58  52599.35  53260.86  54003.86  54826.00  55726.72  56697.04  57731.11  58814.37  59927.13  60965.92  61835.79  62671.04  63487.09  64256.06  64955.94  65646.72
       0.60     -0.63  48500.33  48574.64  48702.76  48829.99  48983.21  49157.39  49354.49  49581.35  49842.00  50145.05  50496.61  50906.50  51380.68  51887.23  52399.34  53009.26  53691.64  54446.14  55270.72  56159.77  57106.67  58099.72  59128.42  60164.29  61105.49  61902.43  62655.38  63372.97  64030.90  64686.00
       0.84     -0.63  48537.09  48610.06  48736.94  48861.19  49010.99  49179.98  49370.58  49587.17  49834.70  50118.71  50446.41  50823.90  51260.18  51755.18  52220.95  52763.98  53376.68  54050.09  54785.72  55575.74  56418.10  57299.89  58215.45  59147.40  60087.09  60984.43  61670.84  62340.14  62931.28  63528.76
       1.08     -0.63  48563.22  48634.74  48759.34  48879.70  49023.52  49185.25  49365.89  49570.37  49801.74  50066.03  50367.91  50714.08  51110.13  51560.71  52026.37  52498.14  53045.19  53645.43  54297.62  54997.50  55741.39  56520.86  57329.21  58154.08  58986.65  59812.50  60610.79  61310.02  61871.85  62446.69
       1.33     -0.63  48598.60  48668.53  48790.94  48906.95  49044.67  49198.54  49369.12  49560.38  49775.09  50017.91  50293.24  50606.08  50962.06  51365.90  51819.01  52245.65  52723.48  53251.03  53822.25  54433.32  55083.04  55763.67  56471.36  57195.07  57929.04  58660.06  59381.63  60079.71  60738.19  61373.22
      -1.21     -0.83  48589.36  48658.96  48780.41  48895.29  49031.37  49183.60  49352.18  49541.71  49754.49  49995.91  50269.83  50582.01  50937.44  51341.64  51795.39  52224.01  52703.72  53234.18  53808.54  54423.57  55077.36  55762.62  56474.79  57203.25  57941.54  58676.83  59401.92  60103.24  60763.95  61399.85
      -0.96     -0.83  48572.03  48643.56  48768.06  48888.06  49031.67  49192.90  49373.09  49576.63  49807.17  50070.13  50370.98  50715.65  51110.68  51559.81  52024.42  52495.09  53041.76  53641.43  54293.70  54993.59  55738.03  56518.06  57327.48  58153.67  58987.95  59815.84  60616.35  61316.38  61880.24  62455.56
      -0.72     -0.83  48565.20  48637.53  48762.91  48884.69  49030.34  49194.66  49379.01  49589.46  49829.38  50106.45  50425.76  50795.94  51223.34  51711.01  52169.97  52705.94  53310.82  53978.43  54706.85  55491.67  56327.47  57204.71  58114.48  59042.79  59978.52  60875.42  61572.72  62245.16  62839.41  63443.45
      -0.48     -0.83  48541.51  48616.14  48744.14  48871.44  49024.79  49198.75  49395.29  49620.83  49879.92  50180.59  50529.70  50936.05  51406.29  51909.18  52415.19  53019.56  53697.93  54447.52  55267.88  56151.15  57092.67  58078.10  59098.51  60124.80  61064.65  61845.66  62587.37  63290.77  63936.50  64576.95
      -0.24     -0.83  48521.17  48595.83  48725.14  48853.15  49007.49  49182.01  49379.62  49605.96  49866.37  50168.23  50519.16  50927.66  51401.25  51906.12  52418.10  53027.43  53710.60  54465.67  55292.32  56183.25  57133.44  58129.33  59162.02  60199.88  61136.50  61935.58  62686.76  63403.51  64059.34  64710.69
       0.00     -0.83  48513.65  48588.42  48716.89  48844.96  48999.33  49174.48  49372.63  49599.93  49861.28  50164.33  50516.47  50926.28  51401.32  51907.07  52420.60  53030.86  53714.76  54470.08  55296.82  56187.48  57137.41  58132.93  59165.74  60203.91  61141.27  61942.12  62694.95  63412.79  64069.48  64720.71
       0.24     -0.83  48503.97  48578.91  48707.97  48836.76  48992.52  49169.19  49369.36  49598.62  49862.17  50167.18  50521.32  50932.78  51409.28  51915.99  52430.46  53041.70  53726.65  54483.08  55310.85  56202.49  57153.19  58149.13  59181.63  60218.69  61153.41  61951.59  62701.99  63418.04  64073.83  64725.72
       0.48     -0.83  48507.46  48581.79  48710.06  48837.58  48991.50  49166.35  49364.27  49591.65  49852.86  50156.02  50507.57  50916.58  51389.12  51894.93  52402.75  53008.98  53688.21  54438.72  55258.89  56142.11  57082.56  58067.30  59086.38  60113.05  61058.92  61839.62  62583.70  63288.18  63934.90  64576.36
       0.72     -0.83  48537.17  48610.19  48736.36  48860.04  49008.57  49176.59  49365.50  49580.90  49826.45  50109.06  50434.39  50810.10  51243.26  51735.86  52198.94  52738.86  53347.45  54017.55  54748.31  55534.23  56370.87  57247.91  58157.16  59083.93  60017.94  60912.12  61606.14  62276.18  62868.48  63470.53
       0.96     -0.83  48549.41  48621.18  48746.24  48867.22  49012.06  49174.99  49357.12  49563.19  49796.38  50062.55  50366.49  50714.67  51112.88  51565.49  52033.18  52506.94  53056.12  53658.23  54312.36  55013.83  55759.20  56539.54  57348.48  58173.24  59005.11  59829.35  60625.70  61322.76  61881.89  62454.51
       1.21     -0.83  48577.09  48646.77  48769.55  48885.70  49023.82  49178.15  49349.55  49541.80  49757.80  50002.14  50279.17  50593.92  50951.89  51357.92  51813.17  52242.33  52722.28  53252.18  53825.49  54438.81  55090.49  55773.29  56482.92  57208.88  57944.96  58678.46  59402.33  60102.86  60762.87  61397.29
      -1.08     -1.04  48569.48  48639.67  48762.50  48879.19  49017.92  49172.97  49344.91  49537.61  49753.92  49998.50  50275.80  50590.86  50949.33  51356.01  51812.30  52242.63  52724.35  53256.24  53832.04  54447.92  55102.50  55787.93  56500.06  57227.89  57965.21  58699.10  59422.58  60122.22  60781.41  61416.08
      -0.84     -1.04  48566.11  48637.32  48761.13  48880.69  49023.39  49184.04  49363.28  49566.28  49795.90  50058.40  50358.39  50702.65  51096.81  51545.50  52010.00  52480.36  53027.00  53627.30  54280.31  54981.46  55727.36  56509.19  57320.49  58148.32  58983.95  59812.24  60612.53  61312.00  61875.34  62450.41
      -0.60     -1.04  48549.53  48621.36  48746.99  48869.32  49016.42  49182.57  49369.73  49583.00  49826.59  50106.83  50429.93  50802.82  51232.92  51721.62  52183.01  52717.77  53323.79  53991.17  54719.69  55502.50  56336.28  57209.11  58113.97  59034.04  59960.29  60847.03  61550.00  62210.70  62792.03  63380.76
      -0.36     -1.04  48518.92  48592.03  48718.50  48842.96  48992.44  49161.43  49351.25  49567.51  49813.86  50097.30  50423.44  50800.10  51234.34  51728.23  52192.61  52734.48  53345.34  54018.19  54752.10  55541.58  56382.23  57263.50  58177.31  59108.65  60047.15  60945.04  61639.72  62311.21  62904.15  63504.58
      -0.12     -1.04  48525.35  48598.00  48724.61  48848.18  48996.42  49163.69  49351.83  49566.24  49810.92  50092.68  50417.40  50792.83  51226.23  51719.58  52183.84  52725.62  53336.30  54009.09  54743.06  55532.98  56374.33  57257.06  58172.92  59107.68  60050.44  60953.70  61650.28  62327.58  62926.28  63532.64
       0.12     -1.04  48520.03  48592.71  48719.24  48842.79  48990.99  49158.32  49346.40  49560.81  49805.34  50087.02  50411.49  50786.79  51219.89  51713.10  52177.57  52719.18  53329.67  54002.32  54736.08  55525.73  56366.70  57248.72  58163.71  59096.84  60037.73  60938.65  61636.40  62310.40  62904.65  63505.69
       0.36     -1.04  48525.13  48598.12  48724.64  48848.78  48997.76  49166.17  49355.49  49571.37  49817.48  50100.81  50426.93  50803.66  51238.02  51732.04  52196.68  52738.61  53349.62  54022.55  54756.65  55546.30  56387.29  57269.00  58183.49  59115.64  60055.19  60953.65  61645.69  62317.76  62911.83  63513.62
       0.60     -1.04  48557.39  48630.29  48756.27  48879.84  49028.45  49196.50  49385.47  49600.68  49846.02  50128.00  50452.55  50826.74  51257.78  51747.18  52208.34  52742.99  53348.34  54014.72  54741.81  55522.83  56354.35  57224.60  58126.43  59043.23  59965.87  60848.82  61546.43  62204.12  62783.48  63371.54
       0.84     -1.04  48556.02  48627.25  48751.99  48872.42  49016.80  49179.35  49361.44  49567.40  49800.74  50066.81  50370.89  50718.82  51116.98  51569.03  52036.50  52509.70  53059.07  53661.27  54316.13  55018.13  55764.69  56545.99  57356.51  58182.42  59015.82  59840.96  60637.72  61331.55  61891.43  62462.08
       1.08     -1.04  48546.61  48616.78  48739.09  48856.16  48995.10  49151.33  49324.38  49519.17  49737.42  49984.68  50264.29  50582.07  50942.63  51351.53  51809.29  52241.31  52723.50  53255.61  53830.80  54445.75  55098.80  55782.48  56492.72  57218.76  57954.77  58687.70  59411.14  60111.11  60771.92  61409.97
      -0.96     -1.25  48572.35  48642.13  48764.79  48881.11  49019.42  49174.03  49345.65  49538.07  49754.22  49998.63  50275.82  50590.68  50948.96  51355.30  51811.24  52241.01  52722.53  53254.11  53829.71  54445.34  55099.77  55785.10  56497.40  57225.63  57963.83  58698.82  59423.89  60125.14  60785.67  61419.50
      -0.72     -1.25  48555.22  48626.28  48750.34  48869.88  49012.55  49173.11  49352.29  49555.42  49785.17  50048.16  50348.46  50693.33  51087.65  51536.48  52002.05  52471.37  53017.77  53618.13  54270.44  54970.56  55714.29  56493.16  57300.06  58122.49  58950.91  59770.66  60564.09  61268.48  61822.79  62396.84
      -0.48     -1.25  48561.75  48633.61  48758.77  48879.94  49025.04  49187.91  49369.97  49575.43  49808.15  50073.30  50376.58  50723.62  51121.21  51572.71  52039.64  52512.77  53062.52  53665.26  54321.09  55024.22  55772.19  56555.12  57367.37  58195.11  59030.22  59857.10  60654.82  61347.28  61907.81  62478.80
      -0.24     -1.25  48541.97  48613.26  48738.12  48858.59  49002.76  49164.86  49346.16  49551.30  49783.68  50049.02  50352.40  50700.11  51098.27  51551.02  52019.41  52494.20  53045.08  53649.30  54306.26  55011.05  55760.40  56545.24  57359.19  58189.34  59026.79  59856.92  60657.87  61354.79  61918.67  62493.30
       0.00     -1.25  48539.50  48611.35  48735.95  48857.02  49001.82  49164.93  49347.06  49553.15  49786.30  50052.41  50356.46  50704.77  51103.53  51556.68  52025.28  52500.23  53051.27  53655.32  54312.19  55016.53  55765.71  56550.05  57364.00  58193.81  59031.62  59861.63  60663.25  61361.26  61924.73  62498.73
       0.24     -1.25  48526.75  48598.09  48722.28  48842.80  48986.93  49149.63  49331.41  49537.61  49770.88  50037.59  50342.14  50691.36  51090.80  51545.03  52014.90  52491.01  53043.03  53648.38  54306.23  55011.81  55761.84  56547.24  57361.81  58192.54  59030.97  59862.17  60664.77  61363.49  61928.90  62504.64
       0.48     -1.25  48576.08  48647.38  48772.38  48892.67  49036.79  49198.58  49379.75  49584.29  49816.19  50080.41  50382.70  50728.50  51124.73  51574.60  52039.86  52510.97  53058.48  53658.75  54311.82  55011.96  55756.61  56535.99  57344.39  58168.21  58999.32  59822.57  60617.42  61310.27  61869.26  62440.38
       0.72     -1.25  48550.97  48622.41  48746.23  48866.54  49010.38  49173.05  49354.66  49560.79  49793.71  50059.98  50363.58  50711.43  51108.63  51559.70  52026.90  52497.51  53045.01  53645.53  54298.13  54997.64  55741.11  56519.01  57325.67  58147.31  58976.02  59795.55  60588.89  61288.20  61842.79  62414.38
       0.96     -1.25  48576.04  48645.89  48768.49  48884.76  49022.88  49177.48  49349.01  49541.55  49757.67  50002.19  50279.19  50593.90  50951.60  51357.31  51812.16  52241.26  52720.92  53250.73  53824.03  54437.32  55088.96  55771.50  56480.67  57205.74  57940.47  58672.02  59393.51  60091.40  60749.53  61384.60
      -0.60     -1.46  48552.17  48621.90  48744.68  48861.36  48999.95  49155.10  49327.23  49520.49  49737.47  49983.03  50261.33  50577.62  50937.17  51345.05  51802.37  52234.22  52717.03  53250.25  53827.20  54444.30  55099.95  55786.58  56499.97  57229.25  57968.24  58703.87  59429.31  60130.67  60791.38  61426.73
      -0.36     -1.46  48570.09  48639.82  48763.08  48879.50  49017.97  49172.27  49343.68  49535.57  49751.30  49995.12  50271.80  50586.14  50943.95  51349.98  51805.60  52235.59  52716.68  53248.17  53823.41  54439.05  55093.16  55778.51  56490.45  57218.65  57956.28  58691.11  59415.49  60116.36  60776.42  61411.70
      -0.12     -1.46  48540.15  48610.64  48733.86  48851.55  48991.54  49148.30  49322.05  49516.94  49735.40  49982.42  50261.96  50579.46  50940.04  51348.95  51807.09  52239.69  52722.75  53256.11  53832.81  54449.68  55104.76  55790.88  56503.55  57232.25  57970.68  58706.06  59431.37  60132.92  60794.52  61433.73
       0.12     -1.46  48547.77  48617.48  48740.66  48857.41  48996.33  49151.61  49324.14  49517.58  49734.92  49980.65  50259.24  50575.69  50935.52  51343.64  51801.22  52233.27  52716.01  53248.95  53825.39  54441.97  55096.79  55782.70  56495.09  57223.69  57961.94  58697.39  59422.64  60124.41  60785.80  61423.89
       0.36     -1.46  48564.84  48634.61  48757.33  48873.86  49012.37  49167.32  49339.28  49532.18  49748.77  49993.72  50271.33  50586.67  50945.25  51351.98  51808.09  52238.38  52719.63  53251.05  53826.12  54441.25  55094.85  55779.39  56490.55  57217.70  57954.51  58688.32  59412.03  60112.26  60772.01  61407.01
       0.60     -1.46  48572.74  48642.66  48765.10  48881.53  49019.62  49174.30  49345.69  49538.19  49754.07  49998.45  50275.19  50589.73  50947.12  51352.64  51807.22  52236.26  52715.63  53245.26  53818.24  54431.23  55082.42  55764.54  56473.21  57197.93  57932.47  58664.20  59386.10  60084.75  60743.77  61380.24
