    -0.6025    1.4610    9.1443   14.2126   19.9040   26.2047   33.0834   40.5060   48.4331   56.8220   65.6244   74.7898   84.2627   93.9867  103.9011  113.9469  124.0144  134.0596  144.1050  154.0340  163.7847  173.3007  182.5240  191.4040  199.8888  207.9359  215.5014  222.5525  229.0547  234.9888  240.2975  245.3633
    -0.3615    1.4610    9.1445   14.2129   19.9041   26.2043   33.0821   40.5035   48.4294   56.8169   65.6180   74.7820   84.2537   93.9764  103.8893  113.9334  123.9989  134.0411  144.0833  154.0086  163.7548  173.2659  182.4837  191.3579  199.8368  207.8782  215.4386  222.4858  228.9856  234.9198  240.2310  245.3039
    -0.1205    1.4610    9.1448   14.2136   19.9055   26.2064   33.0848   40.5066   48.4327   56.8198   65.6200   74.7826   84.2521   93.9721  103.8818  113.9218  123.9830  134.0195  144.0551  153.9725  163.7096  173.2096  182.4146  191.2739  199.7362  207.7593  215.3005  222.3280  228.8091  234.7263  240.0242  245.0900
     0.1205    1.4610    9.1450   14.2138   19.9053   26.2055   33.0831   40.5040   48.4289   56.8149   65.6140   74.7757   84.2447   93.9646  103.8751  113.9173  123.9821  134.0247  144.0697  154.0002  163.7545  173.2764  182.5075  191.3969  199.8923  207.9504  215.5265  222.5872  229.0971  235.0372  240.3500  245.4190
     0.3615    1.4610    9.1451   14.2139   19.9055   26.2056   33.0828   40.5030   48.4268   56.8114   65.6085   74.7677   84.2336   93.9496  103.8554  113.8918  123.9502  133.9841  144.0186  153.9362  163.6754  173.1801  182.3918  191.2603  199.7340  207.7708  215.3273  222.3717  228.8703  234.8052  240.1202  245.2026
     0.6025    1.4610    9.1447   14.2126   19.9027   26.2010   33.0761   40.4941   48.4159   56.7986   65.5944   74.7529   84.2189   93.9362  103.8442  113.8839  123.9463  133.9856  144.0263  153.9508  163.6972  173.2093  182.4291  191.3059  199.7881  207.8331  215.3974  222.4485  228.9521  234.8892  240.2031  245.2770
    -0.9640    1.2523    9.1446   14.2130   19.9044   26.2049   33.0832   40.5053   48.4321   56.8205   65.6226   74.7877   84.2602   93.9835  103.8968  113.9409  124.0059  134.0477  144.0889  154.0129  163.7579  173.2675  182.4839  191.3567  199.8339  207.8733  215.4309  222.4742  228.9687  234.8954  240.1977  245.2584
    -0.7230    1.2523    9.2407   14.4688   20.3814   26.9612   34.1726   41.9774   50.3317   59.1873   68.4911   78.1866   88.2127   98.5066  109.0018  119.6202  130.2238  140.9032  151.5208  162.0006  172.2740  182.2784  191.9500  201.2333  210.0714  218.4180  226.2261  233.4594  240.0820  246.0761  251.1965  256.3616
    -0.4820    1.2523    9.2413   14.4709   20.3861   26.9698   34.1869   41.9993   50.3632   59.2306   68.5482   78.2596   88.3037   98.6178  109.1354  119.7768  130.4051  141.1104  151.7548  162.2631  172.5659  182.6004  192.3020  201.6140  210.4793  218.8501  226.6782  233.9273  240.5614  246.5440  251.6737  256.8398
    -0.2410    1.2523    9.2416   14.4722   20.3892   26.9756   34.1963   42.0131   50.3824   59.2560   68.5804   78.2993   88.3511   98.6729  109.1979  119.8462  130.4813  141.1930  151.8432  162.3570  172.6658  182.7069  192.4154  201.7361  210.6118  218.9953  226.8382  234.1037  240.7540  246.7435  251.8886  257.0575
     0.0000    1.2523    9.2414   14.4715   20.3876   26.9730   34.1925   42.0083   50.3765   59.2494   68.5734   78.2922   88.3444   98.6672  109.1936  119.8434  130.4810  141.1957  151.8489  162.3652  172.6754  182.7168  192.4243  201.7422  210.6124  218.9883  226.8210  234.0752  240.7141  246.6956  251.8328  256.9982
     0.2410    1.2523    9.2419   14.4725   20.3888   26.9738   34.1923   42.0060   50.3711   59.2394   68.5573   78.2683   88.3107   98.6216  109.1342  119.7689  130.3880  141.0820  151.7141  162.2083  172.4960  182.5154  192.2031  201.5034  210.3600  218.7259  226.5547  233.8100  240.4545  246.4541  251.5963  256.7804
     0.4820    1.2523    9.2413   14.4710   20.3862   26.9701   34.1874   42.0002   50.3645   59.2325   68.5507   78.2628   88.3072   98.6214  109.1384  119.7788  130.4056  141.1092  151.7518  162.2578  172.5580  182.5894  192.2880  201.5978  210.4613  218.8314  226.6609  233.9144  240.5559  246.5486  251.6925  256.8761
     0.7230    1.2523    9.2407   14.4695   20.3836   26.9658   34.1807   41.9900   50.3497   59.2118   68.5224   78.2252   88.2584   98.5593  109.0607  119.6844  130.2930  140.9764  151.5966  162.0779  172.3520  182.3557  192.0254  201.3053  210.1387  218.4791  226.2789  233.5030  240.1147  246.0982  251.2068  256.3608
     0.9640    1.2523    9.1448   14.2133   19.9043   26.2036   33.0799   40.4991   48.4221   56.8061   65.6031   74.7626   84.2297   93.9480  103.8570  113.8978  123.9616  134.0027  144.0456  153.9728  163.7224  173.2379  182.4607  191.3401  199.8239  207.8693  215.4325  222.4808  228.9803  234.9123  240.2210  245.2901
    -1.0845    1.0436    9.1456   14.2151   19.9075   26.2087   33.0872   40.5089   48.4347   56.8214   65.6212   74.7834   84.2529   93.9731  103.8836  113.9251  123.9886  134.0285  144.0687  153.9920  163.7363  173.2450  182.4598  191.3299  199.8038  207.8386  215.3911  222.4290  228.9187  234.8419  240.1425  245.2052
    -0.8435    1.0436    9.2417   14.4723   20.3888   26.9745   34.1940   42.0092   50.3762   59.2470   68.5679   78.2826   88.3294   98.6457  109.1646  119.8064  130.4346  141.1392  151.7827  162.2895  172.5912  182.6248  192.3258  201.6380  210.5042  218.8769  226.7084  233.9628  240.6048  246.5955  251.7389  256.9216
    -0.6025    1.0436    9.3172   14.6737   20.7655   27.5740   35.0613   43.1863   51.9021   61.1571   70.8936   81.0512   91.5638  102.3636  113.3803  124.4815  135.6509  146.8729  158.0160  169.0080  179.7741  190.2468  200.3557  210.0409  219.2403  227.9040  235.9789  243.4391  250.0652  256.1551  261.4775  266.7065
    -0.3615    1.0436    9.3190   14.6783   20.7742   27.5879   35.0818   43.2154   51.9417   61.2092   70.9608   81.1360   91.6688  102.4919  113.5347  124.6621  135.8604  147.1120  158.2885  169.3178  180.1252  190.6434  200.8023  210.5423  219.8016  228.5297  236.6735  244.2041  250.8653  257.0498  262.4304  267.7516
    -0.1205    1.0436    9.3194   14.6793   20.7757   27.5900   35.0848   43.2194   51.9470   61.2166   70.9710   81.1500   91.6877  102.5170  113.5674  124.7033  135.9117  147.1743  158.3630  169.4047  180.2248  190.7549  200.9254  210.6755  219.9433  228.6789  236.8293  244.3642  251.0246  257.2197  262.6051  267.9383
     0.1205    1.0436    9.3196   14.6793   20.7755   27.5894   35.0833   43.2165   51.9420   61.2084   70.9585   81.1317   91.6623  102.4826  113.5226  124.6469  135.8418  147.0898  158.2630  169.2893  180.0948  190.6119  200.7713  210.5130  219.7754  228.5084  236.6582  244.1955  250.8642  257.0568  262.4452  267.7764
     0.3615    1.0436    9.3191   14.6784   20.7738   27.5868   35.0795   43.2113   51.9353   61.2001   70.9486   81.1206   91.6504  102.4709  113.5121  124.6392  135.8381  147.0925  158.2739  169.3102  180.1268  190.6559  200.8277  210.5812  219.8544  228.5960  236.7526  244.2936  250.9600  257.1539  262.5372  267.8599
     0.6025    1.0436    9.3170   14.6739   20.7668   27.5770   35.0667   43.1952   51.9153   61.1756   70.9184   81.0833   91.6038  102.4123  113.4378  124.5475  135.7263  146.9561  158.1064  169.1043  179.8745  190.3494  200.4584  210.1411  219.3351  227.9901  236.0527  243.4966  250.1029  256.1687  261.4637  266.6619
     0.8435    1.0436    9.2415   14.4710   20.3856   26.9683   34.1835   41.9932   50.3534   59.2161   68.5275   78.2314   88.2663   98.5693  109.0739  119.7012  130.3129  141.0007  151.6271  162.1176  172.4040  182.4245  192.1155  201.4221  210.2880  218.6667  226.5104  233.7829  240.4459  246.4620  251.6214  256.8179
     1.0845    1.0436    9.1448   14.2136   19.9054   26.2060   33.0840   40.5053   48.4307   56.8172   65.6167   74.7786   84.2475   93.9672  103.8767  113.9173  123.9798  134.0190  144.0590  153.9828  163.7293  173.2422  182.4639  191.3437  199.8302  207.8805  215.4511  222.5090  229.0203  234.9660  240.2898  245.3777
    -1.2050    0.8348    9.1461   14.2158   19.9080   26.2082   33.0849   40.5039   48.4259   56.8079   65.6019   74.7572   84.2188   93.9303  103.8312  113.8626  123.9163  133.9447  143.9748  153.8890  163.6260  173.1298  182.3427  191.2145  199.6938  207.7382  215.3047  222.3606  228.8722  234.8209  240.1504  245.2475
    -0.9640    0.8348    9.2423   14.4727   20.3885   26.9726   34.1900   42.0025   50.3664   59.2335   68.5505   78.2608   88.3032   98.6149  109.1292  119.7663  130.3895  141.0893  151.7280  162.2309  172.5292  182.5611  192.2626  201.5783  210.4514  218.8354  226.6822  233.9559  240.6188  246.6281  251.7921  256.9871
    -0.7230    0.8348    9.3199   14.6798   20.7755   27.5880   35.0795   43.2093   51.9304   61.1917   70.9361   81.1036   91.6288  102.4449  113.4819  124.6054  135.8003  147.0508  158.2285  169.2610  180.0740  190.5990  200.7665  210.5156  219.7846  228.5219  236.6750  244.2129  250.8801  257.0685  262.4501  267.7712
    -0.4820    0.8348    9.4058   14.9096   21.2061   28.2744   36.0734   44.5592   53.6808   63.3828   73.6032   84.2769   95.3326  106.6981  118.2872  129.9380  141.7526  153.5746  165.3109  176.8832  188.2101  199.2179  209.8307  219.9830  229.6067  238.6565  246.9647  254.5759  261.5760  267.8808  273.3441  278.6558
    -0.2410    0.8348    9.4080   14.9150   21.2159   28.2896   36.0952   44.5888   53.7199   63.4326   73.6654   84.3526   95.4237  106.8058  118.4125  130.0814  141.9133  153.7539  165.5111  177.1064  188.4592  199.4956  210.1400  220.3274  229.9901  239.0838  247.4199  255.0889  262.1268  268.4837  273.9958  279.3687
     0.0000    0.8348    9.4079   14.9152   21.2169   28.2921   36.1002   44.5973   53.7330   63.4518   73.6919   84.3882   95.4698  106.8642  118.4840  130.1681  142.0165  153.8744  165.6499  177.2647  188.6381  199.6963  210.3633  220.5734  230.2582  239.3723  247.7140  255.4047  262.4459  268.8066  274.3166  279.6871
     0.2410    0.8348    9.4072   14.9141   21.2158   28.2918   36.1015   44.6014   53.7411   63.4653   73.7123   84.4169   95.5079  106.9127  118.5426  130.2376  142.0959  153.9620  165.7430  177.3597  188.7304  199.7808  210.4345  220.6256  230.2863  239.3727  247.6884  255.3489  262.3649  268.7018  274.1918  279.5428
     0.4820    0.8348    9.4057   14.9092   21.2052   28.2722   36.0692   44.5518   53.6692   63.3657   73.5790   84.2439   95.2891  106.6422  118.2179  129.8523  141.6487  153.4514  165.1675  176.7187  188.0246  199.0119  209.6055  219.7407  229.3508  238.3899  246.7008  254.3017  261.3089  267.6237  273.1054  278.4409
     0.7230    0.8348    9.3189   14.6781   20.7735   27.5865   35.0794   43.2116   51.9361   61.2017   70.9511   81.1241   91.6550  102.4765  113.5185  124.6460  135.8453  147.0993  158.2796  169.3143  180.1291  190.6560  200.8257  210.5775  219.8494  228.5911  236.7495  244.2937  250.9646  257.1669  262.5586  267.8903
     0.9640    0.8348    9.2416   14.4722   20.3890   26.9752   34.1955   42.0121   50.3810   59.2544   68.5787   78.2975   88.3493   98.6710  109.1956  119.8427  130.4760  141.1847  151.8312  162.3396  172.6409  182.6726  192.3704  201.6786  210.5398  218.9079  226.7344  233.9846  240.6210  246.6062  251.7434  256.9230
     1.2050    0.8348    9.1447   14.2133   19.9049   26.2053   33.0834   40.5052   48.4316   56.8199   65.6221   74.7877   84.2615   93.9869  103.9033  113.9516  124.0216  134.0692  144.1166  154.0468  163.7976  173.3121  182.5317  191.4055  199.8814  207.9167  215.4678  222.5018  228.9855  234.9003  240.1906  245.2403
    -1.3255    0.6261    9.1456   14.2150   19.9073   26.2084   33.0870   40.5090   48.4351   56.8226   65.6232   74.7866   84.2574   93.9791  103.8909  113.9337  123.9979  134.0390  144.0799  154.0038  163.7485  173.2580  182.4739  191.3462  199.8230  207.8621  215.4199  222.4644  228.9620  234.8947  240.2061  245.2815
    -1.0845    0.6261    9.2427   14.4740   20.3913   26.9774   34.1971   42.0124   50.3796   59.2509   68.5730   78.2895   88.3394   98.6598  109.1839  119.8319  130.4669  141.1788  151.8292  162.3431  172.6514  182.6915  192.3987  201.7168  210.5882  218.9657  226.8008  234.0574  240.6986  246.6834  251.8222  256.9962
    -0.8435    0.6261    9.3204   14.6816   20.7795   27.5955   35.0916   43.2273   51.9555   61.2247   70.9777   81.1540   91.6878  102.5116  113.5550  124.6827  135.8811  147.1316  158.3064  169.3329  180.1369  190.6507  200.8054  210.5406  219.7955  228.5208  236.6641  244.1964  250.8632  257.0515  262.4364  267.7639
    -0.6025    0.6261    9.4078   14.9145   21.2150   28.2885   36.0942   44.5886   53.7211   63.4364   73.6728   84.3651   95.4427  106.8332  118.4491  130.1298  141.9749  153.8300  165.6031  177.2153  188.5856  199.6404  210.3037  220.5098  230.1903  239.3010  247.6433  255.3324  262.3768  268.7417  274.2596  279.6413
    -0.3615    0.6261    9.4734   15.0892   21.5411   28.8067   36.8428   45.6032   55.0347   65.0786   75.6700   86.7401   98.2143  110.0169  122.0239  134.1521  146.4393  158.7243  170.9188  182.9394  194.7002  206.1227  217.1266  227.6402  237.6045  246.8306  255.3882  263.3352  270.5922  277.0808  282.6657  288.0748
    -0.1205    0.6261    9.4748   15.0935   21.5499   28.8221   36.8670   45.6389   55.0845   65.1455   75.7568   86.8499   98.3496  110.1808  122.2162  134.3762  146.6945  159.0122  171.2413  183.2983  195.0973  206.5593  217.6036  228.1572  238.1625  247.4056  256.0057  263.9814  271.2605  277.7722  283.3826  288.8342
     0.1205    0.6261    9.4749   15.0932   21.5487   28.8191   36.8613   45.6295   55.0704   65.1256   75.7301   86.8154   98.3066  110.1286  122.1552  134.3050  146.6143  158.9238  171.1460  183.1981  194.9945  206.4567  217.5050  228.0660  238.0834  247.3432  255.9629  263.9637  271.2702  277.8077  283.4392  288.9019
     0.3615    0.6261    9.4733   15.0896   21.5425   28.8094   36.8474   45.6102   55.0446   65.0922   75.6881   86.7637   98.2443  110.0547  122.0699  134.2083  146.5065  158.8033  171.0102  183.0438  194.8176  206.2526  217.2681  227.7910  237.7608  246.9837  255.5390  263.4720  270.7043  277.1602  282.7078  288.0792
     0.6025    0.6261    9.4073   14.9143   21.2158   28.2910   36.0995   44.5974   53.7342   63.4543   73.6958   84.3932   95.4752  106.8691  118.4869  130.1677  142.0106  153.8612  165.6274  177.2306  188.5902  199.6326  210.2821  220.4737  230.1394  239.2347  247.5655  255.2367  262.2699  268.6236  274.1325  279.5051
     0.8435    0.6261    9.3193   14.6793   20.7763   27.5918   35.0882   43.2251   51.9558   61.2290   70.9878   81.1717   91.7149  102.5499  113.6064  124.7478  135.9627  147.2304  158.4231  169.4685  180.2912  190.8233  200.9942  210.7436  220.0088  228.7395  236.8808  244.4025  251.0454  257.2167  262.5719  267.8650
     1.0845    0.6261    9.2416   14.4715   20.3868   26.9705   34.1874   41.9993   50.3625   59.2290   68.5455   78.2556   88.2983   98.6107  109.1264  119.7659  130.3920  141.0955  151.7386  162.2461  172.5493  182.5855  192.2904  201.6076  210.4802  218.8616  226.7033  233.9699  240.6246  246.6253  251.7787  256.9649
     1.3255    0.6261    9.1445   14.2129   19.9044   26.2048   33.0831   40.5049   48.4313   56.8190   65.6201   74.7837   84.2546   93.9760  103.8873  113.9292  123.9924  134.0323  144.0723  153.9959  163.7415  173.2533  182.4735  191.3520  199.8369  207.8858  215.4543  222.5100  229.0178  234.9594  240.2769  245.3563
    -1.4460    0.4174    9.1455   14.2147   19.9064   26.2065   33.0835   40.5032   48.4263   56.8097   65.6055   74.7630   84.2269   93.9406  103.8437  113.8770  123.9323  133.9621  143.9929  153.9073  163.6441  173.1472  182.3589  191.2293  199.7067  207.7489  215.3122  222.3642  228.8705  234.8127  240.1333  245.2188
    -1.2050    0.4174    9.2423   14.4730   20.3895   26.9748   34.1936   42.0079   50.3737   59.2431   68.5623   78.2751   88.3200   98.6342  109.1511  119.7910  130.4172  141.1199  151.7610  162.2655  172.5643  182.5950  192.2934  201.6038  210.4694  218.8437  226.6793  233.9412  240.5931  246.5950  251.7495  256.9413
    -0.9640    0.4174    9.3203   14.6809   20.7778   27.5923   35.0867   43.2204   51.9468   61.2143   70.9660   81.1413   91.6747  102.4985  113.5427  124.6717  135.8715  147.1250  158.3043  169.3368  180.1485  190.6714  200.8368  210.5848  219.8539  228.5947  236.7518  244.2976  250.9716  257.1755  262.5688  267.9028
    -0.7230    0.4174    9.4082   14.9154   21.2165   28.2906   36.0972   44.5926   53.7264   63.4435   73.6823   84.3779   95.4594  106.8546  118.4755  130.1618  142.0128  153.8737  165.6521  177.2692  188.6435  199.7014  210.3668  220.5743  230.2553  239.3659  247.7049  255.3956  262.4404  268.8085  274.3312  279.7237
    -0.4820    0.4174    9.4748   15.0934   21.5498   28.8219   36.8669   45.6391   55.0852   65.1469   75.7593   86.8537   98.3552  110.1884  122.2264  134.3899  146.7128  159.0369  171.2748  183.3438  195.1581  206.6391  217.7061  228.2854  238.3193  247.5854  256.2195  264.2247  271.5255  278.0503  283.6625  289.0978
    -0.2410    0.4174    9.5298   15.2392   21.8213   29.2521   37.4867   46.4772   56.1682   66.4989   77.4017   88.8053  100.6320  112.8045  125.1568  137.7066  150.3906  163.0742  175.6653  188.0764  200.2155  211.9926  223.3368  234.1835  244.3843  253.8104  262.6902  270.8888  278.3055  284.9140  290.5736  296.0384
     0.0000    0.4174    9.5306   15.2414   21.8258   29.2599   37.4991   46.4957   56.1943   66.5343   77.4481   88.8641  100.7044  112.8917  125.2579  137.8223  150.5197  163.2168  175.8211  188.2453  200.3968  212.1868  223.5448  234.4068  244.6148  254.0608  262.9510  271.1646  278.5959  285.2221  290.9008  296.3901
     0.2410    0.4174    9.5300   15.2394   21.8210   29.2506   37.4830   46.4699   56.1557   66.4791   77.3723   88.7634  100.5748  112.7285  125.0604  137.5840  150.2397  162.8924  175.4506  187.8271  199.9312  211.6728  222.9819  233.7950  243.9808  253.3683  262.2335  270.4198  277.8383  284.4604  290.1430  295.6467
     0.4820    0.4174    9.4748   15.0932   21.5491   28.8201   36.8634   45.6327   55.0751   65.1321   75.7389   86.8269   98.3216  110.1477  122.1787  134.3344  146.6493  158.9649  171.1932  183.2512  195.0528  206.5196  217.5705  228.1327  238.1481  247.4025  256.0171  264.0078  271.3014  277.8257  283.4446  288.8974
     0.7230    0.4174    9.4076   14.9142   21.2145   28.2878   36.0935   44.5880   53.7208   63.4369   73.6747   84.3692   95.4499  106.8444  118.4652  130.1514  142.0029  153.8649  165.6449  177.2640  188.6411  199.7020  210.3706  220.5810  230.2653  239.3782  247.7187  255.4099  262.4542  268.8196  274.3352  279.7098
     0.9640    0.4174    9.3192   14.6789   20.7754   27.5901   35.0853   43.2205   51.9488   61.2187   70.9730   81.1512   91.6872  102.5136  113.5599  124.6907  135.8927  147.1478  158.3282  169.3617  180.1743  190.6985  200.8650  210.6134  219.8822  228.6202  236.7742  244.3137  250.9794  257.1750  262.5609  267.8923
     1.2050    0.4174    9.2413   14.4714   20.3876   26.9734   34.1935   42.0102   50.3796   59.2539   68.5796   78.3003   88.3543   98.6788  109.2066  119.8572  130.4950  141.2088  151.8599  162.3733  172.6793  182.7157  192.4175  201.7293  210.5930  218.9619  226.7871  234.0323  240.6598  246.6314  251.7489  256.8911
     1.4460    0.4174    9.1446   14.2131   19.9042   26.2039   33.0808   40.5008   48.4248   56.8099   65.6081   74.7691   84.2377   93.9576  103.8683  113.9107  123.9756  134.0174  144.0604  153.9871  163.7356  173.2488  182.4689  191.3446  199.8244  207.8655  215.4246  222.4690  228.9652  234.8949  240.2020  245.2707
    -1.5665    0.2087    9.1447   14.2128   19.9036   26.2030   33.0798   40.4999   48.4241   56.8097   65.6086   74.7705   84.2400   93.9608  103.8723  113.9153  123.9803  134.0229  144.0659  153.9925  163.7406  173.2540  182.4744  191.3516  199.8336  207.8783  215.4419  222.4919  228.9943  234.9304  240.2438  245.3190
    -1.3255    0.2087    9.2416   14.4718   20.3882   26.9740   34.1941   42.0107   50.3803   59.2549   68.5815   78.3036   88.3599   98.6876  109.2198  119.8757  130.5196  141.2401  151.8979  162.4179  172.7302  182.7714  192.4770  201.7908  210.6554  219.0237  226.8478  234.0920  240.7199  246.6912  251.8159  256.9679
    -1.0845    0.2087    9.3193   14.6791   20.7757   27.5907   35.0862   43.2220   51.9512   61.2226   70.9791   81.1606   91.7012  102.5338  113.5877  124.7272  135.9407  147.2076  158.4004  169.4465  180.2714  190.8067  200.9828  210.7386  220.0122  228.7519  236.9048  244.4386  251.0934  257.2806  262.6483  267.9521
    -0.8435    0.2087    9.4079   14.9143   21.2141   28.2864   36.0905   44.5827   53.7125   63.4247   73.6578   84.3468   95.4211  106.8087  118.4223  130.1012  141.9454  153.8004  165.5741  177.1878  188.5602  199.6169  210.2818  220.4882  230.1683  239.2762  247.6151  255.2977  262.3353  268.6901  274.1979  279.5671
    -0.6025    0.2087    9.4751   15.0938   21.5497   28.8207   36.8639   45.6333   55.0759   65.1335   75.7412   86.8306   98.3271  110.1557  122.1899  134.3494  146.6692  158.9905  171.2251  183.2902  195.0998  206.5752  217.6360  228.2091  238.2374  247.5017  256.1321  264.1378  271.4435  277.9763  283.5995  289.0488
    -0.3615    0.2087    9.5308   15.2423   21.8277   29.2633   37.5045   46.5032   56.2041   66.5464   77.4623   88.8803  100.7222  112.9107  125.2778  137.8423  150.5391  163.2346  175.8364  188.2567  200.4032  212.1860  223.5349  234.3864  244.5859  254.0195  262.8996  271.1058  278.5356  285.1667  290.8562  296.3657
    -0.1205    0.2087    9.5637   15.3295   21.9900   29.5206   37.8755   47.0058   56.8547   67.3600   78.4524   90.0586  102.0989  114.4947  127.0529  139.8540  152.7728  165.6915  178.5156  191.1544  203.5060  215.5045  227.0669  238.1321  248.3910  258.0926  267.1661  275.5059  283.0266  289.7273  295.4567  300.9848
     0.1205    0.2087    9.5640   15.3304   21.9922   29.5244   37.8814   47.0142   56.8661   67.3750   78.4718   90.0834  102.1304  114.5339  127.1013  139.9129  152.8432  165.7737  178.6092  191.2582  203.6174  215.6205  227.1834  238.2456  248.4963  258.1901  267.2514  275.5789  283.0879  289.7790  295.4990  301.0168
     0.3615    0.2087    9.5301   15.2410   21.8261   29.2618   37.5039   46.5046   56.2089   66.5562   77.4789   88.9057  100.7584  112.9596  125.3401  137.9219  150.6364  163.3507  175.9718  188.4115  200.5769  212.3787  223.7454  234.6127  244.8164  254.2647  263.1500  271.3542  278.7730  285.3857  291.0511  296.5259
     0.6025    0.2087    9.4746   15.0926   21.5480   28.8183   36.8608   45.6293   55.0704   65.1257   75.7301   86.8147   98.3047  110.1245  122.1478  134.2936  146.5975  158.9003  171.1145  183.1576  194.9439  206.3953  217.4319  227.9812  237.9861  247.2363  255.8402  263.8249  271.1167  277.6427  283.2681  288.7351
     0.8435    0.2087    9.4071   14.9130   21.2126   28.2852   36.0903   44.5842   53.7168   63.4327   73.6704   84.3651   95.4458  106.8404  118.4611  130.1474  141.9990  153.8611  165.6411  177.2605  188.6379  199.6992  210.3681  220.5790  230.2639  239.3787  247.7205  255.4164  262.4639  268.8312  274.3460  279.7116
     1.0845    0.2087    9.3188   14.6777   20.7731   27.5863   35.0796   43.2125   51.9382   61.2052   70.9566   81.1317   91.6651  102.4893  113.5344  124.6647  135.8669  147.1238  158.3065  169.3427  180.1573  190.6827  200.8489  210.5954  219.8600  228.5923  236.7389  244.2706  250.9294  257.1157  262.4940  267.8141
     1.3255    0.2087    9.2411   14.4706   20.3854   26.9687   34.1851   41.9965   50.3593   59.2253   68.5412   78.2506   88.2922   98.6031  109.1167  119.7536  130.3761  141.0753  151.7140  162.2160  172.5129  182.5422  192.2397  201.5492  210.4134  218.7855  226.6175  233.8738  240.5181  246.5149  251.6599  256.8494
     1.5665    0.2087    9.1442   14.2127   19.9045   26.2057   33.0851   40.5086   48.4371   56.8276   65.6318   74.7992   84.2741   93.9999  103.9155  113.9617  124.0287  134.0722  144.1144  154.0387  163.7828  173.2906  182.5039  191.3722  199.8438  207.8763  215.4263  222.4615  228.9482  234.8683  240.1661  245.2264
    -1.4460    0.0000    9.2411   14.4698   20.3831   26.9637   34.1761   41.9820   50.3376   59.1946   68.4998   78.1969   88.2247   98.5206  109.0181  119.6393  130.2464  140.9302  151.5529  162.0387  172.3188  182.3305  192.0095  201.3000  210.1444  218.4971  226.3101  233.5488  240.1762  246.1729  251.2971  256.4671
    -1.2050    0.0000    9.3178   14.6745   20.7663   27.5740   35.0595   43.1819   51.8940   61.1440   70.8745   81.0249   91.5292  102.3200  113.3271  124.4189  135.5771  146.7884  157.9220  168.9059  179.6661  190.1351  200.2439  209.9327  219.1398  227.8153  235.9061  243.3861  250.0336  256.1443  261.4899  266.7498
    -0.9640    0.0000    9.4061   14.9102   21.2072   28.2758   36.0749   44.5605   53.6815   63.3827   73.6019   84.2740   95.3281  106.6917  118.2792  129.9283  141.7411  153.5612  165.2952  176.8646  188.1881  199.1916  209.7994  219.9458  229.5642  238.6088  246.9164  254.5248  261.5285  267.8395  273.3141  278.6441
    -0.7230    0.0000    9.4737   15.0903   21.5434   28.8104   36.8483   45.6109   55.0448   65.0914   75.6856   86.7585   98.2353  110.0404  122.0495  134.1792  146.4675  158.7534  170.9491  182.9714  194.7351  206.1619  217.1723  227.6942  237.6692  246.9054  255.4760  263.4343  270.7005  277.1949  282.7824  288.1921
    -0.4820    0.0000    9.5297   15.2384   21.8191   29.2475   37.4790   46.4656   56.1518   66.4770   77.3736   88.7701  100.5891  112.7531  125.0966  137.6361  150.3100  162.9834  175.5644  187.9657  200.0957  211.8646  223.2024  234.0449  244.2460  253.6698  262.5549  270.7611  278.1894  284.8138  290.4934  295.9871
    -0.2410    0.0000    9.5638   15.3299   21.9913   29.5233   37.8804   47.0136   56.8662   67.3760   78.4737   90.0862  102.1337  114.5375  127.1043  139.9157  152.8450  165.7747  178.6101  191.2601  203.6219  215.6298  227.1997  238.2709  248.5302  258.2366  267.3089  275.6452  283.1595  289.8520  295.5686  301.0773
     0.0000    0.0000    9.5859   15.3888   22.1014   29.6979   38.1322   47.3541   57.3061   67.9249   79.1401   90.8772  103.0552  115.5944  128.2847  141.2488  154.3188  167.3867  180.3557  193.1265  205.6091  217.7353  229.4108  240.5829  250.8470  260.6801  269.8342  278.2209  285.7676  292.4785  298.2024  303.7064
     0.2410    0.0000    9.5640   15.3306   21.9925   29.5247   37.8816   47.0139   56.8650   67.3721   78.4661   90.0732  102.1136  114.5081  127.0644  139.8609  152.7734  165.6836  178.4970  191.1226  203.4583  215.4386  226.9807  238.0239  248.2676  257.9422  266.9901  275.3087  282.8115  289.4991  295.2182  300.7433
     0.4820    0.0000    9.5295   15.2390   21.8219   29.2540   37.4908   46.4842   56.1788   66.5136   77.4209   88.8291  100.6601  112.8364  125.1914  137.7431  150.4273  163.1092  175.6963  188.1010  200.2310  211.9967  223.3271  234.1580  244.3440  253.7506  262.6139  270.7953  278.1958  284.7905  290.4379  295.8911
     0.7230    0.0000    9.4733   15.0889   21.5406   28.8056   36.8410   45.6005   55.0309   65.0737   75.6640   86.7333   98.2068  110.0095  122.0172  134.1467  146.4362  158.7248  170.9242  182.9513  194.7199  206.1513  217.1650  227.6879  237.6610  246.8914  255.4539  263.4021  270.6587  277.1461  282.7322  288.1517
     0.9640    0.0000    9.4057   14.9097   21.2069   28.2761   36.0764   44.5637   53.6873   63.3913   73.6137   84.2890   95.3456  106.7108  118.2984  129.9453  141.7534  153.5664  165.2912  176.8490  188.1590  199.1474  209.7395  219.8700  229.4723  238.5009  246.7974  254.3829  261.3685  267.6593  273.1148  278.4252
     1.2050    0.0000    9.3172   14.6736   20.7654   27.5736   35.0604   43.1850   51.9004   61.1554   70.8925   81.0514   91.5663  102.3697  113.3912  124.4985  135.6753  146.9055  158.0585  169.0614  179.8391  190.3234  200.4442  210.1408  219.3505  228.0228  236.1044  243.5692  250.1923  256.2813  261.5939  266.8062
     1.4460    0.0000    9.2405   14.4688   20.3820   26.9629   34.1760   41.9831   50.3402   59.1992   68.5067   78.2062   88.2365   98.5347  109.0343  119.6571  130.2654  140.9499  151.5723  162.0575  172.3363  182.3469  192.0252  201.3153  210.1599  218.5126  226.3254  233.5629  240.1870  246.1778  251.2932  256.4480
    -1.5665   -0.2087    9.1447   14.2128   19.9035   26.2026   33.0790   40.4986   48.4223   56.8072   65.6055   74.7666   84.2356   93.9560  103.8674  113.9109  123.9772  134.0215  144.0676  153.9983  163.7516  173.2710  182.4984  191.3832  199.8732  207.9259  215.4972  222.5545  229.0631  235.0042  240.3201  245.3951
    -1.3255   -0.2087    9.2413   14.4710   20.3867   26.9716   34.1906   42.0058   50.3733   59.2455   68.5689   78.2874   88.3393   98.6622  109.1891  119.8399  130.4792  141.1960  151.8515  162.3707  172.6846  182.7301  192.4429  201.7665  210.6434  219.0258  226.8656  234.1259  240.7701  246.7542  251.8975  257.0667
    -1.0845   -0.2087    9.3196   14.6797   20.7765   27.5913   35.0863   43.2209   51.9481   61.2164   70.9685   81.1441   91.6775  102.5013  113.5456  124.6755  135.8773  147.1337  158.3175  169.3565  180.1770  190.7112  200.8899  210.6525  219.9366  228.6912  236.8622  244.4174  251.0948  257.3069  262.6989  268.0309
    -0.8435   -0.2087    9.4075   14.9141   21.2148   28.2888   36.0954   44.5910   53.7252   63.4424   73.6811   84.3761   95.4565  106.8497  118.4679  130.1508  141.9973  153.8523  165.6240  177.2340  188.6014  199.6527  210.3126  220.5160  230.1956  239.3080  247.6542  255.3519  262.4050  268.7795  274.3054  279.6920
    -0.6025   -0.2087    9.4747   15.0932   21.5496   28.8217   36.8668   45.6390   55.0851   65.1469   75.7593   86.8539   98.3556  110.1894  122.2278  134.3924  146.7156  159.0391  171.2745  183.3388  195.1458  206.6169  217.6713  228.2359  238.2540  247.5066  256.1246  264.1158  271.4073  277.9284  283.5447  288.9958
    -0.3615   -0.2087    9.5307   15.2424   21.8284   29.2652   37.5082   46.5097   56.2145   66.5620   77.4845   88.9108  100.7628  112.9633  125.3437  137.9251  150.6400  163.3553  175.9786  188.4219  200.5925  212.4006  223.7751  234.6520  244.8663  254.3265  263.2224  271.4352  278.8602  285.4754  291.1377  296.6042
    -0.1205   -0.2087    9.5640   15.3301   21.9909   29.5214   37.8760   47.0053   56.8526   67.3553   78.4440   90.0455  102.0799  114.4686  127.0192  139.8105  152.7193  165.6270  178.4392  191.0651  203.4028  215.3864  226.9335  237.9830  248.2334  257.9177  266.9789  275.3128  282.8336  289.5400  295.2794  300.8224
     0.1205   -0.2087    9.5638   15.3302   21.9920   29.5245   37.8822   47.0159   56.8690   67.3792   78.4770   90.0895  102.1366  114.5399  127.1059  139.9161  152.8439  165.7715  178.6039  191.2500  203.6070  215.6089  227.1715  238.2339  248.4861  258.1814  267.2439  275.5712  283.0785  289.7657  295.4801  300.9871
     0.3615   -0.2087    9.5306   15.2421   21.8279   29.2643   37.5069   46.5079   56.2120   66.5583   77.4792   88.9031  100.7519  112.9480  125.3230  137.8974  150.6042  163.3107  175.9245  188.3582  200.5193  212.3192  223.6867  234.5579  244.7705  254.2268  263.1222  271.3376  278.7680  285.3920  291.0663  296.5495
     0.6025   -0.2087    9.4749   15.0933   21.5490   28.8196   36.8624   45.6314   55.0734   65.1303   75.7371   86.8254   98.3205  110.1473  122.1792  134.3361  146.6532  158.9717  171.2039  183.2669  195.0752  206.5502  217.6115  228.1858  238.2164  247.4826  256.1152  264.1243  271.4334  277.9695  283.5959  289.0493
     0.8435   -0.2087    9.4077   14.9142   21.2141   28.2865   36.0907   44.5829   53.7128   63.4249   73.6578   84.3464   95.4200  106.8063  118.4180  130.0931  141.9319  153.7798  165.5445  177.1474  188.5077  199.5518  210.2043  220.4004  230.0736  239.1797  247.5253  255.2147  262.2707  268.6509  274.1876  279.5896
     1.0845   -0.2087    9.3190   14.6786   20.7748   27.5891   35.0839   43.2187   51.9465   61.2162   70.9703   81.1486   91.6853  102.5128  113.5610  124.6943  135.8999  147.1586  158.3425  169.3790  180.1938  190.7187  200.8843  210.6295  219.8923  228.6225  236.7664  244.2933  250.9474  257.1264  262.4974  267.8111
     1.3255   -0.2087    9.2414   14.4716   20.3879   26.9735   34.1933   42.0091   50.3770   59.2490   68.5714   78.2876   88.3359   98.6531  109.1725  119.8141  130.4412  141.1436  151.7834  162.2851  172.5801  182.6064  192.2999  201.6049  210.4646  218.8323  226.6601  233.9129  240.5533  246.5450  251.6845  256.8633
     1.5665   -0.2087    9.1447   14.2132   19.9045   26.2046   33.0821   40.5030   48.4280   56.8141   65.6133   74.7750   84.2441   93.9640  103.8741  113.9155  123.9791  134.0198  144.0612  153.9864  163.7336  173.2464  182.4667  191.3439  199.8260  207.8707  215.4338  222.4830  228.9840  234.9185  240.2298  245.3032
    -1.4460   -0.4174    9.1451   14.2139   19.9054   26.2054   33.0827   40.5032   48.4275   56.8127   65.6108   74.7710   84.2381   93.9553  103.8621  113.8993  123.9579  133.9916  144.0254  153.9421  163.6802  173.1835  182.3944  191.2626  199.7367  207.7743  215.3322  222.3778  228.8778  234.8141  240.1305  245.2149
    -1.2050   -0.4174    9.2416   14.4717   20.3876   26.9727   34.1917   42.0069   50.3743   59.2464   68.5695   78.2875   88.3391   98.6616  109.1881  119.8382  130.4766  141.1922  151.8463  162.3635  172.6748  182.7175  192.4272  201.7488  210.6247  219.0096  226.8555  234.1276  240.7880  246.7890  251.9534  257.1409
    -0.9640   -0.4174    9.3199   14.6805   20.7780   27.5937   35.0901   43.2267   51.9565   61.2286   70.9857   81.1677   91.7090  102.5425  113.5978  124.7387  135.9544  147.2238  158.4193  169.4684  180.2964  190.8349  201.0137  210.7716  220.0456  228.7851  236.9359  244.4670  251.1171  257.2990  262.6602  267.9606
    -0.7230   -0.4174    9.4080   14.9154   21.2169   28.2918   36.0993   44.5960   53.7314   63.4503   73.6912   84.3891   95.4732  106.8713  118.4955  130.1857  142.0410  153.9065  165.6898  177.3123  188.6926  199.7566  210.4282  220.6414  230.3288  239.4459  247.7888  255.4885  262.5371  268.9063  274.4243  279.7989
    -0.4820   -0.4174    9.4750   15.0935   21.5496   28.8209   36.8644   45.6342   55.0771   65.1348   75.7424   86.8313   98.3270  110.1541  122.1865  134.3435  146.6603  158.9783  171.2100  183.2727  195.0806  206.5553  217.6161  228.1899  238.2195  247.4861  256.1173  264.1227  271.4266  277.9568  283.5768  289.0264
    -0.2410   -0.4174    9.5298   15.2395   21.8222   29.2538   37.4897   46.4817   56.1741   66.5059   77.4092   88.8125  100.6375  112.8068  125.1541  137.6970  150.3720  163.0444  175.6224  188.0189  200.1422  211.9031  223.2313  234.0625  244.2538  253.6639  262.5354  270.7258  278.1383  284.7465  290.4097  295.8829
     0.0000   -0.4174    9.5308   15.2424   21.8280   29.2638   37.5052   46.5044   56.2063   66.5501   77.4684   88.8899  100.7368  112.9317  125.3069  137.8821  150.5915  163.3020  175.9212  188.3612  200.5292  212.3353  223.7084  234.5841  244.7985  254.2561  263.1510  271.3647  278.7926  285.4139  291.0860  296.5682
     0.2410   -0.4174    9.5297   15.2392   21.8219   29.2536   37.4898   46.4822   56.1755   66.5086   77.4137   88.8191  100.6467  112.8186  125.1684  137.7138  150.3905  163.0642  175.6428  188.0389  200.1607  211.9197  223.2452  234.0731  244.2616  253.6685  262.5366  270.7248  278.1339  284.7380  290.3932  295.8526
     0.4820   -0.4174    9.4752   15.0936   21.5489   28.8186   36.8596   45.6259   55.0644   65.1166   75.7178   86.7996   98.2876  110.1065  122.1310  134.2786  146.5868  158.8960  171.1186  183.1717  194.9693  206.4328  217.4820  228.0439  238.0610  247.3215  255.9388  263.9362  271.2387  277.7738  283.4055  288.8775
     0.7230   -0.4174    9.4078   14.9152   21.2172   28.2934   36.1030   44.6025   53.7413   63.4639   73.7084   84.4095   95.4957  106.8947  118.5180  130.2058  142.0563  153.9150  165.6901  177.3030  188.6732  199.7273  210.3897  220.5948  230.2749  239.3854  247.7258  255.4181  262.4632  268.8295  274.3462  279.7209
     0.9640   -0.4174    9.3194   14.6789   20.7749   27.5886   35.0828   43.2168   51.9440   61.2132   70.9675   81.1463   91.6842  102.5137  113.5645  124.7003  135.9093  147.1718  158.3597  169.4004  180.2192  190.7479  200.9168  210.6654  219.9318  228.6656  236.8140  244.3469  251.0058  257.1962  262.5757  267.8975
     1.2050   -0.4174    9.2420   14.4729   20.3898   26.9757   34.1956   42.0113   50.3792   59.2515   68.5748   78.2929   88.3445   98.6669  109.1935  119.8442  130.4825  141.1980  151.8527  162.3711  172.6840  182.7290  192.4416  201.7654  210.6431  219.0273  226.8692  234.1331  240.7821  246.7700  251.9147  257.0814
     1.4460   -0.4174    9.1449   14.2134   19.9046   26.2044   33.0814   40.5017   48.4262   56.8120   65.6111   74.7733   84.2431   93.9643  103.8763  113.9202  123.9864  134.0300  144.0749  154.0040  163.7554  173.2724  182.4971  191.3784  199.8644  207.9122  215.4777  222.5283  229.0295  234.9629  240.2725  245.3439
    -1.3255   -0.6261    9.1453   14.2145   19.9065   26.2073   33.0855   40.5070   48.4327   56.8196   65.6198   74.7828   84.2535   93.9756  103.8887  113.9338  124.0014  134.0473  144.0946  154.0265  163.7810  173.3016  182.5296  191.4144  199.9034  207.9540  215.5215  222.5738  229.0759  235.0097  240.3178  245.3847
    -1.0845   -0.6261    9.2424   14.4737   20.3912   26.9780   34.1987   42.0154   50.3842   59.2571   68.5806   78.2983   88.3487   98.6688  109.1917  119.8375  130.4694  141.1769  151.8219  162.3293  172.6303  182.6621  192.3609  201.6707  210.5346  218.9067  226.7388  233.9963  240.6423  246.6368  251.7851  256.9704
    -0.8435   -0.6261    9.3200   14.6803   20.7770   27.5914   35.0859   43.2198   51.9464   61.2143   70.9664   81.1426   91.6773  102.5033  113.5506  124.6836  135.8897  147.1505  158.3381  169.3804  180.2032  190.7388  200.9175  210.6788  219.9607  228.7123  236.8799  244.4310  251.1044  257.3135  262.7044  268.0404
    -0.6025   -0.6261    9.4077   14.9145   21.2151   28.2887   36.0947   44.5892   53.7219   63.4372   73.6736   84.3661   95.4439  106.8347  118.4511  130.1321  141.9780  153.8339  165.6079  177.2218  188.5948  199.6536  210.3227  220.5368  230.2282  239.3530  247.7079  255.4173  262.4797  268.8636  274.3976  279.7939
    -0.3615   -0.6261    9.4737   15.0904   21.5440   28.8120   36.8515   45.6162   55.0530   65.1033   75.7021   86.7807   98.2643  110.0774  122.0954  134.2361  146.5361  158.8343  171.0422  183.0764  194.8503  206.2851  217.2994  227.8213  237.7908  247.0146  255.5726  263.5110  270.7527  277.2228  282.7879  288.1822
    -0.1205   -0.6261    9.4750   15.0932   21.5485   28.8188   36.8612   45.6295   55.0708   65.1266   75.7319   86.8183   98.3110  110.1347  122.1630  134.3155  146.6272  158.9392  171.1637  183.2181  195.0168  206.4813  217.5317  228.0950  238.1147  247.3754  255.9982  263.9992  271.3040  277.8403  283.4729  288.9444
     0.1205   -0.6261    9.4748   15.0930   21.5486   28.8198   36.8638   45.6348   55.0796   65.1402   75.7514   86.8449   98.3459  110.1792  122.2174  134.3824  146.7072  159.0332  171.2722  183.3413  195.1541  206.6320  217.6940  228.2670  238.2939  247.5526  256.1789  264.1761  271.4694  277.9874  283.5956  289.0309
     0.3615   -0.6261    9.4737   15.0903   21.5434   28.8105   36.8482   45.6102   55.0429   65.0876   75.6790   86.7480   98.2198  110.0186  122.0206  134.1419  146.4209  158.6969  170.8822  182.8943  194.6478  206.0645  217.0648  227.5768  237.5417  246.7724  255.3309  263.2793  270.5390  277.0317  282.6230  288.0456
     0.6025   -0.6261    9.4077   14.9147   21.2158   28.2904   36.0977   44.5942   53.7294   63.4481   73.6887   84.3864   95.4703  106.8685  118.4930  130.1836  142.0396  153.9063  165.6912  177.3157  188.6981  199.7643  210.4376  220.6518  230.3377  239.4501  247.7853  255.4704  262.5012  268.8482  274.3425  279.6927
     0.8435   -0.6261    9.3196   14.6796   20.7760   27.5902   35.0844   43.2182   51.9446   61.2125   70.9648   81.1412   91.6761  102.5023  113.5495  124.6822  135.8878  147.1469  158.3317  169.3697  180.1859  190.7123  200.8791  210.6254  219.8892  228.6204  236.7655  244.2954  250.9526  257.1352  262.5087  267.8271
     1.0845   -0.6261    9.2419   14.4725   20.3890   26.9746   34.1942   42.0098   50.3780   59.2510   68.5756   78.2958   88.3505   98.6769  109.2085  119.8649  130.5105  141.2341  151.8970  162.4237  172.7450  182.7974  192.5160  201.8444  210.7252  219.1106  226.9525  234.2149  240.8612  246.8436  251.9906  257.1620
     1.3255   -0.6261    9.1453   14.2141   19.9054   26.2050   33.0815   40.5007   48.4233   56.8062   65.6014   74.7580   84.2207   93.9328  103.8338  113.8645  123.9166  133.9426  143.9691  153.8786  163.6098  173.1062  182.3108  191.1733  199.6427  207.6771  215.2339  222.2805  228.7839  234.7253  240.0487  245.1406
    -1.2050   -0.8348    9.1452   14.2143   19.9063   26.2070   33.0852   40.5069   48.4328   56.8202   65.6210   74.7848   84.2562   93.9787  103.8918  113.9364  124.0029  134.0465  144.0909  154.0192  163.7697  173.2857  182.5096  191.3905  199.8764  207.9244  215.4901  222.5406  229.0410  234.9731  240.2800  245.3481
    -0.9640   -0.8348    9.2421   14.4730   20.3899   26.9760   34.1962   42.0123   50.3806   59.2531   68.5764   78.2942   88.3452   98.6665  109.1915  119.8401  130.4761  141.1888  151.8393  162.3527  172.6595  182.6970  192.4001  201.7128  210.5779  218.9485  226.7766  234.0275  240.6641  246.6478  251.7838  256.9525
    -0.7230   -0.8348    9.3194   14.6795   20.7765   27.5918   35.0880   43.2244   51.9543   61.2264   70.9837   81.1659   91.7072  102.5405  113.5954  124.7358  135.9508  147.2192  158.4134  169.4610  180.2876  190.8255  201.0049  210.7653  220.0451  228.7938  236.9578  244.5047  251.1726  257.3786  262.7588  268.0730
    -0.4820   -0.8348    9.4060   14.9100   21.2068   28.2754   36.0748   44.5612   53.6836   63.3866   73.6082   84.2830   95.3402  106.7073  118.2981  129.9509  141.7680  153.5926  165.3319  176.9075  188.2384  199.2510  209.8696  220.0283  229.6592  238.7163  247.0292  254.6479  261.6498  267.9538  273.4123  278.7153
    -0.2410   -0.8348    9.4080   14.9151   21.2160   28.2896   36.0954   44.5897   53.7220   63.4373   73.6743   84.3681   95.4484  106.8431  118.4649  130.1529  142.0072  153.8727  165.6574  177.2825  188.6661  199.7341  210.4104  220.6297  230.3241  239.4501  247.8027  255.5142  262.5749  268.9588  274.4890  279.8732
     0.0000   -0.8348    9.4084   14.9165   21.2191   28.2954   36.1046   44.6028   53.7396   63.4594   73.7006   84.3980   95.4806  106.8761  118.4969  130.1820  142.0308  153.8887  165.6636  177.2771  188.6481  199.7026  210.3647  220.5686  230.2463  239.3541  247.6923  255.3781  262.4185  268.7799  274.2953  279.6781
     0.2410   -0.8348    9.4077   14.9143   21.2147   28.2881   36.0938   44.5883   53.7213   63.4376   73.6760   84.3717   95.4541  106.8514  118.4757  130.1670  142.0246  153.8932  165.6801  177.3059  188.6889  199.7541  210.4251  220.6357  230.3179  239.4274  247.7619  255.4492  262.4860  268.8427  274.3499  279.7175
     0.4820   -0.8348    9.4057   14.9090   21.2046   28.2715   36.0684   44.5517   53.6703   63.3688   73.5852   84.2545   95.3054  106.6657  118.2492  129.8940  141.7024  153.5184  165.2489  176.8159  188.1382  199.1424  209.7533  219.9053  229.5314  238.5865  246.9038  254.5258  261.5415  267.8642  273.3479  278.6820
     0.7230   -0.8348    9.3189   14.6780   20.7736   27.5874   35.0816   43.2159   51.9433   61.2127   70.9669   81.1453   91.6824  102.5101  113.5583  124.6910  135.8960  147.1537  158.3360  169.3705  180.1826  190.7044  200.8667  210.6096  219.8717  228.6032  236.7510  244.2862  250.9502  257.1429  262.5248  267.8426
     0.9640   -0.8348    9.2417   14.4714   20.3865   26.9699   34.1864   41.9981   50.3614   59.2285   68.5462   78.2583   88.3038   98.6201  109.1407  119.7858  130.4185  141.1295  151.7806  162.2967  172.6088  182.6538  192.3675  201.6938  210.5752  218.9652  226.8152  234.0900  240.7524  246.7553  251.9199  257.1154
     1.2050   -0.8348    9.1452   14.2141   19.9058   26.2061   33.0837   40.5045   48.4293   56.8151   65.6138   74.7748   84.2428   93.9612  103.8694  113.9083  123.9688  134.0053  144.0423  153.9625  163.7046  173.2122  182.4278  191.3001  199.7778  207.8181  215.3777  222.4234  228.9216  234.8537  240.1634  245.2361
    -1.0845   -1.0436    9.1454   14.2147   19.9066   26.2070   33.0845   40.5049   48.4292   56.8142   65.6121   74.7723   84.2397   93.9577  103.8659  113.9053  123.9667  134.0045  144.0432  153.9655  163.7097  173.2194  182.4369  191.3117  199.7926  207.8372  215.4025  222.4556  228.9627  234.9044  240.2235  245.3037
    -0.8435   -1.0436    9.2418   14.4718   20.3870   26.9705   34.1873   41.9994   50.3630   59.2305   68.5487   78.2613   88.3073   98.6240  109.1449  119.7903  130.4239  141.1359  151.7879  162.3047  172.6175  182.6632  192.3773  201.7036  210.5842  218.9723  226.8193  234.0895  240.7464  246.7444  251.9033  257.0905
    -0.6025   -1.0436    9.3182   14.6755   20.7678   27.5759   35.0618   43.1845   51.8971   61.1481   70.8803   81.0332   91.5412  102.3368  113.3499  124.4488  135.6149  146.8344  157.9761  168.9672  179.7329  190.2052  200.3146  210.0002  219.2012  227.8678  235.9476  243.4150  250.0502  256.1476  261.4809  266.7279
    -0.3615   -1.0436    9.3194   14.6794   20.7763   27.5916   35.0877   43.2242   51.9540   61.2262   70.9832   81.1652   91.7060  102.5383  113.5918  124.7303  135.9432  147.2096  158.4017  169.4469  180.2705  190.8049  200.9801  210.7349  220.0074  228.7464  236.8993  244.4347  251.0930  257.2866  262.6626  267.9777
    -0.1205   -1.0436    9.3204   14.6812   20.7788   27.5943   35.0901   43.2254   51.9534   61.2226   70.9759   81.1527   91.6874  102.5124  113.5575  124.6868  135.8878  147.1409  158.3187  169.3488  180.1566  190.6746  200.8337  210.5736  219.8322  228.5603  236.7035  244.2331  250.8928  257.0741  262.4487  267.7676
     0.1205   -1.0436    9.3200   14.6810   20.7795   27.5971   35.0962   43.2361   51.9699   61.2464   71.0079   81.1940   91.7384  102.5737  113.6290  124.7678  135.9798  147.2432  158.4306  169.4702  180.2876  190.8154  200.9848  210.7361  220.0073  228.7487  236.9072  244.4515  251.1189  257.3218  262.7020  268.0157
     0.3615   -1.0436    9.3193   14.6789   20.7749   27.5887   35.0827   43.2163   51.9426   61.2104   70.9624   81.1382   91.6722  102.4969  113.5421  124.6722  135.8743  147.1299  158.3110  169.3453  180.1585  190.6828  200.8487  210.5957  219.8619  228.5968  236.7469  244.2826  250.9457  257.1341  262.5122  267.8288
     0.6025   -1.0436    9.3178   14.6748   20.7670   27.5753   35.0618   43.1855   51.8993   61.1515   70.8848   81.0387   91.5474  102.3433  113.3564  124.4551  135.6211  146.8408  157.9836  168.9766  179.7456  190.2227  200.3383  210.0318  219.2411  227.9154  236.0008  243.4704  250.1026  256.1955  261.5174  266.7453
     0.8435   -1.0436    9.2411   14.4712   20.3878   26.9742   34.1954   42.0136   50.3851   59.2622   68.5915   78.3167   88.3762   98.7071  109.2422  119.9007  130.5473  141.2696  151.9283  162.4476  172.7576  182.7948  192.4940  201.7993  210.6527  219.0074  226.8156  234.0425  240.6521  246.6102  251.7172  256.8596
     1.0845   -1.0436    9.1448   14.2134   19.9051   26.2057   33.0840   40.5058   48.4318   56.8193   65.6200   74.7834   84.2543   93.9760  103.8879  113.9310  123.9957  134.0374  144.0793  154.0043  163.7507  173.2621  182.4805  191.3554  199.8347  207.8760  215.4356  222.4809  228.9779  234.9082  240.2154  245.2839
    -0.9640   -1.2523    9.1451   14.2143   19.9067   26.2083   33.0878   40.5111   48.4390   56.8287   65.6319   74.7980   84.2715   93.9959  103.9102  113.9554  124.0217  134.0647  144.1070  154.0320  163.7776  173.2875  182.5036  191.3754  199.8509  207.8879  215.4426  222.4824  228.9735  234.8977  240.1988  245.2614
    -0.7230   -1.2523    9.2414   14.4708   20.3851   26.9673   34.1816   41.9900   50.3482   59.2082   68.5163   78.2159   88.2456   98.5425  109.0399  119.6594  130.2636  140.9427  151.5589  162.0368  172.3076  182.3089  191.9767  201.2554  210.0878  218.4278  226.2275  233.4519  240.0639  246.0487  251.1580  256.3107
    -0.4820   -1.2523    9.2424   14.4733   20.3900   26.9752   34.1937   42.0073   50.3721   59.2401   68.5577   78.2688   88.3120   98.6247  109.1403  119.7799  130.4065  141.1107  151.7551  162.2643  172.5694  182.6075  192.3141  201.6326  210.5053  218.8847  226.7230  233.9837  240.6310  246.6251  251.7721  256.9554
    -0.2410   -1.2523    9.2427   14.4736   20.3900   26.9746   34.1924   42.0051   50.3693   59.2370   68.5549   78.2671   88.3122   98.6278  109.1472  119.7907  130.4217  141.1302  151.7783  162.2908  172.5992  182.6408  192.3514  201.6754  210.5556  218.9455  226.7966  234.0732  240.7383  246.7446  251.9109  257.1054
     0.0000   -1.2523    9.2429   14.4738   20.3898   26.9735   34.1896   41.9998   50.3604   59.2234   68.5357   78.2410   88.2785   98.5856  109.0961  119.7308  130.3523  141.0513  151.6910  162.1957  172.4970  182.5316  192.2357  201.5529  210.4266  218.8096  226.6548  233.9270  240.5902  246.6030  251.7717  256.9809
     0.2410   -1.2523    9.2420   14.4726   20.3891   26.9745   34.1936   42.0086   50.3755   59.2469   68.5693   78.2869   88.3385   98.6615  109.1895  119.8421  130.4839  141.2045  151.8647  162.3897  172.7100  182.7629  192.4832  201.8146  210.6986  219.0881  226.9336  234.1994  240.8481  246.8326  251.9802  257.1508
     0.4820   -1.2523    9.2417   14.4721   20.3887   26.9747   34.1948   42.0110   50.3795   59.2525   68.5762   78.2944   88.3452   98.6658  109.1888  119.8339  130.4651  141.1709  151.8126  162.3147  172.6080  182.6297  192.3155  201.6104  210.4576  218.8115  226.6255  233.8651  240.4947  246.4818  251.6170  256.7966
     0.7230   -1.2523    9.2403   14.4682   20.3811   26.9619   34.1754   41.9835   50.3423   59.2040   68.5150   78.2190   88.2545   98.5587  109.0646  119.6934  130.3084  140.9993  151.6274  162.1172  172.3996  182.4120  192.0905  201.3797  210.2229  218.5735  226.3843  233.6197  240.2425  246.2304  251.3481  256.5026
     0.9640   -1.2523    9.1443   14.2127   19.9041   26.2048   33.0833   40.5055   48.4324   56.8210   65.6231   74.7883   84.2611   93.9849  103.8991  113.9443  124.0109  134.0541  144.0967  154.0219  163.7675  173.2770  182.4923  191.3628  199.8367  207.8719  215.4246  222.4626  228.9520  234.8740  240.1721  245.2304
    -0.6025   -1.4610    9.1457   14.2149   19.9066   26.2065   33.0834   40.5030   48.4261   56.8098   65.6061   74.7644   84.2297   93.9454  103.8510  113.8876  123.9463  133.9812  144.0170  153.9365  163.6781  173.1857  182.4013  191.2749  199.7547  207.7984  215.3624  222.4139  228.9187  234.8582  240.1756  245.2558
    -0.3615   -1.4610    9.1458   14.2154   19.9078   26.2088   33.0871   40.5084   48.4336   56.8197   65.6190   74.7808   84.2502   93.9707  103.8817  113.9243  123.9894  134.0317  144.0749  154.0020  163.7512  173.2660  182.4883  191.3678  199.8524  207.8999  215.4662  222.5190  229.0233  234.9603  240.2714  245.3399
    -0.1205   -1.4610    9.1458   14.2155   19.9081   26.2096   33.0883   40.5100   48.4355   56.8216   65.6202   74.7808   84.2479   93.9652  103.8719  113.9091  123.9677  134.0023  144.0372  153.9554  163.6956  173.2014  182.4152  191.2864  199.7634  207.8036  215.3632  222.4091  228.9076  234.8404  240.1517  245.2284
     0.1205   -1.4610    9.1452   14.2144   19.9068   26.2084   33.0880   40.5115   48.4399   56.8302   65.6346   74.8025   84.2787   94.0068  103.9258  113.9768  124.0492  134.1004  144.1511  154.0849  163.8396  173.3585  182.5832  191.4631  199.9460  207.9895  215.5496  222.5940  229.0887  235.0158  240.3190  245.3833
     0.3615   -1.4610    9.1453   14.2145   19.9065   26.2070   33.0848   40.5057   48.4305   56.8162   65.6148   74.7758   84.2441   93.9631  103.8725  113.9131  123.9761  134.0156  144.0563  153.9809  163.7276  173.2399  182.4596  191.3361  199.8178  207.8620  215.4249  222.4739  228.9743  234.9071  240.2144  245.2795
     0.6025   -1.4610    9.1450   14.2135   19.9046   26.2042   33.0808   40.5004   48.4237   56.8077   65.6045   74.7636   84.2296   93.9462  103.8528  113.8905  123.9504  133.9866  144.0237  153.9447  163.6875  173.1961  182.4124  191.2857  199.7641  207.8052  215.3649  222.4106  228.9085  234.8405  240.1511  245.2269
