         -0.6025         1.4610     75524.7009     72757.5101     69981.4774     67164.4367     64344.0243     61526.1697     58714.9601     55913.3487     53125.0574     50352.5885     47599.0973     44866.5173     42157.3418     39472.8131     36815.5547     34163.2095     31514.3537     28902.0980     26326.5417     23786.6810     21281.8299     18810.2980     16370.7371     13960.9416     11579.0303      9222.4492      6888.9243      4575.7211      2280.3701         0.0000
         -0.3615         1.4610     75524.6943     72757.4911     69981.4287     67164.3785     64343.9465     61526.0903     58714.8897     55913.3297     53125.0935     50352.7076     47599.3213     44866.8663     42157.8188     39473.4240     36816.2823     34164.3003     31515.5481     28903.3522     26327.8101     23787.9073     21282.9679     18811.3100     16371.5951     13961.6304     11579.5485      9222.8101      6889.1514      4575.8437      2280.4193         0.0000
         -0.1205         1.4610     75524.6679     72757.4404     69981.3678     67164.3145     64343.8910     61526.0533     58714.8847     55913.3392     53125.1386     50352.7841     47599.4333     44867.0126     42157.9977     39473.6364     36816.5248     34164.6779     31515.9454     28903.7679     26328.2371     23788.3477     21283.4188     18811.7715     16372.0563     13962.0860     11579.9795      9223.1997      6889.4747      4576.0780      2280.5423         0.0000
          0.1205         1.4610     75524.6415     72757.3769     69981.2705     67164.1922     64343.7687     61525.9316     58714.7741     55913.2439     53125.0574     50352.7076     47599.3573     44866.9300     42157.9030     39473.5188     36816.3793     34164.5017     31515.7352     28903.5320     26327.9856     23788.0895     21283.1638     18811.5222     16371.8225     13961.8669     11579.7797      9223.0242      6889.3324      4575.9765      2280.4900         0.0000
          0.3615         1.4610     75524.6679     72757.4277     69981.3252     67164.2388     64343.7743     61525.8945     58714.6785     55913.0913     53124.8410     50352.4524     47599.0652     44866.6149     42157.5944     39473.2313     36816.1337     34164.1409     31515.4481     28903.3148     26327.8355     23787.9870     21283.0861     18811.4584     16371.7570     13961.7939     11579.6997      9222.9400      6889.2539      4575.9143      2280.4542         0.0000
          0.6025         1.4610     75524.6877     72757.4974     69981.4956     67164.5240     64344.2021     61526.4713     58715.4127     55913.9781     53125.8690     50353.5965     47600.3015     44867.9168     42158.9027     39474.5218     36817.3706     34165.6261     31516.8170     28904.5550     26328.9348     23788.9591     21283.9338     18812.1915     16372.3826     13962.3192     11580.1252      9223.2668      6889.4794      4576.0457      2280.5055         0.0000
         -0.9640         1.2523     75524.6415     72757.3452     69981.2339     67164.1573     64343.7298     61525.8998     58714.7439     55913.2248     53125.0484     50352.7246     47599.3933     44866.9863     42157.9872     39473.6233     36816.5096     34164.7702     31516.0044     28903.7889     26328.2266     23788.3022     21283.3327     18811.6409     16371.8829     13961.8713     11579.7293      9222.9343      6889.2183      4575.8665      2280.4142         0.0000
         -0.7230         1.2523     75521.4941     72749.3225     69964.2419     67137.1597     64306.4881     61477.8317     58655.6520     55843.2784     53044.7332     50262.8363     47500.9733     44761.2946     42046.4376     39358.0168     36691.6920     34009.7172     31362.0648     28753.1436     26182.9653     23650.3953     21154.6082     18693.7243     16266.2118     13869.6426     11501.9251      9160.2662      6842.1640      4544.6192      2265.1917         0.0000
         -0.4820         1.2523     75521.4413     72749.1640     69963.9682     67136.7758     64305.9776     61477.1765     58654.8440     55842.3131     53043.5959     50261.5142     47499.4674     44759.6030     42044.5606     39355.9901     36689.1629     34006.9540     31359.2170     28750.2292     26180.0217     23647.4551     21151.6926     18690.8773     16263.4744     13867.0670     11499.5670      9158.1940      6840.4530      4543.4208      2264.3384         0.0000
         -0.2410         1.2523     75521.4281     72749.1386     69963.9195     67136.7060     64305.8888     61477.0867     58654.7487     55842.2227     53043.5150     50261.4421     47499.4076     44759.5545     42044.5188     39355.9479     36689.0816     34006.8431     31359.0851     28750.0559     26179.7938     23647.1587     21151.3424     18690.4773     16263.0447     13866.6326     11499.1562      9157.8338      6840.1663      4543.2345      2264.2125         0.0000
          0.0000         1.2523     75521.4347     72749.1513     69963.9256     67136.7060     64305.8832     61477.0497     58654.6834     55842.0991     53043.3352     50261.1794     47499.0451     44759.0728     42043.9118     39355.2074     36687.9917     34005.4963     31357.5751     28748.4130     26178.0610     23645.3804     21149.5748     18688.7708     16261.4565     13865.2103     11497.9355      9156.8478      6839.4301      4542.7699      2263.8938         0.0000
          0.2410         1.2523     75521.4215     72749.1260     69963.9074     67136.7060     64305.9221     61477.1501     58654.8792     55842.4177     53043.7802     50261.7896     47499.8379     44760.0810     42045.1328     39356.6462     36690.0179     34007.9323     31360.2601     28751.3038     26181.0857     23648.4795     21152.6599     18691.7622     16264.2642     13867.7498     11500.1394      9158.6492      6840.7968      4543.6424      2264.4973         0.0000
          0.4820         1.2523     75521.4611     72749.2401     69964.1263     67137.0433     64306.3660     61477.6943     58655.4914     55843.0692     53044.4410     50262.4126     47500.3718     44760.4656     42045.3386     39356.6462     36689.6656     34007.2034     31359.2119     28749.9704     26179.5221     23646.7404     21150.8137     18689.8752     16262.4084     13865.9908     11498.5396      9157.2768      6839.6996      4542.9059      2263.9547         0.0000
          0.7230         1.2523     75521.4677     72749.2401     69964.1142     67137.0143     64306.3383     61477.6943     58655.5466     55843.2214     53044.7467     50262.9169     47501.1327     44761.5336     42046.7516     39358.4001     36692.2701     34010.3963     31362.7907     28753.8740     26183.6825     23651.0652     21155.2121     18694.2416     16266.6354     13869.9718     11502.1621      9160.4210      6842.2499      4544.6507      2265.1933         0.0000
          0.9640         1.2523     75524.6745     72757.4848     69981.4652     67164.4891     64344.1632     61526.4343     58715.3725     55913.9447     53125.8374     50353.5710     47600.2655     44867.8681     42158.8430     39474.4402     36817.2554     34165.4387     31516.5734     28904.2561     26328.5796     23788.5566     21283.4931     18811.7300     16371.9176     13961.8723     11579.7185      9222.9207      6889.2135      4575.8700      2280.4240         0.0000
         -1.0845         1.0436     75524.6349     72757.3389     69981.2157     67164.1457     64343.7187     61525.8945     58714.7590     55913.2629     53125.1115     50352.8182     47599.5213     44867.1664     42158.2082     39473.9076     36816.8522     34165.3100     31516.6580     28904.5667     26329.1188     23789.3027     21284.4235     18812.7911     16373.0635     13963.0322     11580.8253      9223.9061      6890.0151      4576.4331      2280.7128         0.0000
         -0.8435         1.0436     75521.4611     72749.2274     69964.0290     67136.8165     64305.9942     61477.1607     58654.7838     55842.2037     53043.4521     50261.3362     47499.2642     44759.3902     42044.3443     39355.7822     36688.8347     34006.5965     31358.8973     28749.9473     26179.7667     23647.2281     21151.5041     18690.7308     16263.3679     13866.9992     11499.5378      9158.1947      6840.4713      4543.4440      2264.3607         0.0000
         -0.6025         1.0436     75518.8879     72742.6140     69950.2006     67114.9901     64275.9640     61438.4698     58607.2836     55785.9902     52978.8844     50188.9946     47419.9275     44673.9921     41953.9480     39262.4828     36568.0618     33880.0947     31232.8782     28626.1377     26059.8887     23532.8989     21044.2648     18591.9725     16174.3708     13788.8654     11433.2213      9104.3800      6800.4667      4511.7600      2245.8907         0.0000
         -0.3615         1.0436     75518.8681     72742.5443     69949.9818     67114.5252     64275.1933     61437.3089     58605.6353     55783.7977     52976.0865     50185.5596     47415.8462     44669.2685     41948.6168     39256.6881     36559.8657     33871.5422     31224.1073     28617.2995     26051.1199     23524.3443     21036.0600     18584.2567     16167.2660     13782.4854     11427.6597      9099.7508      6797.0013      4508.3793      2244.1670         0.0000
         -0.1205         1.0436     75518.8417     72742.4872     69949.8906     67114.4322     64275.0935     61437.2034     58605.5451     55783.7171     52976.0237     50185.5132     47415.8104     44669.2536     41948.6133     39256.7010     36559.9674     33871.6659     31224.2457     28617.4369     26051.2482     23524.4501     21036.1375     18584.2929     16167.2510     13782.4089     11427.5361      9099.5911      6796.8427      4508.1898      2244.0498         0.0000
          0.1205         1.0436     75518.8747     72742.5697     69950.0122     67114.5717     64275.2432     61437.3564     58605.6804     55783.8309     52976.1000     50185.5512     47415.7985     44669.1904     41948.5022     39256.5459     36559.5757     33871.2260     31223.7526     28616.8874     26050.6252     23523.7595     21035.3705     18583.4645     16166.3891     13781.5571     11426.7336      9098.9001      6796.3101      4507.6597      2243.7810         0.0000
          0.3615         1.0436     75518.9209     72742.6965     69950.1763     67114.7402     64275.4262     61437.5306     58605.8407     55783.9686     52976.2255     50185.6695     47415.9216     44669.3280     41948.6550     39256.7075     36559.6325     33871.3443     31223.9287     28617.1278     26050.9523     23524.1642     21035.8654     18584.0351     16167.0205     13782.2124     11427.3696      9099.4591      6796.7419      4508.0698      2243.9867         0.0000
          0.6025         1.0436     75518.9275     72742.7345     69950.4013     67115.2517     64276.2855     61438.8444     58607.6894     55786.4078     52979.3014     50189.3961     47420.3007     44674.3306     41954.2502     39262.7543     36568.1814     33880.1910     31232.9688     28626.2386     26060.0006     23533.0271     21044.4084     18592.1392     16174.5551     13789.0685     11433.4283      9104.5865      6800.6430      4511.9369      2245.9899         0.0000
          0.8435         1.0436     75521.4809     72749.2718     69964.1142     67136.9387     64306.1551     61477.3562     58655.0147     55842.4557     53043.6948     50261.5523     47499.4355     44759.4835     42044.3618     39355.7043     36688.5457     34006.1558     31358.3719     28749.3534     26179.1312     23646.5715     21150.8521     18690.1008     16262.7823     13866.4735     11499.0826      9157.8275      6840.2003      4543.2764      2264.2525         0.0000
          1.0845         1.0436     75524.6745     72757.4594     69981.3861     67164.3494     64343.9465     61526.1168     58714.9450     55913.3964     53125.1566     50352.7544     47599.3213     44866.8025     42157.6680     39473.1725     36815.9306     34163.6933     31514.8150     28902.5207     26326.9138     23786.9904     21282.0680     18810.4671     16370.8398     13960.9873     11579.0285      9222.4178      6888.8792      4575.6790      2280.3434         0.0000
         -1.2050         0.8348     75524.6349     72757.3325     69981.1731     67164.0293     64343.5243     61525.5982     58714.3416     55912.7242     53124.4487     50352.0271     47598.6212     44866.1496     42157.0893     39472.6889     36815.5517     34163.4752     31514.7100     28902.5067     26326.9603     23787.0644     21282.1406     18810.5131     16370.8449     13960.9448     11578.9448      9222.3058      6888.7624      4575.5810      2280.2886         0.0000
         -0.9640         0.8348     75521.4215     72749.1323     69963.8891     67136.6711     64305.8555     61477.0392     58654.6935     55842.1324     53043.3892     50261.2557     47499.1407     44759.1811     42044.0338     39355.3406     36688.1483     34005.6958     31357.8187     28748.7203     26178.4373     23645.8324     21150.1000     18689.3611     16262.0940     13865.8596     11498.5680      9157.4203      6839.9078      4543.0981      2264.1411         0.0000
         -0.7230         0.8348     75518.8681     72742.5506     69949.9879     67114.5542     64275.2488     61437.3934     58605.7606     55783.9686     52976.2972     50185.8089     47416.1320     44669.5809     41948.9432     39257.0144     36560.2633     33871.9354     31224.4596     28617.6017     26051.3538     23524.5040     21036.1408     18584.2567     16167.1858     13782.3356     11427.4616      9099.5307      6796.8019      4508.1567      2244.0425         0.0000
         -0.4820         0.8348     75515.9982     72735.2285     69934.5849     67090.1751     64241.6859     61394.1471     58552.6632     55721.1622     52904.2412     50105.1930     47327.8671     44574.7646     41849.0310     39147.8701     36422.2914     33732.9120     31086.3582     28482.3111     25920.7228     23400.2508     20919.8804     18477.4381     16071.1245     13698.0742     11356.6823      9036.3095      6737.6727      4467.0652      2222.7981         0.0000
         -0.2410         0.8348     75515.9256     72735.0383     69934.2021     67089.5594     64240.7998     61392.9405     58551.0879     55719.1832     52901.8089     50102.2958     47324.4936     44570.9358     41844.7838     39142.2441     36415.9845     33726.3416     31079.6037     28475.4588     25913.8659     23393.4905     20913.3194     18471.1977     16065.3197     13692.8156     11352.2619      9031.2012      6733.8420      4464.3087      2221.4152         0.0000
          0.0000         0.8348     75515.9256     72735.0510     69934.1899     67089.5130     64240.7112     61392.7930     58550.8729     55718.8754     52901.4020     50101.7526     47323.8056     44570.0731     41843.7506     39140.7085     36414.0953     33724.2238     31077.2732     28472.9518     25911.2446     23390.8140     20910.6671     18468.6383     16062.9191     13690.6238     11350.4057      9028.9717      6732.1102      4463.0250      2220.7578         0.0000
          0.2410         0.8348     75515.9454     72735.1081     69934.2993     67089.6988     64240.9826     61393.1723     58551.3680     55719.5241     52902.2113     50102.7590     47325.0117     44571.4986     41845.3747     39142.9027     36416.6341     33726.9467     31080.1098     28475.8328     25914.0708     23393.5162     20913.1727     18470.8958     16064.9054     13692.3323     11351.7794      9030.5035      6733.2482      4463.8417      2221.1624         0.0000
          0.4820         0.8348     75516.0180     72735.3172     69934.7369     67090.4074     64242.0127     61394.5686     58553.1682     55721.7493     52904.8851     50105.8669     47328.5553     44575.4460     41849.6774     39148.5031     36422.8640     33733.4546     31086.8620     28482.7965     25921.1982     23400.7449     20920.4024     18478.0008     16071.7249     13698.7152     11357.3037      9037.1382      6738.4155      4467.6932      2223.1577         0.0000
          0.7230         0.8348     75518.8813     72742.6140     69950.1277     67114.7809     64275.5925     61437.8630     58606.3768     55784.7278     52977.2164     50186.8778     47417.3230     44670.8938     41950.3532     39258.4751     36562.1229     33873.7885     31226.2788     28619.3236     26052.9477     23525.9207     21037.3533     18585.2445     16167.9375     13782.8603     11427.7797      9099.6835      6796.8349      4508.0885      2243.9565         0.0000
          0.9640         0.8348     75521.4611     72749.2338     69964.0534     67136.8747     64306.0830     61477.2928     58654.9645     55842.4272     53043.7038     50261.6074     47499.5351     44759.6329     42044.5536     39355.9349     36688.8768     34006.5244     31358.7323     28749.6839     26179.4113     23646.7854     21151.0005     18690.1799     16262.8026     13866.4488     11499.0285      9157.7530      6840.1223      4543.2147      2264.1996         0.0000
          1.2050         0.8348     75524.6943     72757.5418     69981.5443     67164.5939     64344.3021     61526.6248     58715.6239     55914.2737     53126.2568     50354.0941     47600.9136     44868.6560     42159.7831     39475.5347     36818.4833     34167.0976     31518.4012     28906.2065     26330.5925     23790.5654     21285.4402     18813.5466     16373.5531     13963.2818     11580.8739      9223.8119      6889.8425      4576.2557      2280.5964         0.0000
         -1.3255         0.6261     75524.6547     72757.4150     69981.3374     67164.2912     64343.8854     61526.0639     58714.9098     55913.3964     53125.2107     50352.8735     47599.5293     44867.1139     42158.0994     39473.7377     36816.6248     34164.8345     31516.1120     28903.9501     26328.4507     23788.5983     21283.7008     18812.0787     16372.3698     13962.3857     11580.2467      9223.4130      6889.6249      4576.1633      2280.5746         0.0000
         -1.0845         0.6261     75521.4413     72749.1704     69963.9317     67136.6653     64305.7611     61476.8331     58654.3272     55841.5950     53042.6565     50260.3277     47498.0293     44757.9078     42042.6315     39353.8694     36686.2849     34003.7035     31355.8801     28746.8696     26176.7151     23644.2681     21148.7077     18688.1454     16261.0523     13864.9921     11497.8699      9156.8836      6839.5243      4542.8640      2263.9863         0.0000
         -0.8435         0.6261     75518.8681     72742.5887     69950.0608     67114.6763     64275.4317     61437.6466     58606.0912     55784.3719     52976.7815     50186.3708     47416.7513     44670.2652     41949.6725     39257.7738     36561.2110     33872.8922     31225.4233     28618.5153     26052.1880     23525.2225     21036.7083     18584.6521     16167.4025     13782.3791     11427.3486      9099.3098      6796.5343      4507.7827      2243.7928         0.0000
         -0.6025         0.6261     75515.9454     72735.1017     69934.2628     67089.5885     64240.7998     61392.8878     58550.9679     55718.9749     52901.5093     50101.8832     47323.9558     44570.2619     41843.9959     39141.0330     36414.5342     33724.7798     31077.9436     28473.7292     25912.1088     23391.7483     20911.6354     18469.6125     16063.8664     13691.5199     11351.1837      9029.9324      6732.8822      4463.6258      2221.0760         0.0000
         -0.3615         0.6261     75513.7552     72729.4986     69922.5178     67071.0490     64215.2903     61360.0444     58510.6659     55671.3356     52846.8551     50040.7421     47257.0262     44498.3417     41768.6865     39043.7447     36309.9152     33619.3571     30973.1851     28371.0557     25812.9062     23297.3308     20823.2386     18388.3822     15990.6985     13628.4467     11287.0394      8969.7155      6684.4647      4431.0616      2204.7939         0.0000
         -0.1205         0.6261     75513.6826     72729.2958     69922.1168     67070.3931     64214.3385     61358.7444     58508.9681     55669.1899     52844.2451     50037.6507     47253.4578     44494.3083     41764.2731     39037.6565     36303.4645     33612.6332     30966.2595     28364.0139     25805.8382     23290.3332     20816.4199     18381.8602     15984.5758     13623.0536     11280.4492      8963.8526      6679.9337      4427.9576      2203.2077         0.0000
          0.1205         0.6261     75513.7552     72729.5049     69922.4145     67070.7704     64214.7867     61359.2233     58509.4575     55669.6578     52844.6600     50037.9699     47253.6549     44494.3673     41764.1871     39037.0302     36302.7571     33611.8751     30965.5047     28363.3144     25805.2411     23289.8674     20816.1033     18381.6845     15984.5195     13623.0785     11280.4928      8963.9368      6680.0215      4428.0247      2203.2435         0.0000
          0.3615         0.6261     75513.7750     72729.5493     69922.6028     67071.1477     64215.4065     61360.1496     58510.7408     55671.3545     52846.8016     50040.5867     47256.7462     44497.9247     41768.1322     39042.7442     36308.7476     33618.0625     30971.8012     28369.6426     25811.5142     23296.0107     20822.0362     18387.3301     15989.8199     13627.7561     11286.2753      8969.1271      6684.0910      4430.8574      2204.7185         0.0000
          0.6025         0.6261     75515.9454     72735.0827     69934.2446     67089.5827     64240.7998     61392.8984     58550.9929     55719.0269     52901.5898     50101.9927     47324.1101     44570.4581     41844.2205     39141.3446     36414.8723     33725.1068     31078.2427     28473.9740     25912.2747     23391.8162     20911.6028     18469.4809     16063.6438     13691.2296     11350.8699      9029.4435      6732.4361      4463.2472      2220.8627         0.0000
          0.8435         0.6261     75518.8417     72742.5380     69950.0000     67114.6356     64275.4206     61437.6888     58606.1864     55784.5238     52976.9967     50186.6412     47417.0649     44670.6111     41950.0337     39258.1422     36561.7731     33873.4173     31225.8913     28618.9275     26052.5420     23525.5214     21036.9657     18584.8708     16167.5942     13782.5459     11427.5055      9099.4550      6796.6691      4507.9477      2243.9004         0.0000
          1.0845         0.6261     75521.4413     72749.1894     69963.9804     67136.7700     64305.9443     61477.1079     58654.7387     55842.1466     53043.3487     50261.1752     47499.0132     44759.0131     42043.8420     39355.1392     36687.8382     34005.3411     31357.4787     28748.3922     26178.1196     23645.5154     21149.7798     18689.0300     16261.7442     13865.5038     11498.2158      9157.0946      6839.6310      4542.9066      2263.9928         0.0000
          1.3255         0.6261     75524.7207     72757.5989     69981.6234     67164.6521     64344.3077     61526.5242     58715.3876     55913.8589     53125.6255     50353.2180     47599.7814     44867.2452     42158.1029     39473.5907     36816.3308     34163.9730     31515.1047     28902.8127     26327.1970     23787.2581     21282.3179     18810.6971     16371.0479     13961.1770     11579.2003      9222.5712      6889.0081      4575.7752      2280.3980         0.0000
         -1.4460         0.4174     75524.6415     72757.3896     69981.3070     67164.2679     64343.8799     61526.0903     58714.9702     55913.4870     53125.3370     50353.0266     47599.6933     44867.2715     42158.2397     39473.8357     36816.6612     34164.8177     31515.9839     28903.6978     26328.0659     23788.0857     21283.0726     18811.3605     16371.5990     13961.6086     11579.5044      9222.7595      6889.0983      4575.7973      2280.3875         0.0000
         -1.2050         0.4174     75521.4347     72749.1640     69963.9621     67136.7584     64305.9498     61477.1448     58654.8089     55842.2608     53043.5330     50261.4379     47499.3678     44759.4761     42044.3897     39355.7660     36688.7564     34006.3969     31358.5496     28749.4366     26179.1019     23646.4064     21150.5486     18689.6599     16262.2297     13865.8499     11498.4305      9157.1994      6839.6478      4542.8782      2263.9445         0.0000
         -0.9640         0.4174     75518.8549     72742.5633     69950.0365     67114.6472     64275.4040     61437.6044     58606.0361     55784.2865     52976.6694     50186.2103     47416.5409     44669.9863     41949.3321     39257.3731     36560.6550     33872.2543     31224.7162     28617.7780     26051.4573     23524.5300     21036.0881     18584.1350     16167.0054     13782.1115     11427.2067      9099.2730      6796.5694      4507.8905      2243.8818         0.0000
         -0.7230         0.4174     75515.8992     72734.9749     69934.0866     67089.3968     64240.6060     61392.6981     58550.8129     55718.8707     52901.4601     50101.8958     47324.0389     44570.4063     41844.1929     39141.4152     36414.9998     33725.2595     31078.4247     28474.2007     25912.5388     23392.1118     20911.9174     18469.7884     16063.9208     13691.4581     11351.0376      9029.6199      6732.5319      4463.2836      2220.8610         0.0000
         -0.4820         0.4174     75513.6958     72729.3465     69922.1776     67070.4512     64214.3883     61358.7549     58508.9332     55669.1001     52844.0845     50037.4071     47253.1147     44493.8544     41763.7189     39036.6819     36302.3621     33611.4122     30964.9356     28362.6194     25804.4003     23288.8866     20815.0082     18380.5198     15983.3476     13622.0077     11279.1900      8962.7974      6679.1888      4427.5028      2203.0043         0.0000
         -0.2410         0.4174     75511.8949     72724.7392     69912.2585     67055.0900     64193.2349     61331.4791     58475.4266     55629.4543     52798.5791     49986.4931     47197.3881     44434.0193     41701.3166     38951.8280     36215.8962     33524.6101     30879.0637     28278.9048     25724.0271     23213.0004     20744.4741     18315.9955     15926.1964     13565.4981     11221.5058      8913.1207      6641.8451      4402.6128      2190.6038         0.0000
          0.0000         0.4174     75511.8290     72724.5491     69911.9245     67054.6200     64192.6211     61330.7114     58474.4989     55628.3547     52797.2876     49984.9800     47195.6418     44432.0027     41699.0585     38948.6883     36212.4086     33520.7753     30874.9081     28274.4541     25719.3437     23208.1475     20739.5329     18311.0447     15921.5637     13559.3497     11215.8917      8907.9990      6637.7092      4399.6586      2189.0325         0.0000
          0.2410         0.4174     75511.8620     72724.6695     69912.1795     67055.0900     64193.3731     61331.8314     58476.0601     55630.4359     52799.9508     49988.2787     47199.5948     44436.6211     41704.2373     38956.0629     36220.3528     33529.1435     30883.5306     28283.1556     25727.9269     23216.4682     20747.4373     18318.4072     15928.0310     13567.3361     11222.6449      8913.7277      6641.9941      4402.5068      2190.4482         0.0000
          0.4820         0.4174     75513.7222     72729.4162     69922.3051     67070.6543     64214.7092     61359.2128     58509.5524     55669.8988     52845.0660     50038.5747     47254.4553     44495.3525     41765.3265     39038.7877     36304.5935     33613.7351     30967.3187     28365.0283     25806.8030     23291.2505     20817.2922     18382.6835     15985.3461     13623.7313     11281.2237      8964.5340      6680.4527      4428.2908      2203.3601         0.0000
          0.7230         0.4174     75515.9256     72735.0320     69934.1474     67089.4433     64240.6226     61392.6929     58550.7879     55718.8328     52901.4244     50101.8958     47324.0942     44570.5396     41844.4209     39141.7558     36415.4863     33725.8891     31079.1650     28475.0099     25913.3724     23392.9306     20912.6787     18470.4680     16064.5133     13691.9476     11351.4197      9030.0077      6732.7996      4463.4547      2220.9362         0.0000
          0.9640         0.4174     75518.8549     72742.5126     69949.9210     67114.4612     64275.1379     61437.2456     58605.5752     55783.7408     52976.0148     50185.4625     47415.7112     44669.0826     41948.3598     39256.3520     36559.2648     33870.8219     31223.2771     28616.3562     26050.0767     23523.2248     21034.8955     18583.0879     16166.1299     13781.4254     11426.7213      9098.9682      6796.4175      4507.8158      2243.8845         0.0000
          1.2050         0.4174     75521.4743     72749.2591     69964.0959     67136.9154     64306.1218     61477.3033     58654.9344     55842.3416     53043.5510     50261.3743     47499.2164     44759.2184     42044.0513     39355.3471     36688.0429     34005.5573     31357.6995     28748.6163     26178.3557     23645.7686     21150.0366     18689.2908     16261.9977     13865.7510     11498.4465      9157.2923      6839.7848      4543.0063      2264.0584         0.0000
          1.4460         0.4174     75524.6877     72757.5101     69981.5017     67164.5298     64344.2188     61526.4978     58715.4580     55914.0448     53125.9637     50353.7156     47600.4495     44868.0894     42159.1166     39474.7636     36817.6283     34165.9282     31517.1400     28904.8867     26329.2520     23789.2458     21284.1804     18812.3815     16372.5136     13962.3890     11580.1378      9223.2368      6889.4264      4575.9902      2280.4702         0.0000
         -1.5665         0.2087     75524.6415     72757.3769     69981.2887     67164.2563     64343.8632     61526.0745     58714.9702     55913.5013     53125.3820     50353.1116     47599.8414     44867.5004     42158.5624     39474.2605     36817.1948     34165.6597     31516.9503     28904.7746     26329.2287     23789.3027     21284.3104     18812.5730     16372.7513     13962.6550     11580.4177      9223.5093      6889.6663      4576.1746      2280.5727         0.0000
         -1.3255         0.2087     75521.4545     72749.1830     69963.9195     67136.6013     64305.6335     61476.6218     58654.0311     55841.2051     53042.1711     50259.7726     47497.4038     44757.2320     42041.9129     39353.1258     36685.3367     34002.7088     31354.9236     28745.9824     26175.9210     23643.5948     21148.1709     18687.7617     16260.8203     13864.8954     11497.8779      9156.9659      6839.6436      4542.9745      2264.0919         0.0000
         -1.0845         0.2087     75518.8417     72742.5126     69949.9575     67114.5368     64275.2599     61437.4514     58605.8908     55784.1774     52976.6111     50186.2441     47416.6878     44670.2727     41949.7663     39257.9516     36561.6774     33873.4283     31225.9945     28619.1130     26052.7863     23525.7963     21037.2412     18585.1388     16167.8398     13782.7711     11427.7052      9099.6258      6796.7967      4508.0698      2243.9516         0.0000
         -0.8435         0.2087     75515.9124     72735.0066     69934.1413     67089.4723     64240.6890     61392.7930     58550.9079     55718.9607     52901.5495     50101.9885     47324.1259     44570.4877     41844.2551     39141.4699     36415.0117     33725.2159     31078.3150     28474.0216     25912.2992     23391.8364     20911.6158     18469.4794     16063.6302     13691.1898     11350.8145      9029.3744      6732.3581      4463.1667      2220.8091         0.0000
         -0.6025         0.2087     75513.7024     72729.3972     69922.3173     67070.7240     64214.8310     61359.3970     58509.7970     55670.1965     52845.4096     50038.9444     47254.8338     44495.7363     41765.6983     39039.3118     36305.0829     33614.1846     30967.7295     28365.4040     25807.1402     23291.5435     20817.5377     18382.8678     15985.4624     13623.7769     11281.2211      8964.4612      6680.3394      4428.1822      2203.2933         0.0000
         -0.3615         0.2087     75511.8290     72724.5681     69911.9609     67054.7129     64192.7870     61330.9743     58474.8730     55628.8455     52797.8933     49985.7009     47196.4520     44432.8859     41699.9748     38949.8589     36213.5730     33521.8982     30875.9512     28275.3929     25720.1688     23208.8523     20740.1181     18311.5087     15921.9051     13559.6581     11216.0596      8908.0416      6637.6707      4399.5940      2188.9867         0.0000
         -0.1205         0.2087     75510.7472     72721.7926     69905.7850     67045.2746     64179.7005     61314.0216     58453.9425     55603.9917     52769.2733     49953.5915     47161.2212     44394.9654     41660.3563     38895.8494     36158.4379     33466.4262     30820.9400     28221.6336     25668.4650     23159.6836     20694.0919     18269.0999     15884.9739     13514.3055     11175.0587      8875.0567      6613.0056      4383.2478      2180.8997         0.0000
          0.1205         0.2087     75510.7604     72721.8369     69905.8943     67045.4544     64179.9658     61314.3895     58454.4160     55604.5622     52769.9450     49954.3282     47162.0027     44395.7626     41661.1269     38896.7376     36159.2040     33467.0301     30821.3518     28221.8385     25668.4710     23159.4911     20693.7247     18268.5807     15884.3825     13513.3813     11174.0366      8874.0758      6612.1498      4382.5991      2180.5407         0.0000
          0.3615         0.2087     75511.8158     72724.5237     69911.8698     67054.5562     64192.5602     61330.6641     58474.4740     55628.3594     52797.3277     49985.0680     47195.7676     44432.1647     41699.2335     38948.9077     36212.6110     33520.9234     30874.9671     28274.3960     25719.1520     23207.8259     20739.0872     18310.4879     15920.9429     13558.4122     11214.9033      8907.1132      6637.0012      4399.1852      2188.8089         0.0000
          0.6025         0.2087     75513.7024     72729.3528     69922.2140     67070.5150     64214.4823     61358.8812     58509.0730     55669.2466     52844.2228     50037.5289     47253.2094     44493.9356     41763.7878     39036.8129     36302.5507     33611.6964     30965.3637     28363.2289     25805.2147     23289.9092     20816.2148     18381.8687     15984.7791     13623.3815     11281.0222      8964.5306      6680.5725      4428.4579      2203.4850         0.0000
          0.8435         0.2087     75515.9454     72735.0890     69934.2993     67089.7162     64241.0213     61393.2250     58551.4180     55719.5525     52902.2023     50102.6748     47324.8377     44571.2060     41844.9634     39142.2569     36415.8095     33726.0009     31079.0902     28474.7901     25913.0611     23392.5762     20912.3249     18470.1461     16064.2288     13691.7222     11351.2485      9029.8182      6732.6556      4463.3528      2220.8907         0.0000
          1.0845         0.2087     75518.8945     72742.6838     69950.2736     67115.0366     64275.9584     61438.3695     58607.0331     55785.5488     52978.1983     50188.0355     47418.6530     44672.3741     41951.9543     39260.1621     36564.3445     33876.0434     31228.5010     28621.4557     26054.9249     23527.7034     21038.9108     18586.5671     16169.0263     13783.7261     11428.4519      9100.1787      6797.1775      4508.3916      2244.1023         0.0000
          1.3255         0.2087     75521.4545     72749.1830     69963.9560     67136.6886     64305.8000     61476.8754     58654.3974     55841.6949     53042.7868     50260.5014     47498.2404     44758.1617     42042.9036     39354.1422     36686.5949     34004.0000     31356.1237     28747.0521     26176.8279     23644.3150     21148.6927     18688.0897     16260.9775     13864.9169     11497.8096      9156.8548      6839.5269      4542.8879      2264.0224         0.0000
          1.5665         0.2087     75524.6481     72757.3960     69981.3496     67164.3436     64343.9965     61526.2544     58715.1764     55913.7397     53125.6255     50353.3498     47600.0454     44867.6392     42158.6150     39474.2082     36817.0220     34165.2597     31516.3914     28904.0762     26328.4168     23788.4104     21283.3816     18811.6528     16371.8739     13961.8582     11579.7248      9222.9378      6889.2326      4575.8848      2280.4292         0.0000
         -1.4460         0.0000     75521.4611     72749.2338     69964.1203     67137.0317     64306.3549     61477.7154     58655.5416     55843.1833     53044.6433     50262.7304     47500.8299     44761.1004     42046.1654     39357.6595     36691.1590     34009.0215     31361.2348     28752.1798     26181.8948     23649.2431     21153.4088     18692.5212     16265.0490     13868.5682     11500.9780      9159.4773      6841.5526      4544.2121      2264.9583         0.0000
         -1.2050         0.0000     75518.9077     72742.6965     69950.3466     67115.1936     64276.2301     61438.7916     58607.6243     55786.3366     52979.1983     50189.2524     47420.1022     44674.0665     41953.9098     39262.3341     36567.5803     33879.5116     31232.2337     28625.4757     26059.2404     23532.2988     21043.7349     18591.5318     16174.0172     13788.5880     11433.0003      9104.2020      6800.3286      4511.6067      2245.8051         0.0000
         -0.9640         0.0000     75515.9322     72735.0827     69934.3662     67089.8847     64241.3425     61393.7466     58552.2181     55720.6746     52903.7002     50104.5908     47327.1948     44574.0203     41848.2050     39146.8450     36421.1194     33731.6522     31085.0465     28481.0025     25919.4687     23399.1082     20918.8951     18476.6478     16070.5539     13697.7269     11356.5188      9036.3293      6737.8479      4467.3143      2222.9849         0.0000
         -0.7230         0.0000     75513.7156     72729.3655     69922.2687     67070.6601     64214.7590     61359.3549     58509.8220     55670.3336     52845.7219     50039.5030     47255.7013     44496.9652     41767.3060     39042.0507     36308.2640     33617.7916     30971.7319     28369.7326     25811.7235     23296.2947     20822.3513     18387.6321     15990.0846     13627.9659     11286.5394      8969.3464      6684.2479      4430.9615      2204.7699         0.0000
         -0.4820         0.0000     75511.8488     72724.6251     69912.0277     67054.7767     64192.8312     61331.0059     58474.9029     55628.8880     52797.9868     49985.8811     47196.7549     44433.3495     41700.5993     38950.8418     36214.8167     33523.4116     30877.7522     28277.4763     25722.5115     23211.4277     20742.8893     18314.4410     15924.7718     13563.6668     11219.9286      8911.7403      6640.8049      4401.9324      2190.2790         0.0000
         -0.2410         0.0000     75510.7604     72721.8306     69905.8639     67045.3790     64179.8387     61314.1845     58454.1369     55604.2228     52769.5446     49953.9097     47161.5903     44395.3842     41660.8358     38896.4585     36159.0725     33467.0462     30821.5038     28222.0990     25668.7986     23159.8564     20694.0951     18268.9376     15884.7163     13513.7806     11174.4069      8874.4153      6612.4456      4382.8263      2180.6611         0.0000
          0.0000         0.0000     75509.9820     72719.8410     69901.6076     67038.9878     64171.1228     61303.0297     58440.5236     55588.1778     52751.1959     49933.4239     47139.1991     44371.3576     41635.7817     38862.5978     36124.4875     33432.2571     30787.0365     28188.5590     25636.5096     23129.2280     20665.5708     18242.8100     15862.1281     13486.3769     11149.8161      8854.7175      6597.7408      4373.1025      2175.8479         0.0000
          0.2410         0.0000     75510.7274     72721.7482     69905.7182     67045.1644     64179.5678     61313.8587     58453.7631     55603.7890     52769.0775     49953.4157     47161.0876     44394.9030     41660.3871     38896.0841     36158.8356     33466.9979     30821.6877     28222.5466     25669.5301     23160.8731     20695.3739     18270.4311     15886.2511     13516.0377     11176.7684      8876.5216      6614.1418      4383.9933      2181.2485         0.0000
          0.4820         0.0000     75511.8686     72724.6695     69912.1613     67055.0146     64193.2017     61331.5211     58475.5812     55629.7421     52799.0111     49987.0673     47198.1040     44434.8362     41702.2123     38953.0943     36217.1254     33525.7225     30880.0038     28279.6024     25724.4408     23213.1088     20744.2752     18315.4975     15925.5205     13564.2429     11220.0866      8911.5625      6640.4153      4401.5056      2189.9805         0.0000
          0.7230         0.0000     75513.7552     72729.4859     69922.4692     67070.9329     64215.1077     61359.7601     58510.2614     55670.8015     52846.1903     50039.9440     47256.1035     44497.3084     41767.5710     39042.1657     36308.2817     33617.7077     30971.5487     28369.4558     25811.3618     23295.8577     20821.8697     18387.1287     15989.5822     13627.5069     11285.9325      8968.7979      6683.8302      4430.6802      2204.6309         0.0000
          0.9640         0.0000     75515.9982     72735.2412     69934.6032     67090.1925     64241.7191     61394.1892     58552.7082     55721.2096     52904.2814     50105.2183     47327.8671     44574.7276     41848.9446     39147.6483     36421.9591     33732.5330     31085.9393     28481.8780     25920.2945     23399.8558     20919.5476     18477.1875     16070.9648     13698.0143     11356.6997      9036.4136      6737.8372      4467.2483      2222.9221         0.0000
          1.2050         0.0000     75518.9341     72742.7345     69950.3709     67115.1645     64276.1358     61438.6017     58607.3387     55785.9617     52978.7633     50188.7792     47419.6178     44673.6053     41953.4999     39262.0109     36567.2393     33879.2998     31232.1406     28625.4825     26059.3233     23532.4251     21043.8769     18591.6623     16174.1226     13788.6688     11433.0652      9104.2556      6800.3736      4511.6576      2245.8378         0.0000
          1.4460         0.0000     75521.4611     72749.2211     69964.1142     67137.0375     64306.3716     61477.7366     58655.5918     55843.2689     53044.7781     50262.9126     47501.0809     44761.4253     42046.5597     39358.1240     36691.8335     34009.8059     31362.0775     28753.0604     26182.7897     23650.1251     21154.2512     18693.2920     16265.7261     13869.1285     11501.4103      9159.7848      6841.7504      4544.3188      2265.0201         0.0000
         -1.5665        -0.2087     75524.6481     72757.3960     69981.3009     67164.2213     64343.7965     61525.9316     58714.7338     55913.1485     53124.8906     50352.4609     47599.0132     44866.4911     42157.3699     39472.8915     36815.6881     34163.4724     31514.6664     28902.4507     26326.9307     23787.0891     21282.2436     18810.7031     16371.1211     13961.2914     11579.3353      9222.7038      6889.1233      4575.8595      2280.4432         0.0000
         -1.3255        -0.2087     75521.4281     72749.1767     69963.9986     67136.8514     64306.1163     61477.4037     58655.1803     55842.7601     53044.1533     50262.1837     47500.2243     44760.4283     42045.4258     39356.8475     36690.0661     34007.7771     31359.9175     28750.7723     26180.3833     23647.6277     21151.6909     18690.7161     16263.1829     13866.6831     11499.1305      9157.7494      6840.0485      4543.1209      2264.0974         0.0000
         -1.0845        -0.2087     75518.8351     72742.4999     69949.9088     67114.4496     64275.1213     61437.2456     58605.6002     55783.7930     52976.1358     50185.6653     47416.0129     44669.5102     41948.9328     39257.0694     36560.4606     33872.2323     31224.8722     28618.1032     26051.9251     23525.1167     21036.7611     18584.8578     16167.7395     13782.8189     11427.8551      9099.8217      6796.9832      4508.2948      2244.0846         0.0000
         -0.8435        -0.2087     75515.9190     72735.0320     69934.1899     67089.5362     64240.7666     61392.8878     58551.0129     55719.0790     52901.6747     50102.1316     47324.2959     44570.6914     41844.5108     39141.8425     36415.5100     33725.8482     31079.0753     28474.8875     25913.2474     23392.8112     20912.5727     18470.3764     16064.4242     13691.8501     11351.3151      9029.8620      6732.6516      4463.3274      2220.8644         0.0000
         -0.6025        -0.2087     75513.7354     72729.4669     69922.4084     67070.7994     64214.8808     61359.3917     58509.6972     55669.9791     52845.0482     50038.4235     47254.1477     44494.8728     41764.6724     39037.6629     36303.2434     33612.1919     30965.6186     28363.2109     25804.9141     23289.3433     20815.4185     18380.8840     15983.6623     13622.2598     11279.4452      8962.9860      6679.3045      4427.5551      2203.0170         0.0000
         -0.3615        -0.2087     75511.8224     72724.5617     69911.9184     67054.6375     64192.6598     61330.7903     58474.6186     55628.5199     52797.5058     49985.2608     47195.9486     44432.3376     41699.3845     38948.9936     36212.6579     33520.9423     30874.9647     28274.3804     25719.1298     23207.8096     20739.0888     18310.5146     15920.9927     13558.5078     11215.0190      8907.2204      6637.0790      4399.2258      2188.8205         0.0000
         -0.1205        -0.2087     75510.7076     72721.7165     69905.7303     67045.2456     64179.7392     61314.1372     58454.1618     55604.3076     52769.7003     49954.1189     47161.8417     44395.6707     41661.1304     38897.0517     36159.6632     33467.6608     30822.1682     28222.8339     25669.6105     23160.7526     20695.0657     18269.9607     15885.6995     13515.1705     11175.7560      8875.5258      6613.2648      4383.3399      2180.8960         0.0000
          0.1205        -0.2087     75510.7472     72721.7862     69905.7910     67045.2978     64179.7502     61314.1004     58454.0522     55604.1237     52769.4334     49953.7590     47161.3900     44395.1124     41660.4659     38895.9224     36158.3911     33466.2303     30820.5698     28221.0747     25667.7235     23158.7641     20693.0144     18267.9019     15883.7573     13512.6125     11173.3354      8873.5171      6611.7460      4382.3468      2180.4250         0.0000
          0.3615        -0.2087     75511.8488     72724.6251     69912.0095     67054.7187     64192.7427     61330.8428     58474.6436     55628.5152     52797.4658     49985.1770     47195.8463     44432.2198     41699.2644     38948.7773     36212.4995     33520.8400     30874.9327     28274.4318     25719.2610     23208.0138     20739.3565     18310.8464     15921.3572     13559.0362     11215.6089      8907.8146      6637.6284      4399.6628      2189.0713         0.0000
          0.6025        -0.2087     75513.6694     72729.2768     69922.0986     67070.3931     64214.3827     61358.8391     58509.1379     55669.4593     52844.6288     50038.1505     47254.0649     44495.0094     41765.0442     39038.7078     36304.5876     33613.8028     30967.4573     28365.2263     25807.0508     23291.5326     20817.5814     18382.9585     15985.5898     13623.9160     11281.4654      8964.7038      6680.5306      4428.3072      2203.3510         0.0000
          0.8435        -0.2087     75515.9454     72735.1017     69934.3236     67089.7337     64241.0435     61393.2461     58551.4580     55719.6187     52902.3007     50102.8180     47325.0236     44571.4393     41845.2433     39142.6232     36416.2189     33726.4261     31079.5215     28475.2094     25913.4625     23392.9508     20912.6787     18470.4852     16064.5801     13692.0744     11351.5875      9030.2888      6733.0855      4463.7207      2221.1003         0.0000
          1.0845        -0.2087     75518.8681     72742.5950     69950.1095     67114.7693     64275.5814     61437.8419     58606.3367     55784.6662     52977.1133     50186.7257     47417.1165     44670.6148     41949.9955     39258.0550     36561.5638     33873.1341     31225.5315     28618.5039     26052.0597     23524.9923     21036.4064     18584.3161     16167.0643     13782.0733     11427.1173      9099.1654      6796.4800      4507.8018      2243.8442         0.0000
          1.3255        -0.2087     75521.4215     72749.1260     69963.9195     67136.7235     64305.9387     61477.1501     58654.8491     55842.3368     53043.6409     50261.5735     47499.5192     44759.6329     42044.5467     39355.9187     36688.9702     34006.6214     31358.7704     28749.6723     26179.3737     23646.7366     21150.9421     18690.1184     16262.7367     13866.3789     11498.9522      9157.6777      6840.0506      4543.1569      2264.1524         0.0000
          1.5665        -0.2087     75524.6613     72757.4404     69981.3861     67164.3785     64344.0188     61526.2385     58715.1361     55913.6682     53125.5308     50353.2350     47599.9174     44867.5304     42158.5273     39474.1690     36817.0372     34165.2933     31516.5324     28904.3145     26328.7488     23788.8148     21283.8308     18812.1203     16372.3351     13962.2855     11580.1018      9223.2525      6889.4757      4576.0499      2280.5146         0.0000
         -1.4460        -0.4174     75524.6481     72757.4277     69981.3678     67164.3610     64344.0243     61526.2808     58715.2267     55913.8207     53125.7563     50353.5455     47600.3295     44868.0294     42159.1271     39474.8486     36817.7890     34166.3087     31517.5886     28905.3796     26329.7742     23789.7622     21284.6667     18812.8193     16372.8837     13962.6812     11580.3547      9223.3809      6889.5086      4576.0225      2280.4722         0.0000
         -1.2050        -0.4174     75521.4149     72749.1196     69963.8709     67136.6188     64305.7500     61476.8543     58654.4175     55841.7519     53042.9037     50260.6582     47498.4396     44758.3895     42043.1827     39354.4637     36687.0495     34004.5514     31356.7504     28747.7591     26177.6096     23645.1515     21149.5631     18688.9627     16261.8051     13865.6683     11498.4385      9157.3302      6839.8372      4543.0468      2264.0916         0.0000
         -0.9640        -0.4174     75518.8615     72742.5633     69950.0183     67114.5891     64275.2820     61437.4250     58605.7656     55783.9401     52976.2345     50185.6906     47415.9375     44669.3020     41948.5612     39256.5233     36559.3545     33870.8329     31223.1664     28616.1136     26049.6732     23522.6475     21034.1401     18582.1568     16165.0540     13780.2499     11425.5107      9097.8385      6795.4465      4506.7917      2243.3289         0.0000
         -0.7230        -0.4174     75515.9190     72735.0573     69934.1960     67089.5304     64240.7389     61392.8141     58550.8879     55718.8660     52901.3618     50101.6769     47323.6790     44569.8842     41843.5087     39140.2845     36413.5674     33723.6542     31076.6750     28472.3421     25910.6201     23390.1844     20910.0282     18467.9889     16062.2638     13689.9783     11349.8196      9028.2100      6731.4869      4462.5459      2220.4990         0.0000
         -0.4820        -0.4174     75513.6760     72729.3085     69922.1350     67070.4396     64214.4381     61358.9023     58509.1978     55669.5207     52844.6734     50038.2009     47254.1083     44495.0721     41765.1337     39038.8324     36304.7940     33614.1034     30967.8285     28365.6559     25807.4997     23291.9621     20817.9561     18383.2462     15985.7649     13623.9720     11281.3953      8964.5320      6680.3235      4428.1260      2203.2473         0.0000
         -0.2410        -0.4174     75511.8686     72724.6885     69912.1674     67054.9972     64193.1630     61331.4581     58475.4765     55629.6100     52798.8463     49986.8871     47197.9034     44434.6301     41701.9995     38952.7347     36216.7939     33525.4316     30879.7577     28279.4124     25724.3238     23213.0673     20744.3185     18315.6297     15925.7089     13564.5865     11220.4844      8912.0101      6640.8280      4401.8196      2190.1522         0.0000
          0.0000        -0.4174     75511.8356     72724.5807     69911.9305     67054.6026     64192.5602     61330.6010     58474.3144     55628.1046     52796.9848     49984.6447     47195.2800     44431.6422     41698.7154     38948.1571     36211.9511     33520.3903     30874.5883     28274.1859     25719.1197     23207.9397     20739.3421     18310.8633     15921.3960     13559.0968     11215.6528      8907.8320      6637.6274      4399.6541      2189.0624         0.0000
          0.2410        -0.4174     75511.8752     72724.6885     69912.1735     67055.0088     64193.1575     61331.4370     58475.4316     55629.5251     52798.7216     49986.7110     47197.6713     44434.3505     41701.6701     38952.3212     36216.3568     33525.0006     30879.3516     28279.0703     25724.0634     23212.9028     20744.2575     18315.6733     15925.8183     13564.8756     11220.8367      8912.3938      6641.1693      4402.0699      2190.2891         0.0000
          0.4820        -0.4174     75513.6958     72729.3528     69922.1897     67070.4860     64214.4547     61358.8549     58509.0780     55669.3033     52844.3522     50037.7515     47253.5366     44494.3673     41764.3075     39037.5286     36303.3584     33612.5520     30966.2174     28364.0184     25805.8930     23290.4242     20816.5346     18381.9807     15984.6823     13623.1211     11280.4492      8963.7825      6679.8184      4427.8234      2203.1096         0.0000
          0.7230        -0.4174     75515.9190     72735.0383     69934.1960     67089.5420     64240.7776     61392.8931     58550.9979     55719.0269     52901.5808     50101.9632     47324.0428     44570.3322     41844.0408     39141.0908     36414.5401     33724.7307     31077.8290     28473.5660     25911.8999     23391.4913     20911.3403     18469.2820     16063.5090     13691.1374     11350.8111      9029.3895      6732.3768      4463.1827      2220.8142         0.0000
          0.9640        -0.4174     75518.8549     72742.5380     69949.9392     67114.4438     64275.0714     61437.1295     58605.3998     55783.4845     52975.7099     50185.0949     47415.2983     44668.6251     41947.8840     39255.8641     36558.6042     33870.1814     31222.6506     28615.7450     26049.4828     23522.6457     21034.3331     18582.5304     16165.5800     13780.8849     11426.2018      9098.4974      6796.0270      4507.3986      2243.6509         0.0000
          1.2050        -0.4174     75521.4083     72749.0879     69963.8222     67136.5664     64305.6890     61476.8120     58654.4024     55841.7710     53042.9487     50260.7472     47498.5710     44758.5613     42043.3710     39354.6683     36687.3445     34004.8673     31357.0245     28747.9832     26177.7768     23645.2622     21149.6198     18688.9729     16261.7810     13865.6134     11498.3746      9157.2697      6839.7943      4543.0243      2264.0818         0.0000
          1.4460        -0.4174     75524.6481     72757.3960     69981.3252     67164.2854     64343.8910     61526.0903     58714.9601     55913.4632     53125.3009     50352.9798     47599.6453     44867.2265     42158.1941     39473.7932     36816.6309     34164.7674     31515.9454     28903.6768     26328.0574     23788.0820     21283.0794     18811.3753     16371.6195     13961.6326     11579.5377      9222.7944      6889.1344      4575.8286      2280.4066         0.0000
         -1.3255        -0.6261     75524.6415     72757.4086     69981.3131     67164.2563     64343.8521     61526.0427     58714.9048     55913.4203     53125.2603     50352.9628     47599.6493     44867.2640     42158.2748     39473.9174     36816.7886     34164.8961     31516.1351     28903.9174     26328.3407     23788.4009     21283.4171     18811.7092     16371.9394     13961.9225     11579.7788      9222.9771      6889.2539      4575.8890      2280.4254         0.0000
         -1.0845        -0.6261     75521.4149     72749.1513     69963.9560     67136.7874     64306.0331     61477.2875     58654.9896     55842.4700     53043.7487     50261.6201     47499.4754     44759.4798     42044.2536     39355.4770     36688.1573     34005.5323     31357.4863     28748.2166     26177.7663     23645.0108     21149.1496     18688.3197     16260.9978     13864.7632     11497.5248      9156.4884      6839.1404      4542.5698      2263.7439         0.0000
         -0.8435        -0.6261     75518.8087     72742.4492     69949.8723     67114.4612     64275.2044     61437.4303     58605.8958     55784.2248     52976.6828     50186.3286     47416.7672     44670.3210     41949.7663     39257.8934     36561.5100     33873.1534     31225.6246     28618.6459     26052.2418     23525.1835     21036.5862     18584.4522     16167.1407     13782.0722     11427.0297      9099.0098      6796.2894      4507.5428      2243.6771         0.0000
         -0.6025        -0.6261     75515.8992     72734.9749     69934.0866     67089.3736     64240.5395     61392.5928     58550.6529     55718.6482     52901.1919     50101.5800     47323.6869     44570.0249     41843.7920     39140.9109     36414.4601     33724.7225     31077.9062     28473.7156     25912.1088     23391.7538     20911.6451     18469.6168     16063.8578     13691.4948     11351.1422      9029.8401      6732.7803      4463.5276      2221.0138         0.0000
         -0.3615        -0.6261     75513.7222     72729.4035     69922.3659     67070.8285     64215.0025     61359.6602     58510.1815     55670.7259     52846.1189     50039.8600     47255.9852     44497.1386     41767.3404     39041.8653     36307.8571     33617.1796     30970.9398     28368.8168     25810.7360     23295.2933     20821.3929     18386.7672     15989.3432     13627.3875     11285.9163      8968.8795      6683.9611      4430.8116      2204.7117         0.0000
         -0.1205        -0.6261     75513.6431     72729.2134     69921.9953     67070.2480     64214.1946     61358.5970     58508.8283     55669.0670     52844.1336     50037.5457     47253.3434     44494.1680     41764.0976     39037.4136     36303.1815     33612.3327     30965.9675     28363.7710     25805.6676     23290.2568     20816.4554     18382.0062     15984.8134     13623.3296     11280.8967      8964.3453      6680.3699      4428.2865      2203.3876         0.0000
          0.1205        -0.6261     75513.6628     72729.2641     69922.0682     67070.3467     64214.3219     61358.7444     58508.9981     55669.2608     52844.3433     50037.7641     47253.5642     44494.3857     41764.3041     39037.5830     36303.3171     33612.4139     30965.9675     28363.6720     25805.4604     23289.9347     20816.0177     18381.4635     15984.1913     13622.6977     11279.9788      8963.4078      6679.5705      4427.6971      2203.0712         0.0000
          0.3615        -0.6261     75513.7354     72729.4733     69922.4692     67070.9736     64215.1962     61359.9075     58510.4961     55671.1134     52846.5963     50040.4397     47256.6831     44497.9468     41768.2527     39043.0479     36309.1427     33618.5256     30972.2963     28370.1174     25811.9247     23296.3239     20822.2333     18387.4024     15989.7782     13627.6408     11286.0496      8968.8836      6683.9001      4430.7454      2204.6763         0.0000
          0.6025        -0.6261     75515.9256     72735.0827     69934.2993     67089.7337     64241.0933     61393.3620     58551.6580     55719.9265     52902.7254     50103.3654     47325.6959     44572.2317     41846.1349     39143.8343     36417.6041     33727.8844     31081.0073     28476.6898     25914.9023     23394.3186     20913.9455     18471.6298     16065.5696     13692.9005     11352.2169      9030.9454      6733.5063      4463.9574      2221.1781         0.0000
          0.8435        -0.6261     75518.8351     72742.4999     69949.9088     67114.4438     64275.0935     61437.1823     58605.4850     55783.6222     52975.8758     50185.3188     47415.5722     44668.9561     41948.2625     39256.2938     36559.2887     33870.8796     31223.3374     28616.3997     26050.0767     23523.1506     21034.7190     18582.7809     16165.7002     13780.8849     11426.1081      9098.3613      6795.8824      4507.2402      2243.5690         0.0000
          1.0845        -0.6261     75521.4281     72749.1894     69964.0534     67136.9561     64306.2994     61477.6732     58655.5416     55843.2261     53044.7332     50262.8660     47501.0052     44761.2909     42046.3608     39357.8447     36691.3578     34009.2072     31361.3617     28752.1959     26181.7505     23648.9092     21152.8551     18691.7432     16264.0525     13867.3960     11499.6957      9158.1799      6840.3635      4543.3238      2264.2484         0.0000
          1.3255        -0.6261     75524.6481     72757.3960     69981.3009     67164.2097     64343.7521     61525.8575     58714.6232     55913.0198     53124.7418     50352.3206     47598.9052     44866.4273     42157.3664     39472.9764     36815.8639     34163.8360     31515.1354     28903.0018     26327.5437     23787.7345     21282.8920     18811.3278     16371.6889     13961.7808     11579.7311      9222.9963      6889.3165      4575.9659      2280.4833         0.0000
         -1.2050        -0.8348     75524.6745     72757.4848     69981.4104     67164.3436     64343.9076     61526.0533     58714.8495     55913.2725     53125.0304     50352.6353     47599.2333     44866.7612     42157.7066     39473.3032     36816.1610     34163.9870     31515.2687     28903.1046     26327.5945     23787.7288     21282.8194     18811.1868     16371.4911     13961.5410     11579.4711      9222.7431      6889.0941      4575.7994      2280.3928         0.0000
         -0.9640        -0.8348     75521.4281     72749.1640     69963.9378     67136.7176     64305.8888     61477.0497     58654.6584     55842.0515     53043.2453     50261.0523     47498.8698     44758.8562     42043.6431     39354.8989     36687.4830     34004.9310     31357.0245     28747.9116     26177.6179     23645.0183     21149.2996     18688.5921     16261.3628     13865.1856     11497.9692      9156.9083      6839.4976      4542.8169      2263.9294         0.0000
         -0.7230        -0.8348     75518.8681     72742.6077     69950.1095     67114.7460     64275.5371     61437.7733     58606.2315     55784.5143     52976.9249     50186.4891     47416.8426     44670.3099     41949.6551     39257.6898     36560.9689     33872.5732     31225.0207     28618.0620     26051.7016     23524.7193     21036.2200     18584.2046     16167.0092     13782.0531     11427.1042      9099.1466      6796.4485      4507.7463      2243.8068         0.0000
         -0.4820        -0.8348     75515.9784     72735.1905     69934.5181     67090.0531     64241.5087     61393.8889     58552.3181     55720.7077     52903.6733     50104.5150     47327.0801     44573.8832     41848.0633     39146.5783     36420.8613     33731.4968     31084.9866     28481.0298     25919.5609     23399.2349     20919.0305     18476.7652     16070.6207     13697.7353     11356.4764      9036.1814      6737.6768      4467.1542      2222.8908         0.0000
         -0.2410        -0.8348     75515.9058     72735.0193     69934.1899     67089.5652     64240.8386     61393.0090     58551.2029     55719.3299     52901.9966     50102.5148     47324.7309     44571.1616     41844.9945     39142.4079     36416.0409     33726.2734     31079.3644     28475.0235     25913.2024     23392.5909     20912.1831     18469.8342     16063.7576     13691.1059     11350.5863      9028.8739      6731.8117      4462.6535      2220.4961         0.0000
          0.0000        -0.8348     75515.8926     72734.9559     69934.0501     67089.3097     64240.4454     61392.4611     58550.4678     55718.4067     52900.8700     50101.1842     47323.2203     44569.4918     41843.2081     39140.1432     36413.6089     33723.8749     31077.0837     28472.9314     25911.3716     23391.0654     20911.0111     18469.0303     16063.3161     13690.9906     11350.7056      9029.3019      6732.3343      4463.1640      2220.8046         0.0000
          0.2410        -0.8348     75515.9058     72735.0193     69934.1899     67089.5652     64240.8441     61393.0248     58551.2329     55719.3962     52902.0995     50102.6664     47324.9286     44571.4134     41845.2883     39142.8159     36416.5362     33726.8322     31079.9827     28475.7059     25913.9724     23393.4593     20913.1547     18470.9072     16064.9202     13692.3260     11351.7422      9030.4064      6733.1134      4463.6913      2221.0583         0.0000
          0.4820        -0.8348     75515.9652     72735.1588     69934.4695     67090.0066     64241.4699     61393.8573     58552.2931     55720.6982     52903.6599     50104.4813     47327.0207     44573.7833     41847.9285     39146.3919     36420.6091     33731.1642     31084.5951     28480.5921     25919.1101     23398.7941     20918.6194     18476.4016     16070.3187     13697.4992     11356.3198      9036.0355      6737.5925      4467.1151      2222.8808         0.0000
          0.7230        -0.8348     75518.8615     72742.5380     69949.9696     67114.5135     64275.1711     61437.2720     58605.5852     55783.7076     52975.9565     50185.3780     47415.5961     44668.9450     41948.2000     39256.1775     36559.0616     33870.6157     31223.0481     28616.1090     26049.8077     23522.9185     21034.5491     18582.6911     16165.6877     13780.9497     11426.2351      9098.5099      6796.0415      4507.4426      2243.6984         0.0000
          0.9640        -0.8348     75521.4215     72749.1260     69963.8891     67136.6479     64305.7944     61476.9177     58654.4978     55841.8613     53043.0296     50260.8150     47498.6228     44758.6098     42043.4094     39354.6943     36687.3626     34004.8673     31357.0194     28747.9740     26177.7517     23645.2341     21149.5914     18688.9495     16261.7683     13865.6145     11498.3888      9157.2923      6839.8183      4543.0444      2264.1020         0.0000
          1.2050        -0.8348     75524.6613     72757.4277     69981.3252     67164.2213     64343.7465     61525.8152     58714.5377     55912.8768     53124.5299     50352.0229     47598.5052     44865.9133     42156.7245     39472.1858     36814.9363     34162.3537     31513.4925     28901.2246     26325.6645     23785.7945     21280.9436     18809.4285     16369.9035     13960.1689     11578.3421      9221.8735      6888.4806      4575.4230      2280.2208         0.0000
         -1.0845        -1.0436     75524.6547     72757.4404     69981.3861     67164.3785     64344.0243     61526.2649     58715.1814     55913.7397     53125.6210     50353.3541     47600.0734     44867.6955     42158.7132     39474.3519     36817.2100     34165.4331     31516.6350     28904.3705     26328.7424     23788.7502     21283.7058     18811.9437     16372.1205     13962.0467     11579.8571      9223.0178      6889.2666      4575.8862      2280.4193         0.0000
         -0.8435        -1.0436     75521.4413     72749.2084     69964.0351     67136.8689     64306.0830     61477.2928     58654.9595     55842.3939     53043.6319     50261.4760     47499.3359     44759.3491     42044.1699     39355.4542     36688.1814     34005.6764     31357.7857     28748.6741     26178.3808     23645.7668     21150.0300     18689.2893     16262.0142     13865.7758     11498.4846      9157.3408      6839.8345      4543.0413      2264.0873         0.0000
         -0.6025        -1.0436     75518.9077     72742.6711     69950.2979     67115.1006     64276.0748     61438.5542     58607.3187     55785.9617     52978.7768     50188.8087     47419.6575     44673.6425     41953.5277     39262.0173     36567.2692     33879.2750     31232.0550     28625.3405     26059.1307     23532.1873     21043.6012     18591.3565     16173.7978     13788.3328     11432.7205      9103.9170      6800.0793      4511.3189      2245.6341         0.0000
         -0.3615        -1.0436     75518.8351     72742.5126     69949.9696     67114.5775     64275.3319     61437.5569     58606.0111     55784.2960     52976.7142     50186.3032     47416.6838     44670.1797     41949.5683     39257.6446     36561.0705     33872.6942     31225.1616     28618.2154     26051.8630     23524.8790     21036.3718     18584.3335     16167.1144     13782.1327     11427.1567      9099.1723      6796.4542      4507.7320      2243.7835         0.0000
         -0.1205        -1.0436     75518.8549     72742.5697     69950.0304     67114.6240     64275.3652     61437.5411     58605.9459     55784.1679     52976.5214     50186.0286     47416.3265     44669.7334     41949.0300     39257.0209     36560.0451     33871.5862     31223.9841     28616.9813     26050.6004     23523.6314     21035.1726     18583.2284     16166.1386     13781.3139     11426.5084      9098.7050      6796.1551      4507.4995      2243.6952         0.0000
          0.1205        -1.0436     75518.8417     72742.5570     69950.0669     67114.7344     64275.5592     61437.8366     58606.3367     55784.6614     52977.0864     50186.6666     47416.9974     44670.4177     41949.7037     39257.6607     36560.8463     33872.2900     31224.5653     28617.4415     26050.9212     23523.8041     21035.1907     18583.0966     16165.8756     13780.9465     11426.0809      9098.2766      6795.7724      4507.0909      2243.4760         0.0000
          0.3615        -1.0436     75518.8351     72742.5189     69949.9879     67114.6065     64275.3818     61437.6361     58606.1263     55784.4716     52976.9608     50186.6243     47417.0927     44670.6743     41950.1448     39258.2844     36561.9764     33873.6401     31226.1127     28619.1290     26052.7200     23525.6626     21037.0613     18584.9230     16167.5980     13782.5119     11427.4371      9099.3661      6796.5704      4507.8114      2243.8067         0.0000
          0.6025        -1.0436     75518.8945     72742.6584     69950.2736     67115.0483     64275.9972     61438.4592     58607.1984     55785.8193     52978.6198     50188.6270     47419.4630     44673.4342     41953.3054     39261.7781     36566.9701     33878.9697     31231.7529     28625.0450     26058.8469     23531.9291     21043.3816     18591.1941     16173.7026     13788.3158     11432.7836      9104.0505      6800.2360      4511.5449      2245.7860         0.0000
          0.8435        -1.0436     75521.4611     72749.2274     69964.0534     67136.8631     64306.0553     61477.2241     58654.8591     55842.2798     53043.5240     50261.3870     47499.2921     44759.3753     42044.2885     39355.6848     36688.6209     34006.2999     31358.5648     28749.5822     26179.3904     23646.8417     21151.1189     18690.3470     16262.9991     13866.6509     11499.2175      9157.9168      6840.2479      4543.2951      2264.2522         0.0000
          1.0845        -1.0436     75524.6415     72757.4150     69981.3678     67164.3785     64344.0521     61526.3179     58715.2619     55913.8446     53125.7563     50353.4944     47600.2134     44867.8343     42158.8185     39474.4304     36817.2554     34165.5618     31516.7016     28904.3775     26328.7023     23788.6724     21283.6096     18811.8398     16372.0255     13961.9694     11579.8112      9223.0049      6889.2884      4575.9283      2280.4582         0.0000
         -0.9640        -1.2523     75524.6679     72757.4657     69981.4104     67164.3901     64343.9965     61526.1909     58715.0406     55913.5204     53125.3144     50352.9585     47599.5893     44867.1439     42158.0994     39473.6985     36816.5521     34164.5632     31515.8070     28903.6091     26328.0638     23788.1598     21283.2162     18811.5504     16371.8199     13961.8320     11579.7185      9222.9457      6889.2491      4575.9055      2280.4474         0.0000
         -0.7230        -1.2523     75521.4545     72749.2274     69964.1142     67137.0433     64306.3882     61477.7683     58655.6520     55843.3450     53044.8770     50263.0567     47501.2682     44761.6531     42046.8458     39358.4748     36692.3093     34010.4046     31362.7907     28753.8855     26183.7159     23651.1403     21155.3305     18694.4058     16266.8307     13870.1837     11502.3681      9160.6026      6842.3881      4544.7394      2265.2341         0.0000
         -0.4820        -1.2523     75521.4281     72749.1577     69963.9195     67136.6769     64305.8055     61476.9124     58654.4626     55841.7947     53042.9262     50260.6878     47498.4715     44758.4306     42043.2210     39354.5059     36687.0736     34004.5625     31356.7428     28747.7106     26177.5155     23645.0033     21149.3613     18688.7063     16261.5136     13865.3501     11498.1298      9157.0510      6839.6190      4542.9038      2263.9999         0.0000
         -0.2410        -1.2523     75521.4215     72749.1704     69964.0108     67136.8631     64306.1274     61477.3879     58655.1200     55842.6222     53043.9375     50261.8616     47499.7941     44759.8756     42044.7560     39356.0908     36689.0454     34006.6297     31358.7374     28749.6099     26179.2775     23646.6072     21150.7887     18689.9470     16262.5554     13866.1897     11498.7659      9157.4969      6839.8910      4543.0389      2264.0565         0.0000
          0.0000        -1.2523     75521.4083     72749.1069     69963.8648     67136.6246     64305.7889     61476.9388     58654.5580     55841.9612     53043.1734     50261.0057     47498.8579     44758.8786     42043.7094     39355.0093     36687.7268     34005.2275     31357.3340     28748.1981     26177.8667     23645.2040     21149.4113     18688.6170     16261.3057     13865.0598     11497.7954      9156.7191      6839.3287      4542.7027      2263.8529         0.0000
          0.2410        -1.2523     75521.4215     72749.1260     69963.8770     67136.6130     64305.7278     61476.8331     58654.3874     55841.7472     53042.9217     50260.7302     47498.5830     44758.6247     42043.5036     39354.8697     36687.6425     34005.2552     31357.5015     28748.5146     26178.3202     23645.7837     21150.0867     18689.3538     16262.0598     13865.7865     11498.4474      9157.2557      6839.7153      4542.9281      2263.9822         0.0000
          0.4820        -1.2523     75521.4413     72749.1767     69963.9864     67136.7700     64305.9332     61477.0656     58654.6483     55841.9849     53043.1195     50260.8489     47498.5989     44758.4940     42043.2036     39354.3988     36686.8237     34004.1330     31356.1516     28746.9851     26176.6691     23644.0805     21148.3960     18687.7470     16260.5948     13864.5181     11497.4077      9156.4673      6839.1785      4542.6259      2263.8039         0.0000
          0.7230        -1.2523     75521.4743     72749.2718     69964.1689     67137.0782     64306.3827     61477.6996     58655.4964     55843.0882     53044.5039     50262.5524     47500.6267     44760.8764     42045.9422     39357.4614     36690.9182     34008.8441     31361.1865     28752.2861     26182.1666     23649.6785     21153.9926     18693.2216     16265.8238     13869.3587     11501.7325      9160.1395      6842.0839      4544.5672      2265.1650         0.0000
          0.9640        -1.2523     75524.6613     72757.4340     69981.3861     67164.3727     64343.9965     61526.2120     58715.0959     55913.6062     53125.4542     50353.1329     47599.7894     44867.3578     42158.3064     39473.8815     36816.6794     34164.7282     31515.8403     28903.5040     26327.8228     23787.7991     21282.7535     18811.0147     16371.2509     13961.2674     11579.1931      9222.4898      6888.8866      4575.6509      2280.3132         0.0000
         -0.6025        -1.4610     75524.7009     72757.5672     69981.5930     67164.6521     64344.3354     61526.6036     58715.5233     55914.0591     53125.9051     50353.5795     47600.2334     44867.7893     42158.7343     39474.3160     36817.1433     34165.1842     31516.3940     28904.1580     26328.5775     23788.6420     21283.6670     18811.9734     16372.2130     13962.1961     11580.0452      9223.2239      6889.4662      4576.0492      2280.5144         0.0000
         -0.3615        -1.4610     75524.6415     72757.4150     69981.3557     67164.3378     64343.9743     61526.2014     58715.0959     55913.6253     53125.4677     50353.1457     47599.8014     44867.3578     42158.2959     39473.8520     36816.6400     34164.6359     31515.7429     28903.4106     26327.7382     23787.7213     21282.6893     18810.9731     16371.2316     13961.2783     11579.2309      9222.5512      6888.9614      4575.7236      2280.3617         0.0000
         -0.1205        -1.4610     75524.6019     72757.2945     69981.1670     67164.0816     64343.6576     61525.8205     58714.6886     55913.1962     53125.0619     50352.7884     47599.5213     44867.1964     42158.2713     39473.9958     36816.9523     34165.4443     31516.7606     28904.6064     26329.0722     23789.1527     21284.1618     18812.4186     16372.5856     13962.4784     11580.2269      9223.3124      6889.4768      4576.0126      2280.4713         0.0000
          0.1205        -1.4610     75524.6415     72757.3896     69981.2826     67164.1922     64343.7298     61525.8416     58714.6031     55912.9912     53124.7057     50352.2653     47598.8172     44866.2997     42157.1910     39472.7380     36815.5547     34163.3102     31514.5177     28902.3129     26326.7869     23786.9372     21282.0781     18810.5206     16370.9284     13961.0974     11579.1544      9222.5433      6888.9970      4575.7703      2280.3961         0.0000
          0.3615        -1.4610     75524.6547     72757.4340     69981.3982     67164.4076     64344.0688     61526.3284     58715.2568     55913.8303     53125.7202     50353.4561     47600.1654     44867.7855     42158.7869     39474.4140     36817.2706     34165.5450     31516.7606     28904.5294     26328.9412     23788.9932     21284.0030     18812.2835     16372.4944     13962.4381     11580.2449      9223.3788      6889.5776      4576.1212      2280.5507         0.0000
          0.6025        -1.4610     75524.6349     72757.3642     69981.2705     67164.2155     64343.8187     61526.0162     58714.8948     55913.4203     53125.2828     50353.0011     47599.7094     44867.3465     42158.3730     39474.0252     36816.9098     34165.1954     31516.3786     28904.0856     26328.4190     23788.3762     21283.2820     18811.4732     16371.6195     13961.5410     11579.3749      9222.5911      6888.9280      4575.6561      2280.3062         0.0000
