         -0.6025         1.4610    120280.3227    203622.9793    284985.2484    363575.8205    438630.3426    509418.8529    575252.8796    635492.1368    689550.7524    736902.9653    777088.2395    809715.7428    834468.1480    851104.7193    859463.6534    859463.6534    851104.7193    834468.1480    809715.7428    777088.2395    736902.9653    689550.7524    635492.1368    575252.8796    509418.8529    438630.3426    363575.8205    284985.2484    203622.9793    120280.3227
         -0.3615         1.4610    120280.3227    203622.9793    284985.2484    363575.8205    438630.3426    509418.8529    575252.8796    635492.1368    689550.7524    736902.9653    777088.2395    809715.7428    834468.1480    851104.7193    859463.6534    859463.6534    851104.7193    834468.1480    809715.7428    777088.2395    736902.9653    689550.7524    635492.1368    575252.8796    509418.8529    438630.3426    363575.8205    284985.2484    203622.9793    120280.3227
         -0.1205         1.4610    120280.3227    203622.9793    284985.2484    363575.8205    438630.3426    509418.8529    575252.8796    635492.1368    689550.7524    736902.9653    777088.2395    809715.7428    834468.1480    851104.7193    859463.6534    859463.6534    851104.7193    834468.1480    809715.7428    777088.2395    736902.9653    689550.7524    635492.1368    575252.8796    509418.8529    438630.3426    363575.8205    284985.2484    203622.9793    120280.3227
          0.1205         1.4610    120280.3227    203622.9793    284985.2484    363575.8205    438630.3426    509418.8529    575252.8796    635492.1368    689550.7524    736902.9653    777088.2395    809715.7428    834468.1480    851104.7193    859463.6534    859463.6534    851104.7193    834468.1480    809715.7428    777088.2395    736902.9653    689550.7524    635492.1368    575252.8796    509418.8529    438630.3426    363575.8205    284985.2484    203622.9793    120280.3227
          0.3615         1.4610    120280.3227    203622.9793    284985.2484    363575.8205    438630.3426    509418.8529    575252.8796    635492.1368    689550.7524    736902.9653    777088.2395    809715.7428    834468.1480    851104.7193    859463.6534    859463.6534    851104.7193    834468.1480    809715.7428    777088.2395    736902.9653    689550.7524    635492.1368    575252.8796    509418.8529    438630.3426    363575.8205    284985.2484    203622.9793    120280.3227
          0.6025         1.4610    120280.3227    203622.9793    284985.2484    363575.8205    438630.3426    509418.8529    575252.8796    635492.1368    689550.7524    736902.9653    777088.2395    809715.7428    834468.1480    851104.7193    859463.6534    859463.6534    851104.7193    834468.1480    809715.7428    777088.2395    736902.9653    689550.7524    635492.1368    575252.8796    509418.8529    438630.3426    363575.8205    284985.2484    203622.9793    120280.3227
         -0.9640         1.2523    120280.3227    203622.9793    284985.2484    363575.8205    438630.3426    509418.8529    575252.8796    635492.1368    689550.7524    736902.9653    777088.2395    809715.7428    834468.1480    851104.7193    859463.6534    859463.6534    851104.7193    834468.1480    809715.7428    777088.2395    736902.9653    689550.7524    635492.1368    575252.8796    509418.8529    438630.3426    363575.8205    284985.2484    203622.9793    120280.3227
         -0.7230         1.2523    133167.5001    225439.7271    315519.3822    402530.3727    485626.4508    563999.4443    636887.1167    703580.5801    763431.1902    815856.8545    860347.6937    896471.0009    923875.4496    942294.5106    951549.0449    951549.0449    942294.5106    923875.4496    896471.0009    860347.6937    815856.8545    763431.1902    703580.5801    636887.1167    563999.4443    485626.4508    402530.3727    315519.3822    225439.7271    133167.5001
         -0.4820         1.2523    133167.5001    225439.7271    315519.3822    402530.3727    485626.4508    563999.4443    636887.1167    703580.5801    763431.1902    815856.8545    860347.6937    896471.0009    923875.4496    942294.5106    951549.0449    951549.0449    942294.5106    923875.4496    896471.0009    860347.6937    815856.8545    763431.1902    703580.5801    636887.1167    563999.4443    485626.4508    402530.3727    315519.3822    225439.7271    133167.5001
         -0.2410         1.2523    133167.5001    225439.7271    315519.3822    402530.3727    485626.4508    563999.4443    636887.1167    703580.5801    763431.1902    815856.8545    860347.6937    896471.0009    923875.4496    942294.5106    951549.0449    951549.0449    942294.5106    923875.4496    896471.0009    860347.6937    815856.8545    763431.1902    703580.5801    636887.1167    563999.4443    485626.4508    402530.3727    315519.3822    225439.7271    133167.5001
          0.0000         1.2523    133167.5001    225439.7271    315519.3822    402530.3727    485626.4508    563999.4443    636887.1167    703580.5801    763431.1902    815856.8545    860347.6937    896471.0009    923875.4496    942294.5106    951549.0449    951549.0449    942294.5106    923875.4496    896471.0009    860347.6937    815856.8545    763431.1902    703580.5801    636887.1167    563999.4443    485626.4508    402530.3727    315519.3822    225439.7271    133167.5001
          0.2410         1.2523    133167.5001    225439.7271    315519.3822    402530.3727    485626.4508    563999.4443    636887.1167    703580.5801    763431.1902    815856.8545    860347.6937    896471.0009    923875.4496    942294.5106    951549.0449    951549.0449    942294.5106    923875.4496    896471.0009    860347.6937    815856.8545    763431.1902    703580.5801    636887.1167    563999.4443    485626.4508    402530.3727    315519.3822    225439.7271    133167.5001
          0.4820         1.2523    133167.5001    225439.7271    315519.3822    402530.3727    485626.4508    563999.4443    636887.1167    703580.5801    763431.1902    815856.8545    860347.6937    896471.0009    923875.4496    942294.5106    951549.0449    951549.0449    942294.5106    923875.4496    896471.0009    860347.6937    815856.8545    763431.1902    703580.5801    636887.1167    563999.4443    485626.4508    402530.3727    315519.3822    225439.7271    133167.5001
          0.7230         1.2523    133167.5001    225439.7271    315519.3822    402530.3727    485626.4508    563999.4443    636887.1167    703580.5801    763431.1902    815856.8545    860347.6937    896471.0009    923875.4496    942294.5106    951549.0449    951549.0449    942294.5106    923875.4496    896471.0009    860347.6937    815856.8545    763431.1902    703580.5801    636887.1167    563999.4443    485626.4508    402530.3727    315519.3822    225439.7271    133167.5001
          0.9640         1.2523    120280.3227    203622.9793    284985.2484    363575.8205    438630.3426    509418.8529    575252.8796    635492.1368    689550.7524    736902.9653    777088.2395    809715.7428    834468.1480    851104.7193    859463.6534    859463.6534    851104.7193    834468.1480    809715.7428    777088.2395    736902.9653    689550.7524    635492.1368    575252.8796    509418.8529    438630.3426    363575.8205    284985.2484    203622.9793    120280.3227
         -1.0845         1.0436    120280.3227    203622.9793    284985.2484    363575.8205    438630.3426    509418.8529    575252.8796    635492.1368    689550.7524    736902.9653    777088.2395    809715.7428    834468.1480    851104.7193    859463.6534    859463.6534    851104.7193    834468.1480    809715.7428    777088.2395    736902.9653    689550.7524    635492.1368    575252.8796    509418.8529    438630.3426    363575.8205    284985.2484    203622.9793    120280.3227
         -0.8435         1.0436    133167.5001    225439.7271    315519.3822    402530.3727    485626.4508    563999.4443    636887.1167    703580.5801    763431.1902    815856.8545    860347.6937    896471.0009    923875.4496    942294.5106    951549.0449    951549.0449    942294.5106    923875.4496    896471.0009    860347.6937    815856.8545    763431.1902    703580.5801    636887.1167    563999.4443    485626.4508    402530.3727    315519.3822    225439.7271    133167.5001
         -0.6025         1.0436    143190.8603    242408.3087    339268.1529    432828.3577    522178.9793    606451.0154    684824.8566    756538.2582    820893.7529    877265.4349    925105.0470    963947.3128    993414.4619   1013219.9039   1023171.0160   1023171.0160   1013219.9039    993414.4619    963947.3128    925105.0470    877265.4349    820893.7529    756538.2582    684824.8566    606451.0154    522178.9793    432828.3577    339268.1529    242408.3087    143190.8603
         -0.3615         1.0436    143190.8603    242408.3087    339268.1529    432828.3577    522178.9793    606451.0154    684824.8566    756538.2582    820893.7529    877265.4349    925105.0470    963947.3128    993414.4619   1013219.9039   1023171.0160   1023171.0160   1013219.9039    993414.4619    963947.3128    925105.0470    877265.4349    820893.7529    756538.2582    684824.8566    606451.0154    522178.9793    432828.3577    339268.1529    242408.3087    143190.8603
         -0.1205         1.0436    143190.8603    242408.3087    339268.1529    432828.3577    522178.9793    606451.0154    684824.8566    756538.2582    820893.7529    877265.4349    925105.0470    963947.3128    993414.4619   1013219.9039   1023171.0160   1023171.0160   1013219.9039    993414.4619    963947.3128    925105.0470    877265.4349    820893.7529    756538.2582    684824.8566    606451.0154    522178.9793    432828.3577    339268.1529    242408.3087    143190.8603
          0.1205         1.0436    143190.8603    242408.3087    339268.1529    432828.3577    522178.9793    606451.0154    684824.8566    756538.2582    820893.7529    877265.4349    925105.0470    963947.3128    993414.4619   1013219.9039   1023171.0160   1023171.0160   1013219.9039    993414.4619    963947.3128    925105.0470    877265.4349    820893.7529    756538.2582    684824.8566    606451.0154    522178.9793    432828.3577    339268.1529    242408.3087    143190.8603
          0.3615         1.0436    143190.8603    242408.3087    339268.1529    432828.3577    522178.9793    606451.0154    684824.8566    756538.2582    820893.7529    877265.4349    925105.0470    963947.3128    993414.4619   1013219.9039   1023171.0160   1023171.0160   1013219.9039    993414.4619    963947.3128    925105.0470    877265.4349    820893.7529    756538.2582    684824.8566    606451.0154    522178.9793    432828.3577    339268.1529    242408.3087    143190.8603
          0.6025         1.0436    143190.8603    242408.3087    339268.1529    432828.3577    522178.9793    606451.0154    684824.8566    756538.2582    820893.7529    877265.4349    925105.0470    963947.3128    993414.4619   1013219.9039   1023171.0160   1023171.0160   1013219.9039    993414.4619    963947.3128    925105.0470    877265.4349    820893.7529    756538.2582    684824.8566    606451.0154    522178.9793    432828.3577    339268.1529    242408.3087    143190.8603
          0.8435         1.0436    133167.5001    225439.7271    315519.3822    402530.3727    485626.4508    563999.4443    636887.1167    703580.5801    763431.1902    815856.8545    860347.6937    896471.0009    923875.4496    942294.5106    951549.0449    951549.0449    942294.5106    923875.4496    896471.0009    860347.6937    815856.8545    763431.1902    703580.5801    636887.1167    563999.4443    485626.4508    402530.3727    315519.3822    225439.7271    133167.5001
          1.0845         1.0436    120280.3227    203622.9793    284985.2484    363575.8205    438630.3426    509418.8529    575252.8796    635492.1368    689550.7524    736902.9653    777088.2395    809715.7428    834468.1480    851104.7193    859463.6534    859463.6534    851104.7193    834468.1480    809715.7428    777088.2395    736902.9653    689550.7524    635492.1368    575252.8796    509418.8529    438630.3426    363575.8205    284985.2484    203622.9793    120280.3227
         -1.2050         0.8348    120280.3227    203622.9793    284985.2484    363575.8205    438630.3426    509418.8529    575252.8796    635492.1368    689550.7524    736902.9653    777088.2395    809715.7428    834468.1480    851104.7193    859463.6534    859463.6534    851104.7193    834468.1480    809715.7428    777088.2395    736902.9653    689550.7524    635492.1368    575252.8796    509418.8529    438630.3426    363575.8205    284985.2484    203622.9793    120280.3227
         -0.9640         0.8348    133167.5001    225439.7271    315519.3822    402530.3727    485626.4508    563999.4443    636887.1167    703580.5801    763431.1902    815856.8545    860347.6937    896471.0009    923875.4496    942294.5106    951549.0449    951549.0449    942294.5106    923875.4496    896471.0009    860347.6937    815856.8545    763431.1902    703580.5801    636887.1167    563999.4443    485626.4508    402530.3727    315519.3822    225439.7271    133167.5001
         -0.7230         0.8348    143190.8603    242408.3087    339268.1529    432828.3577    522178.9793    606451.0154    684824.8566    756538.2582    820893.7529    877265.4349    925105.0470    963947.3128    993414.4619   1013219.9039   1023171.0160   1023171.0160   1013219.9039    993414.4619    963947.3128    925105.0470    877265.4349    820893.7529    756538.2582    684824.8566    606451.0154    522178.9793    432828.3577    339268.1529    242408.3087    143190.8603
         -0.4820         0.8348    154646.1292    261800.9734    366409.6051    467454.6263    563953.2977    654967.0966    739610.8452    817061.3188    886565.2531    947446.6697    999113.4508   1041063.0979   1072887.6189   1094277.4962   1105024.6972   1105024.6972   1094277.4962   1072887.6189   1041063.0979    999113.4508    947446.6697    886565.2531    817061.3188    739610.8452    654967.0966    563953.2977    467454.6263    366409.6051    261800.9734    154646.1292
         -0.2410         0.8348    154646.1292    261800.9734    366409.6051    467454.6263    563953.2977    654967.0966    739610.8452    817061.3188    886565.2531    947446.6697    999113.4508   1041063.0979   1072887.6189   1094277.4962   1105024.6972   1105024.6972   1094277.4962   1072887.6189   1041063.0979    999113.4508    947446.6697    886565.2531    817061.3188    739610.8452    654967.0966    563953.2977    467454.6263    366409.6051    261800.9734    154646.1292
          0.0000         0.8348    154646.1292    261800.9734    366409.6051    467454.6263    563953.2977    654967.0966    739610.8452    817061.3188    886565.2531    947446.6697    999113.4508   1041063.0979   1072887.6189   1094277.4962   1105024.6972   1105024.6972   1094277.4962   1072887.6189   1041063.0979    999113.4508    947446.6697    886565.2531    817061.3188    739610.8452    654967.0966    563953.2977    467454.6263    366409.6051    261800.9734    154646.1292
          0.2410         0.8348    154646.1292    261800.9734    366409.6051    467454.6263    563953.2977    654967.0966    739610.8452    817061.3188    886565.2531    947446.6697    999113.4508   1041063.0979   1072887.6189   1094277.4962   1105024.6972   1105024.6972   1094277.4962   1072887.6189   1041063.0979    999113.4508    947446.6697    886565.2531    817061.3188    739610.8452    654967.0966    563953.2977    467454.6263    366409.6051    261800.9734    154646.1292
          0.4820         0.8348    154646.1292    261800.9734    366409.6051    467454.6263    563953.2977    654967.0966    739610.8452    817061.3188    886565.2531    947446.6697    999113.4508   1041063.0979   1072887.6189   1094277.4962   1105024.6972   1105024.6972   1094277.4962   1072887.6189   1041063.0979    999113.4508    947446.6697    886565.2531    817061.3188    739610.8452    654967.0966    563953.2977    467454.6263    366409.6051    261800.9734    154646.1292
          0.7230         0.8348    143190.8603    242408.3087    339268.1529    432828.3577    522178.9793    606451.0154    684824.8566    756538.2582    820893.7529    877265.4349    925105.0470    963947.3128    993414.4619   1013219.9039   1023171.0160   1023171.0160   1013219.9039    993414.4619    963947.3128    925105.0470    877265.4349    820893.7529    756538.2582    684824.8566    606451.0154    522178.9793    432828.3577    339268.1529    242408.3087    143190.8603
          0.9640         0.8348    133167.5001    225439.7271    315519.3822    402530.3727    485626.4508    563999.4443    636887.1167    703580.5801    763431.1902    815856.8545    860347.6937    896471.0009    923875.4496    942294.5106    951549.0449    951549.0449    942294.5106    923875.4496    896471.0009    860347.6937    815856.8545    763431.1902    703580.5801    636887.1167    563999.4443    485626.4508    402530.3727    315519.3822    225439.7271    133167.5001
          1.2050         0.8348    120280.3227    203622.9793    284985.2484    363575.8205    438630.3426    509418.8529    575252.8796    635492.1368    689550.7524    736902.9653    777088.2395    809715.7428    834468.1480    851104.7193    859463.6534    859463.6534    851104.7193    834468.1480    809715.7428    777088.2395    736902.9653    689550.7524    635492.1368    575252.8796    509418.8529    438630.3426    363575.8205    284985.2484    203622.9793    120280.3227
         -1.3255         0.6261    120280.3227    203622.9793    284985.2484    363575.8205    438630.3426    509418.8529    575252.8796    635492.1368    689550.7524    736902.9653    777088.2395    809715.7428    834468.1480    851104.7193    859463.6534    859463.6534    851104.7193    834468.1480    809715.7428    777088.2395    736902.9653    689550.7524    635492.1368    575252.8796    509418.8529    438630.3426    363575.8205    284985.2484    203622.9793    120280.3227
         -1.0845         0.6261    133167.5001    225439.7271    315519.3822    402530.3727    485626.4508    563999.4443    636887.1167    703580.5801    763431.1902    815856.8545    860347.6937    896471.0009    923875.4496    942294.5106    951549.0449    951549.0449    942294.5106    923875.4496    896471.0009    860347.6937    815856.8545    763431.1902    703580.5801    636887.1167    563999.4443    485626.4508    402530.3727    315519.3822    225439.7271    133167.5001
         -0.8435         0.6261    143190.8603    242408.3087    339268.1529    432828.3577    522178.9793    606451.0154    684824.8566    756538.2582    820893.7529    877265.4349    925105.0470    963947.3128    993414.4619   1013219.9039   1023171.0160   1023171.0160   1013219.9039    993414.4619    963947.3128    925105.0470    877265.4349    820893.7529    756538.2582    684824.8566    606451.0154    522178.9793    432828.3577    339268.1529    242408.3087    143190.8603
         -0.6025         0.6261    154646.1292    261800.9734    366409.6051    467454.6263    563953.2977    654967.0966    739610.8452    817061.3188    886565.2531    947446.6697    999113.4508   1041063.0979   1072887.6189   1094277.4962   1105024.6972   1105024.6972   1094277.4962   1072887.6189   1041063.0979    999113.4508    947446.6697    886565.2531    817061.3188    739610.8452    654967.0966    563953.2977    467454.6263    366409.6051    261800.9734    154646.1292
         -0.3615         0.6261    163237.5808    276345.4719    386765.6943    493424.3278    595284.0364    691354.1576    780700.3366    862453.6143    935818.8783   1000082.5958   1054619.7536   1098899.9366   1132492.4866   1155070.6905   1166414.9582   1166414.9582   1155070.6905   1132492.4866   1098899.9366   1054619.7536   1000082.5958    935818.8783    862453.6143    780700.3366    691354.1576    595284.0364    493424.3278    386765.6943    276345.4719    163237.5808
         -0.1205         0.6261    163237.5808    276345.4719    386765.6943    493424.3278    595284.0364    691354.1576    780700.3366    862453.6143    935818.8783   1000082.5958   1054619.7536   1098899.9366   1132492.4866   1155070.6905   1166414.9582   1166414.9582   1155070.6905   1132492.4866   1098899.9366   1054619.7536   1000082.5958    935818.8783    862453.6143    780700.3366    691354.1576    595284.0364    493424.3278    386765.6943    276345.4719    163237.5808
          0.1205         0.6261    163237.5808    276345.4719    386765.6943    493424.3278    595284.0364    691354.1576    780700.3366    862453.6143    935818.8783   1000082.5958   1054619.7536   1098899.9366   1132492.4866   1155070.6905   1166414.9582   1166414.9582   1155070.6905   1132492.4866   1098899.9366   1054619.7536   1000082.5958    935818.8783    862453.6143    780700.3366    691354.1576    595284.0364    493424.3278    386765.6943    276345.4719    163237.5808
          0.3615         0.6261    163237.5808    276345.4719    386765.6943    493424.3278    595284.0364    691354.1576    780700.3366    862453.6143    935818.8783   1000082.5958   1054619.7536   1098899.9366   1132492.4866   1155070.6905   1166414.9582   1166414.9582   1155070.6905   1132492.4866   1098899.9366   1054619.7536   1000082.5958    935818.8783    862453.6143    780700.3366    691354.1576    595284.0364    493424.3278    386765.6943    276345.4719    163237.5808
          0.6025         0.6261    154646.1292    261800.9734    366409.6051    467454.6263    563953.2977    654967.0966    739610.8452    817061.3188    886565.2531    947446.6697    999113.4508   1041063.0979   1072887.6189   1094277.4962   1105024.6972   1105024.6972   1094277.4962   1072887.6189   1041063.0979    999113.4508    947446.6697    886565.2531    817061.3188    739610.8452    654967.0966    563953.2977    467454.6263    366409.6051    261800.9734    154646.1292
          0.8435         0.6261    143190.8603    242408.3087    339268.1529    432828.3577    522178.9793    606451.0154    684824.8566    756538.2582    820893.7529    877265.4349    925105.0470    963947.3128    993414.4619   1013219.9039   1023171.0160   1023171.0160   1013219.9039    993414.4619    963947.3128    925105.0470    877265.4349    820893.7529    756538.2582    684824.8566    606451.0154    522178.9793    432828.3577    339268.1529    242408.3087    143190.8603
          1.0845         0.6261    133167.5001    225439.7271    315519.3822    402530.3727    485626.4508    563999.4443    636887.1167    703580.5801    763431.1902    815856.8545    860347.6937    896471.0009    923875.4496    942294.5106    951549.0449    951549.0449    942294.5106    923875.4496    896471.0009    860347.6937    815856.8545    763431.1902    703580.5801    636887.1167    563999.4443    485626.4508    402530.3727    315519.3822    225439.7271    133167.5001
          1.3255         0.6261    120280.3227    203622.9793    284985.2484    363575.8205    438630.3426    509418.8529    575252.8796    635492.1368    689550.7524    736902.9653    777088.2395    809715.7428    834468.1480    851104.7193    859463.6534    859463.6534    851104.7193    834468.1480    809715.7428    777088.2395    736902.9653    689550.7524    635492.1368    575252.8796    509418.8529    438630.3426    363575.8205    284985.2484    203622.9793    120280.3227
         -1.4460         0.4174    120280.3227    203622.9793    284985.2484    363575.8205    438630.3426    509418.8529    575252.8796    635492.1368    689550.7524    736902.9653    777088.2395    809715.7428    834468.1480    851104.7193    859463.6534    859463.6534    851104.7193    834468.1480    809715.7428    777088.2395    736902.9653    689550.7524    635492.1368    575252.8796    509418.8529    438630.3426    363575.8205    284985.2484    203622.9793    120280.3227
         -1.2050         0.4174    133167.5001    225439.7271    315519.3822    402530.3727    485626.4508    563999.4443    636887.1167    703580.5801    763431.1902    815856.8545    860347.6937    896471.0009    923875.4496    942294.5106    951549.0449    951549.0449    942294.5106    923875.4496    896471.0009    860347.6937    815856.8545    763431.1902    703580.5801    636887.1167    563999.4443    485626.4508    402530.3727    315519.3822    225439.7271    133167.5001
         -0.9640         0.4174    143190.8603    242408.3087    339268.1529    432828.3577    522178.9793    606451.0154    684824.8566    756538.2582    820893.7529    877265.4349    925105.0470    963947.3128    993414.4619   1013219.9039   1023171.0160   1023171.0160   1013219.9039    993414.4619    963947.3128    925105.0470    877265.4349    820893.7529    756538.2582    684824.8566    606451.0154    522178.9793    432828.3577    339268.1529    242408.3087    143190.8603
         -0.7230         0.4174    154646.1292    261800.9734    366409.6051    467454.6263    563953.2977    654967.0966    739610.8452    817061.3188    886565.2531    947446.6697    999113.4508   1041063.0979   1072887.6189   1094277.4962   1105024.6972   1105024.6972   1094277.4962   1072887.6189   1041063.0979    999113.4508    947446.6697    886565.2531    817061.3188    739610.8452    654967.0966    563953.2977    467454.6263    366409.6051    261800.9734    154646.1292
         -0.4820         0.4174    163237.5808    276345.4719    386765.6943    493424.3278    595284.0364    691354.1576    780700.3366    862453.6143    935818.8783   1000082.5958   1054619.7536   1098899.9366   1132492.4866   1155070.6905   1166414.9582   1166414.9582   1155070.6905   1132492.4866   1098899.9366   1054619.7536   1000082.5958    935818.8783    862453.6143    780700.3366    691354.1576    595284.0364    493424.3278    386765.6943    276345.4719    163237.5808
         -0.2410         0.4174    170397.1238    288465.8873    403729.1020    515065.7457    621392.9854    721676.7083    814941.5794    900280.5272    976863.5659   1043945.8675   1100875.0060   1147097.3023   1182163.2097   1205731.6857   1217573.5090   1217573.5090   1205731.6857   1182163.2097   1147097.3023   1100875.0060   1043945.8675    976863.5659    900280.5272    814941.5794    721676.7083    621392.9854    515065.7457    403729.1020    288465.8873    170397.1238
          0.0000         0.4174    170397.1238    288465.8873    403729.1020    515065.7457    621392.9854    721676.7083    814941.5794    900280.5272    976863.5659   1043945.8675   1100875.0060   1147097.3023   1182163.2097   1205731.6857   1217573.5090   1217573.5090   1205731.6857   1182163.2097   1147097.3023   1100875.0060   1043945.8675    976863.5659    900280.5272    814941.5794    721676.7083    621392.9854    515065.7457    403729.1020    288465.8873    170397.1238
          0.2410         0.4174    170397.1238    288465.8873    403729.1020    515065.7457    621392.9854    721676.7083    814941.5794    900280.5272    976863.5659   1043945.8675   1100875.0060   1147097.3023   1182163.2097   1205731.6857   1217573.5090   1217573.5090   1205731.6857   1182163.2097   1147097.3023   1100875.0060   1043945.8675    976863.5659    900280.5272    814941.5794    721676.7083    621392.9854    515065.7457    403729.1020    288465.8873    170397.1238
          0.4820         0.4174    163237.5808    276345.4719    386765.6943    493424.3278    595284.0364    691354.1576    780700.3366    862453.6143    935818.8783   1000082.5958   1054619.7536   1098899.9366   1132492.4866   1155070.6905   1166414.9582   1166414.9582   1155070.6905   1132492.4866   1098899.9366   1054619.7536   1000082.5958    935818.8783    862453.6143    780700.3366    691354.1576    595284.0364    493424.3278    386765.6943    276345.4719    163237.5808
          0.7230         0.4174    154646.1292    261800.9734    366409.6051    467454.6263    563953.2977    654967.0966    739610.8452    817061.3188    886565.2531    947446.6697    999113.4508   1041063.0979   1072887.6189   1094277.4962   1105024.6972   1105024.6972   1094277.4962   1072887.6189   1041063.0979    999113.4508    947446.6697    886565.2531    817061.3188    739610.8452    654967.0966    563953.2977    467454.6263    366409.6051    261800.9734    154646.1292
          0.9640         0.4174    143190.8603    242408.3087    339268.1529    432828.3577    522178.9793    606451.0154    684824.8566    756538.2582    820893.7529    877265.4349    925105.0470    963947.3128    993414.4619   1013219.9039   1023171.0160   1023171.0160   1013219.9039    993414.4619    963947.3128    925105.0470    877265.4349    820893.7529    756538.2582    684824.8566    606451.0154    522178.9793    432828.3577    339268.1529    242408.3087    143190.8603
          1.2050         0.4174    133167.5001    225439.7271    315519.3822    402530.3727    485626.4508    563999.4443    636887.1167    703580.5801    763431.1902    815856.8545    860347.6937    896471.0009    923875.4496    942294.5106    951549.0449    951549.0449    942294.5106    923875.4496    896471.0009    860347.6937    815856.8545    763431.1902    703580.5801    636887.1167    563999.4443    485626.4508    402530.3727    315519.3822    225439.7271    133167.5001
          1.4460         0.4174    120280.3227    203622.9793    284985.2484    363575.8205    438630.3426    509418.8529    575252.8796    635492.1368    689550.7524    736902.9653    777088.2395    809715.7428    834468.1480    851104.7193    859463.6534    859463.6534    851104.7193    834468.1480    809715.7428    777088.2395    736902.9653    689550.7524    635492.1368    575252.8796    509418.8529    438630.3426    363575.8205    284985.2484    203622.9793    120280.3227
         -1.5665         0.2087    120280.3227    203622.9793    284985.2484    363575.8205    438630.3426    509418.8529    575252.8796    635492.1368    689550.7524    736902.9653    777088.2395    809715.7428    834468.1480    851104.7193    859463.6534    859463.6534    851104.7193    834468.1480    809715.7428    777088.2395    736902.9653    689550.7524    635492.1368    575252.8796    509418.8529    438630.3426    363575.8205    284985.2484    203622.9793    120280.3227
         -1.3255         0.2087    133167.5001    225439.7271    315519.3822    402530.3727    485626.4508    563999.4443    636887.1167    703580.5801    763431.1902    815856.8545    860347.6937    896471.0009    923875.4496    942294.5106    951549.0449    951549.0449    942294.5106    923875.4496    896471.0009    860347.6937    815856.8545    763431.1902    703580.5801    636887.1167    563999.4443    485626.4508    402530.3727    315519.3822    225439.7271    133167.5001
         -1.0845         0.2087    143190.8603    242408.3087    339268.1529    432828.3577    522178.9793    606451.0154    684824.8566    756538.2582    820893.7529    877265.4349    925105.0470    963947.3128    993414.4619   1013219.9039   1023171.0160   1023171.0160   1013219.9039    993414.4619    963947.3128    925105.0470    877265.4349    820893.7529    756538.2582    684824.8566    606451.0154    522178.9793    432828.3577    339268.1529    242408.3087    143190.8603
         -0.8435         0.2087    154646.1292    261800.9734    366409.6051    467454.6263    563953.2977    654967.0966    739610.8452    817061.3188    886565.2531    947446.6697    999113.4508   1041063.0979   1072887.6189   1094277.4962   1105024.6972   1105024.6972   1094277.4962   1072887.6189   1041063.0979    999113.4508    947446.6697    886565.2531    817061.3188    739610.8452    654967.0966    563953.2977    467454.6263    366409.6051    261800.9734    154646.1292
         -0.6025         0.2087    163237.5808    276345.4719    386765.6943    493424.3278    595284.0364    691354.1576    780700.3366    862453.6143    935818.8783   1000082.5958   1054619.7536   1098899.9366   1132492.4866   1155070.6905   1166414.9582   1166414.9582   1155070.6905   1132492.4866   1098899.9366   1054619.7536   1000082.5958    935818.8783    862453.6143    780700.3366    691354.1576    595284.0364    493424.3278    386765.6943    276345.4719    163237.5808
         -0.3615         0.2087    170397.1238    288465.8873    403729.1020    515065.7457    621392.9854    721676.7083    814941.5794    900280.5272    976863.5659   1043945.8675   1100875.0060   1147097.3023   1182163.2097   1205731.6857   1217573.5090   1217573.5090   1205731.6857   1182163.2097   1147097.3023   1100875.0060   1043945.8675    976863.5659    900280.5272    814941.5794    721676.7083    621392.9854    515065.7457    403729.1020    288465.8873    170397.1238
         -0.1205         0.2087    174692.8496    295738.1366    413907.1465    528050.5964    637058.3548    739870.2388    835486.3251    922976.6749   1001490.3785   1070263.8306   1128628.1574   1176015.7217   1211965.6435   1236128.2828   1248268.6395   1248268.6395   1236128.2828   1211965.6435   1176015.7217   1128628.1574   1070263.8306   1001490.3785    922976.6749    835486.3251    739870.2388    637058.3548    528050.5964    413907.1465    295738.1366    174692.8496
          0.1205         0.2087    174692.8496    295738.1366    413907.1465    528050.5964    637058.3548    739870.2388    835486.3251    922976.6749   1001490.3785   1070263.8306   1128628.1574   1176015.7217   1211965.6435   1236128.2828   1248268.6395   1248268.6395   1236128.2828   1211965.6435   1176015.7217   1128628.1574   1070263.8306   1001490.3785    922976.6749    835486.3251    739870.2388    637058.3548    528050.5964    413907.1465    295738.1366    174692.8496
          0.3615         0.2087    170397.1238    288465.8873    403729.1020    515065.7457    621392.9854    721676.7083    814941.5794    900280.5272    976863.5659   1043945.8675   1100875.0060   1147097.3023   1182163.2097   1205731.6857   1217573.5090   1217573.5090   1205731.6857   1182163.2097   1147097.3023   1100875.0060   1043945.8675    976863.5659    900280.5272    814941.5794    721676.7083    621392.9854    515065.7457    403729.1020    288465.8873    170397.1238
          0.6025         0.2087    163237.5808    276345.4719    386765.6943    493424.3278    595284.0364    691354.1576    780700.3366    862453.6143    935818.8783   1000082.5958   1054619.7536   1098899.9366   1132492.4866   1155070.6905   1166414.9582   1166414.9582   1155070.6905   1132492.4866   1098899.9366   1054619.7536   1000082.5958    935818.8783    862453.6143    780700.3366    691354.1576    595284.0364    493424.3278    386765.6943    276345.4719    163237.5808
          0.8435         0.2087    154646.1292    261800.9734    366409.6051    467454.6263    563953.2977    654967.0966    739610.8452    817061.3188    886565.2531    947446.6697    999113.4508   1041063.0979   1072887.6189   1094277.4962   1105024.6972   1105024.6972   1094277.4962   1072887.6189   1041063.0979    999113.4508    947446.6697    886565.2531    817061.3188    739610.8452    654967.0966    563953.2977    467454.6263    366409.6051    261800.9734    154646.1292
          1.0845         0.2087    143190.8603    242408.3087    339268.1529    432828.3577    522178.9793    606451.0154    684824.8566    756538.2582    820893.7529    877265.4349    925105.0470    963947.3128    993414.4619   1013219.9039   1023171.0160   1023171.0160   1013219.9039    993414.4619    963947.3128    925105.0470    877265.4349    820893.7529    756538.2582    684824.8566    606451.0154    522178.9793    432828.3577    339268.1529    242408.3087    143190.8603
          1.3255         0.2087    133167.5001    225439.7271    315519.3822    402530.3727    485626.4508    563999.4443    636887.1167    703580.5801    763431.1902    815856.8545    860347.6937    896471.0009    923875.4496    942294.5106    951549.0449    951549.0449    942294.5106    923875.4496    896471.0009    860347.6937    815856.8545    763431.1902    703580.5801    636887.1167    563999.4443    485626.4508    402530.3727    315519.3822    225439.7271    133167.5001
          1.5665         0.2087    120280.3227    203622.9793    284985.2484    363575.8205    438630.3426    509418.8529    575252.8796    635492.1368    689550.7524    736902.9653    777088.2395    809715.7428    834468.1480    851104.7193    859463.6534    859463.6534    851104.7193    834468.1480    809715.7428    777088.2395    736902.9653    689550.7524    635492.1368    575252.8796    509418.8529    438630.3426    363575.8205    284985.2484    203622.9793    120280.3227
         -1.4460         0.0000    133167.5001    225439.7271    315519.3822    402530.3727    485626.4508    563999.4443    636887.1167    703580.5801    763431.1902    815856.8545    860347.6937    896471.0009    923875.4496    942294.5106    951549.0449    951549.0449    942294.5106    923875.4496    896471.0009    860347.6937    815856.8545    763431.1902    703580.5801    636887.1167    563999.4443    485626.4508    402530.3727    315519.3822    225439.7271    133167.5001
         -1.2050         0.0000    143190.8603    242408.3087    339268.1529    432828.3577    522178.9793    606451.0154    684824.8566    756538.2582    820893.7529    877265.4349    925105.0470    963947.3128    993414.4619   1013219.9039   1023171.0160   1023171.0160   1013219.9039    993414.4619    963947.3128    925105.0470    877265.4349    820893.7529    756538.2582    684824.8566    606451.0154    522178.9793    432828.3577    339268.1529    242408.3087    143190.8603
         -0.9640         0.0000    154646.1292    261800.9734    366409.6051    467454.6263    563953.2977    654967.0966    739610.8452    817061.3188    886565.2531    947446.6697    999113.4508   1041063.0979   1072887.6189   1094277.4962   1105024.6972   1105024.6972   1094277.4962   1072887.6189   1041063.0979    999113.4508    947446.6697    886565.2531    817061.3188    739610.8452    654967.0966    563953.2977    467454.6263    366409.6051    261800.9734    154646.1292
         -0.7230         0.0000    163237.5808    276345.4719    386765.6943    493424.3278    595284.0364    691354.1576    780700.3366    862453.6143    935818.8783   1000082.5958   1054619.7536   1098899.9366   1132492.4866   1155070.6905   1166414.9582   1166414.9582   1155070.6905   1132492.4866   1098899.9366   1054619.7536   1000082.5958    935818.8783    862453.6143    780700.3366    691354.1576    595284.0364    493424.3278    386765.6943    276345.4719    163237.5808
         -0.4820         0.0000    170397.1238    288465.8873    403729.1020    515065.7457    621392.9854    721676.7083    814941.5794    900280.5272    976863.5659   1043945.8675   1100875.0060   1147097.3023   1182163.2097   1205731.6857   1217573.5090   1217573.5090   1205731.6857   1182163.2097   1147097.3023   1100875.0060   1043945.8675    976863.5659    900280.5272    814941.5794    721676.7083    621392.9854    515065.7457    403729.1020    288465.8873    170397.1238
         -0.2410         0.0000    174692.8496    295738.1366    413907.1465    528050.5964    637058.3548    739870.2388    835486.3251    922976.6749   1001490.3785   1070263.8306   1128628.1574   1176015.7217   1211965.6435   1236128.2828   1248268.6395   1248268.6395   1236128.2828   1211965.6435   1176015.7217   1128628.1574   1070263.8306   1001490.3785    922976.6749    835486.3251    739870.2388    637058.3548    528050.5964    413907.1465    295738.1366    174692.8496
          0.0000         0.0000    177556.6668    300586.3028    420692.5096    536707.1635    647501.9344    751999.2591    849182.8222    938107.4401   1017908.2536   1087809.1393   1147130.2583   1195294.6679   1231833.9328   1256392.6809   1268732.0598   1268732.0598   1256392.6809   1231833.9328   1195294.6679   1147130.2583   1087809.1393   1017908.2536    938107.4401    849182.8222    751999.2591    647501.9344    536707.1635    420692.5096    300586.3028    177556.6668
          0.2410         0.0000    174692.8496    295738.1366    413907.1465    528050.5964    637058.3548    739870.2388    835486.3251    922976.6749   1001490.3785   1070263.8306   1128628.1574   1176015.7217   1211965.6435   1236128.2828   1248268.6395   1248268.6395   1236128.2828   1211965.6435   1176015.7217   1128628.1574   1070263.8306   1001490.3785    922976.6749    835486.3251    739870.2388    637058.3548    528050.5964    413907.1465    295738.1366    174692.8496
          0.4820         0.0000    170397.1238    288465.8873    403729.1020    515065.7457    621392.9854    721676.7083    814941.5794    900280.5272    976863.5659   1043945.8675   1100875.0060   1147097.3023   1182163.2097   1205731.6857   1217573.5090   1217573.5090   1205731.6857   1182163.2097   1147097.3023   1100875.0060   1043945.8675    976863.5659    900280.5272    814941.5794    721676.7083    621392.9854    515065.7457    403729.1020    288465.8873    170397.1238
          0.7230         0.0000    163237.5808    276345.4719    386765.6943    493424.3278    595284.0364    691354.1576    780700.3366    862453.6143    935818.8783   1000082.5958   1054619.7536   1098899.9366   1132492.4866   1155070.6905   1166414.9582   1166414.9582   1155070.6905   1132492.4866   1098899.9366   1054619.7536   1000082.5958    935818.8783    862453.6143    780700.3366    691354.1576    595284.0364    493424.3278    386765.6943    276345.4719    163237.5808
          0.9640         0.0000    154646.1292    261800.9734    366409.6051    467454.6263    563953.2977    654967.0966    739610.8452    817061.3188    886565.2531    947446.6697    999113.4508   1041063.0979   1072887.6189   1094277.4962   1105024.6972   1105024.6972   1094277.4962   1072887.6189   1041063.0979    999113.4508    947446.6697    886565.2531    817061.3188    739610.8452    654967.0966    563953.2977    467454.6263    366409.6051    261800.9734    154646.1292
          1.2050         0.0000    143190.8603    242408.3087    339268.1529    432828.3577    522178.9793    606451.0154    684824.8566    756538.2582    820893.7529    877265.4349    925105.0470    963947.3128    993414.4619   1013219.9039   1023171.0160   1023171.0160   1013219.9039    993414.4619    963947.3128    925105.0470    877265.4349    820893.7529    756538.2582    684824.8566    606451.0154    522178.9793    432828.3577    339268.1529    242408.3087    143190.8603
          1.4460         0.0000    133167.5001    225439.7271    315519.3822    402530.3727    485626.4508    563999.4443    636887.1167    703580.5801    763431.1902    815856.8545    860347.6937    896471.0009    923875.4496    942294.5106    951549.0449    951549.0449    942294.5106    923875.4496    896471.0009    860347.6937    815856.8545    763431.1902    703580.5801    636887.1167    563999.4443    485626.4508    402530.3727    315519.3822    225439.7271    133167.5001
         -1.5665        -0.2087    120280.3227    203622.9793    284985.2484    363575.8205    438630.3426    509418.8529    575252.8796    635492.1368    689550.7524    736902.9653    777088.2395    809715.7428    834468.1480    851104.7193    859463.6534    859463.6534    851104.7193    834468.1480    809715.7428    777088.2395    736902.9653    689550.7524    635492.1368    575252.8796    509418.8529    438630.3426    363575.8205    284985.2484    203622.9793    120280.3227
         -1.3255        -0.2087    133167.5001    225439.7271    315519.3822    402530.3727    485626.4508    563999.4443    636887.1167    703580.5801    763431.1902    815856.8545    860347.6937    896471.0009    923875.4496    942294.5106    951549.0449    951549.0449    942294.5106    923875.4496    896471.0009    860347.6937    815856.8545    763431.1902    703580.5801    636887.1167    563999.4443    485626.4508    402530.3727    315519.3822    225439.7271    133167.5001
         -1.0845        -0.2087    143190.8603    242408.3087    339268.1529    432828.3577    522178.9793    606451.0154    684824.8566    756538.2582    820893.7529    877265.4349    925105.0470    963947.3128    993414.4619   1013219.9039   1023171.0160   1023171.0160   1013219.9039    993414.4619    963947.3128    925105.0470    877265.4349    820893.7529    756538.2582    684824.8566    606451.0154    522178.9793    432828.3577    339268.1529    242408.3087    143190.8603
         -0.8435        -0.2087    154646.1292    261800.9734    366409.6051    467454.6263    563953.2977    654967.0966    739610.8452    817061.3188    886565.2531    947446.6697    999113.4508   1041063.0979   1072887.6189   1094277.4962   1105024.6972   1105024.6972   1094277.4962   1072887.6189   1041063.0979    999113.4508    947446.6697    886565.2531    817061.3188    739610.8452    654967.0966    563953.2977    467454.6263    366409.6051    261800.9734    154646.1292
         -0.6025        -0.2087    163237.5808    276345.4719    386765.6943    493424.3278    595284.0364    691354.1576    780700.3366    862453.6143    935818.8783   1000082.5958   1054619.7536   1098899.9366   1132492.4866   1155070.6905   1166414.9582   1166414.9582   1155070.6905   1132492.4866   1098899.9366   1054619.7536   1000082.5958    935818.8783    862453.6143    780700.3366    691354.1576    595284.0364    493424.3278    386765.6943    276345.4719    163237.5808
         -0.3615        -0.2087    170397.1238    288465.8873    403729.1020    515065.7457    621392.9854    721676.7083    814941.5794    900280.5272    976863.5659   1043945.8675   1100875.0060   1147097.3023   1182163.2097   1205731.6857   1217573.5090   1217573.5090   1205731.6857   1182163.2097   1147097.3023   1100875.0060   1043945.8675    976863.5659    900280.5272    814941.5794    721676.7083    621392.9854    515065.7457    403729.1020    288465.8873    170397.1238
         -0.1205        -0.2087    174692.8496    295738.1366    413907.1465    528050.5964    637058.3548    739870.2388    835486.3251    922976.6749   1001490.3785   1070263.8306   1128628.1574   1176015.7217   1211965.6435   1236128.2828   1248268.6395   1248268.6395   1236128.2828   1211965.6435   1176015.7217   1128628.1574   1070263.8306   1001490.3785    922976.6749    835486.3251    739870.2388    637058.3548    528050.5964    413907.1465    295738.1366    174692.8496
          0.1205        -0.2087    174692.8496    295738.1366    413907.1465    528050.5964    637058.3548    739870.2388    835486.3251    922976.6749   1001490.3785   1070263.8306   1128628.1574   1176015.7217   1211965.6435   1236128.2828   1248268.6395   1248268.6395   1236128.2828   1211965.6435   1176015.7217   1128628.1574   1070263.8306   1001490.3785    922976.6749    835486.3251    739870.2388    637058.3548    528050.5964    413907.1465    295738.1366    174692.8496
          0.3615        -0.2087    170397.1238    288465.8873    403729.1020    515065.7457    621392.9854    721676.7083    814941.5794    900280.5272    976863.5659   1043945.8675   1100875.0060   1147097.3023   1182163.2097   1205731.6857   1217573.5090   1217573.5090   1205731.6857   1182163.2097   1147097.3023   1100875.0060   1043945.8675    976863.5659    900280.5272    814941.5794    721676.7083    621392.9854    515065.7457    403729.1020    288465.8873    170397.1238
          0.6025        -0.2087    163237.5808    276345.4719    386765.6943    493424.3278    595284.0364    691354.1576    780700.3366    862453.6143    935818.8783   1000082.5958   1054619.7536   1098899.9366   1132492.4866   1155070.6905   1166414.9582   1166414.9582   1155070.6905   1132492.4866   1098899.9366   1054619.7536   1000082.5958    935818.8783    862453.6143    780700.3366    691354.1576    595284.0364    493424.3278    386765.6943    276345.4719    163237.5808
          0.8435        -0.2087    154646.1292    261800.9734    366409.6051    467454.6263    563953.2977    654967.0966    739610.8452    817061.3188    886565.2531    947446.6697    999113.4508   1041063.0979   1072887.6189   1094277.4962   1105024.6972   1105024.6972   1094277.4962   1072887.6189   1041063.0979    999113.4508    947446.6697    886565.2531    817061.3188    739610.8452    654967.0966    563953.2977    467454.6263    366409.6051    261800.9734    154646.1292
          1.0845        -0.2087    143190.8603    242408.3087    339268.1529    432828.3577    522178.9793    606451.0154    684824.8566    756538.2582    820893.7529    877265.4349    925105.0470    963947.3128    993414.4619   1013219.9039   1023171.0160   1023171.0160   1013219.9039    993414.4619    963947.3128    925105.0470    877265.4349    820893.7529    756538.2582    684824.8566    606451.0154    522178.9793    432828.3577    339268.1529    242408.3087    143190.8603
          1.3255        -0.2087    133167.5001    225439.7271    315519.3822    402530.3727    485626.4508    563999.4443    636887.1167    703580.5801    763431.1902    815856.8545    860347.6937    896471.0009    923875.4496    942294.5106    951549.0449    951549.0449    942294.5106    923875.4496    896471.0009    860347.6937    815856.8545    763431.1902    703580.5801    636887.1167    563999.4443    485626.4508    402530.3727    315519.3822    225439.7271    133167.5001
          1.5665        -0.2087    120280.3227    203622.9793    284985.2484    363575.8205    438630.3426    509418.8529    575252.8796    635492.1368    689550.7524    736902.9653    777088.2395    809715.7428    834468.1480    851104.7193    859463.6534    859463.6534    851104.7193    834468.1480    809715.7428    777088.2395    736902.9653    689550.7524    635492.1368    575252.8796    509418.8529    438630.3426    363575.8205    284985.2484    203622.9793    120280.3227
         -1.4460        -0.4174    120280.3227    203622.9793    284985.2484    363575.8205    438630.3426    509418.8529    575252.8796    635492.1368    689550.7524    736902.9653    777088.2395    809715.7428    834468.1480    851104.7193    859463.6534    859463.6534    851104.7193    834468.1480    809715.7428    777088.2395    736902.9653    689550.7524    635492.1368    575252.8796    509418.8529    438630.3426    363575.8205    284985.2484    203622.9793    120280.3227
         -1.2050        -0.4174    133167.5001    225439.7271    315519.3822    402530.3727    485626.4508    563999.4443    636887.1167    703580.5801    763431.1902    815856.8545    860347.6937    896471.0009    923875.4496    942294.5106    951549.0449    951549.0449    942294.5106    923875.4496    896471.0009    860347.6937    815856.8545    763431.1902    703580.5801    636887.1167    563999.4443    485626.4508    402530.3727    315519.3822    225439.7271    133167.5001
         -0.9640        -0.4174    143190.8603    242408.3087    339268.1529    432828.3577    522178.9793    606451.0154    684824.8566    756538.2582    820893.7529    877265.4349    925105.0470    963947.3128    993414.4619   1013219.9039   1023171.0160   1023171.0160   1013219.9039    993414.4619    963947.3128    925105.0470    877265.4349    820893.7529    756538.2582    684824.8566    606451.0154    522178.9793    432828.3577    339268.1529    242408.3087    143190.8603
         -0.7230        -0.4174    154646.1292    261800.9734    366409.6051    467454.6263    563953.2977    654967.0966    739610.8452    817061.3188    886565.2531    947446.6697    999113.4508   1041063.0979   1072887.6189   1094277.4962   1105024.6972   1105024.6972   1094277.4962   1072887.6189   1041063.0979    999113.4508    947446.6697    886565.2531    817061.3188    739610.8452    654967.0966    563953.2977    467454.6263    366409.6051    261800.9734    154646.1292
         -0.4820        -0.4174    163237.5808    276345.4719    386765.6943    493424.3278    595284.0364    691354.1576    780700.3366    862453.6143    935818.8783   1000082.5958   1054619.7536   1098899.9366   1132492.4866   1155070.6905   1166414.9582   1166414.9582   1155070.6905   1132492.4866   1098899.9366   1054619.7536   1000082.5958    935818.8783    862453.6143    780700.3366    691354.1576    595284.0364    493424.3278    386765.6943    276345.4719    163237.5808
         -0.2410        -0.4174    170397.1238    288465.8873    403729.1020    515065.7457    621392.9854    721676.7083    814941.5794    900280.5272    976863.5659   1043945.8675   1100875.0060   1147097.3023   1182163.2097   1205731.6857   1217573.5090   1217573.5090   1205731.6857   1182163.2097   1147097.3023   1100875.0060   1043945.8675    976863.5659    900280.5272    814941.5794    721676.7083    621392.9854    515065.7457    403729.1020    288465.8873    170397.1238
          0.0000        -0.4174    170397.1238    288465.8873    403729.1020    515065.7457    621392.9854    721676.7083    814941.5794    900280.5272    976863.5659   1043945.8675   1100875.0060   1147097.3023   1182163.2097   1205731.6857   1217573.5090   1217573.5090   1205731.6857   1182163.2097   1147097.3023   1100875.0060   1043945.8675    976863.5659    900280.5272    814941.5794    721676.7083    621392.9854    515065.7457    403729.1020    288465.8873    170397.1238
          0.2410        -0.4174    170397.1238    288465.8873    403729.1020    515065.7457    621392.9854    721676.7083    814941.5794    900280.5272    976863.5659   1043945.8675   1100875.0060   1147097.3023   1182163.2097   1205731.6857   1217573.5090   1217573.5090   1205731.6857   1182163.2097   1147097.3023   1100875.0060   1043945.8675    976863.5659    900280.5272    814941.5794    721676.7083    621392.9854    515065.7457    403729.1020    288465.8873    170397.1238
          0.4820        -0.4174    163237.5808    276345.4719    386765.6943    493424.3278    595284.0364    691354.1576    780700.3366    862453.6143    935818.8783   1000082.5958   1054619.7536   1098899.9366   1132492.4866   1155070.6905   1166414.9582   1166414.9582   1155070.6905   1132492.4866   1098899.9366   1054619.7536   1000082.5958    935818.8783    862453.6143    780700.3366    691354.1576    595284.0364    493424.3278    386765.6943    276345.4719    163237.5808
          0.7230        -0.4174    154646.1292    261800.9734    366409.6051    467454.6263    563953.2977    654967.0966    739610.8452    817061.3188    886565.2531    947446.6697    999113.4508   1041063.0979   1072887.6189   1094277.4962   1105024.6972   1105024.6972   1094277.4962   1072887.6189   1041063.0979    999113.4508    947446.6697    886565.2531    817061.3188    739610.8452    654967.0966    563953.2977    467454.6263    366409.6051    261800.9734    154646.1292
          0.9640        -0.4174    143190.8603    242408.3087    339268.1529    432828.3577    522178.9793    606451.0154    684824.8566    756538.2582    820893.7529    877265.4349    925105.0470    963947.3128    993414.4619   1013219.9039   1023171.0160   1023171.0160   1013219.9039    993414.4619    963947.3128    925105.0470    877265.4349    820893.7529    756538.2582    684824.8566    606451.0154    522178.9793    432828.3577    339268.1529    242408.3087    143190.8603
          1.2050        -0.4174    133167.5001    225439.7271    315519.3822    402530.3727    485626.4508    563999.4443    636887.1167    703580.5801    763431.1902    815856.8545    860347.6937    896471.0009    923875.4496    942294.5106    951549.0449    951549.0449    942294.5106    923875.4496    896471.0009    860347.6937    815856.8545    763431.1902    703580.5801    636887.1167    563999.4443    485626.4508    402530.3727    315519.3822    225439.7271    133167.5001
          1.4460        -0.4174    120280.3227    203622.9793    284985.2484    363575.8205    438630.3426    509418.8529    575252.8796    635492.1368    689550.7524    736902.9653    777088.2395    809715.7428    834468.1480    851104.7193    859463.6534    859463.6534    851104.7193    834468.1480    809715.7428    777088.2395    736902.9653    689550.7524    635492.1368    575252.8796    509418.8529    438630.3426    363575.8205    284985.2484    203622.9793    120280.3227
         -1.3255        -0.6261    120280.3227    203622.9793    284985.2484    363575.8205    438630.3426    509418.8529    575252.8796    635492.1368    689550.7524    736902.9653    777088.2395    809715.7428    834468.1480    851104.7193    859463.6534    859463.6534    851104.7193    834468.1480    809715.7428    777088.2395    736902.9653    689550.7524    635492.1368    575252.8796    509418.8529    438630.3426    363575.8205    284985.2484    203622.9793    120280.3227
         -1.0845        -0.6261    133167.5001    225439.7271    315519.3822    402530.3727    485626.4508    563999.4443    636887.1167    703580.5801    763431.1902    815856.8545    860347.6937    896471.0009    923875.4496    942294.5106    951549.0449    951549.0449    942294.5106    923875.4496    896471.0009    860347.6937    815856.8545    763431.1902    703580.5801    636887.1167    563999.4443    485626.4508    402530.3727    315519.3822    225439.7271    133167.5001
         -0.8435        -0.6261    143190.8603    242408.3087    339268.1529    432828.3577    522178.9793    606451.0154    684824.8566    756538.2582    820893.7529    877265.4349    925105.0470    963947.3128    993414.4619   1013219.9039   1023171.0160   1023171.0160   1013219.9039    993414.4619    963947.3128    925105.0470    877265.4349    820893.7529    756538.2582    684824.8566    606451.0154    522178.9793    432828.3577    339268.1529    242408.3087    143190.8603
         -0.6025        -0.6261    154646.1292    261800.9734    366409.6051    467454.6263    563953.2977    654967.0966    739610.8452    817061.3188    886565.2531    947446.6697    999113.4508   1041063.0979   1072887.6189   1094277.4962   1105024.6972   1105024.6972   1094277.4962   1072887.6189   1041063.0979    999113.4508    947446.6697    886565.2531    817061.3188    739610.8452    654967.0966    563953.2977    467454.6263    366409.6051    261800.9734    154646.1292
         -0.3615        -0.6261    163237.5808    276345.4719    386765.6943    493424.3278    595284.0364    691354.1576    780700.3366    862453.6143    935818.8783   1000082.5958   1054619.7536   1098899.9366   1132492.4866   1155070.6905   1166414.9582   1166414.9582   1155070.6905   1132492.4866   1098899.9366   1054619.7536   1000082.5958    935818.8783    862453.6143    780700.3366    691354.1576    595284.0364    493424.3278    386765.6943    276345.4719    163237.5808
         -0.1205        -0.6261    163237.5808    276345.4719    386765.6943    493424.3278    595284.0364    691354.1576    780700.3366    862453.6143    935818.8783   1000082.5958   1054619.7536   1098899.9366   1132492.4866   1155070.6905   1166414.9582   1166414.9582   1155070.6905   1132492.4866   1098899.9366   1054619.7536   1000082.5958    935818.8783    862453.6143    780700.3366    691354.1576    595284.0364    493424.3278    386765.6943    276345.4719    163237.5808
          0.1205        -0.6261    163237.5808    276345.4719    386765.6943    493424.3278    595284.0364    691354.1576    780700.3366    862453.6143    935818.8783   1000082.5958   1054619.7536   1098899.9366   1132492.4866   1155070.6905   1166414.9582   1166414.9582   1155070.6905   1132492.4866   1098899.9366   1054619.7536   1000082.5958    935818.8783    862453.6143    780700.3366    691354.1576    595284.0364    493424.3278    386765.6943    276345.4719    163237.5808
          0.3615        -0.6261    163237.5808    276345.4719    386765.6943    493424.3278    595284.0364    691354.1576    780700.3366    862453.6143    935818.8783   1000082.5958   1054619.7536   1098899.9366   1132492.4866   1155070.6905   1166414.9582   1166414.9582   1155070.6905   1132492.4866   1098899.9366   1054619.7536   1000082.5958    935818.8783    862453.6143    780700.3366    691354.1576    595284.0364    493424.3278    386765.6943    276345.4719    163237.5808
          0.6025        -0.6261    154646.1292    261800.9734    366409.6051    467454.6263    563953.2977    654967.0966    739610.8452    817061.3188    886565.2531    947446.6697    999113.4508   1041063.0979   1072887.6189   1094277.4962   1105024.6972   1105024.6972   1094277.4962   1072887.6189   1041063.0979    999113.4508    947446.6697    886565.2531    817061.3188    739610.8452    654967.0966    563953.2977    467454.6263    366409.6051    261800.9734    154646.1292
          0.8435        -0.6261    143190.8603    242408.3087    339268.1529    432828.3577    522178.9793    606451.0154    684824.8566    756538.2582    820893.7529    877265.4349    925105.0470    963947.3128    993414.4619   1013219.9039   1023171.0160   1023171.0160   1013219.9039    993414.4619    963947.3128    925105.0470    877265.4349    820893.7529    756538.2582    684824.8566    606451.0154    522178.9793    432828.3577    339268.1529    242408.3087    143190.8603
          1.0845        -0.6261    133167.5001    225439.7271    315519.3822    402530.3727    485626.4508    563999.4443    636887.1167    703580.5801    763431.1902    815856.8545    860347.6937    896471.0009    923875.4496    942294.5106    951549.0449    951549.0449    942294.5106    923875.4496    896471.0009    860347.6937    815856.8545    763431.1902    703580.5801    636887.1167    563999.4443    485626.4508    402530.3727    315519.3822    225439.7271    133167.5001
          1.3255        -0.6261    120280.3227    203622.9793    284985.2484    363575.8205    438630.3426    509418.8529    575252.8796    635492.1368    689550.7524    736902.9653    777088.2395    809715.7428    834468.1480    851104.7193    859463.6534    859463.6534    851104.7193    834468.1480    809715.7428    777088.2395    736902.9653    689550.7524    635492.1368    575252.8796    509418.8529    438630.3426    363575.8205    284985.2484    203622.9793    120280.3227
         -1.2050        -0.8348    120280.3227    203622.9793    284985.2484    363575.8205    438630.3426    509418.8529    575252.8796    635492.1368    689550.7524    736902.9653    777088.2395    809715.7428    834468.1480    851104.7193    859463.6534    859463.6534    851104.7193    834468.1480    809715.7428    777088.2395    736902.9653    689550.7524    635492.1368    575252.8796    509418.8529    438630.3426    363575.8205    284985.2484    203622.9793    120280.3227
         -0.9640        -0.8348    133167.5001    225439.7271    315519.3822    402530.3727    485626.4508    563999.4443    636887.1167    703580.5801    763431.1902    815856.8545    860347.6937    896471.0009    923875.4496    942294.5106    951549.0449    951549.0449    942294.5106    923875.4496    896471.0009    860347.6937    815856.8545    763431.1902    703580.5801    636887.1167    563999.4443    485626.4508    402530.3727    315519.3822    225439.7271    133167.5001
         -0.7230        -0.8348    143190.8603    242408.3087    339268.1529    432828.3577    522178.9793    606451.0154    684824.8566    756538.2582    820893.7529    877265.4349    925105.0470    963947.3128    993414.4619   1013219.9039   1023171.0160   1023171.0160   1013219.9039    993414.4619    963947.3128    925105.0470    877265.4349    820893.7529    756538.2582    684824.8566    606451.0154    522178.9793    432828.3577    339268.1529    242408.3087    143190.8603
         -0.4820        -0.8348    154646.1292    261800.9734    366409.6051    467454.6263    563953.2977    654967.0966    739610.8452    817061.3188    886565.2531    947446.6697    999113.4508   1041063.0979   1072887.6189   1094277.4962   1105024.6972   1105024.6972   1094277.4962   1072887.6189   1041063.0979    999113.4508    947446.6697    886565.2531    817061.3188    739610.8452    654967.0966    563953.2977    467454.6263    366409.6051    261800.9734    154646.1292
         -0.2410        -0.8348    154646.1292    261800.9734    366409.6051    467454.6263    563953.2977    654967.0966    739610.8452    817061.3188    886565.2531    947446.6697    999113.4508   1041063.0979   1072887.6189   1094277.4962   1105024.6972   1105024.6972   1094277.4962   1072887.6189   1041063.0979    999113.4508    947446.6697    886565.2531    817061.3188    739610.8452    654967.0966    563953.2977    467454.6263    366409.6051    261800.9734    154646.1292
          0.0000        -0.8348    154646.1292    261800.9734    366409.6051    467454.6263    563953.2977    654967.0966    739610.8452    817061.3188    886565.2531    947446.6697    999113.4508   1041063.0979   1072887.6189   1094277.4962   1105024.6972   1105024.6972   1094277.4962   1072887.6189   1041063.0979    999113.4508    947446.6697    886565.2531    817061.3188    739610.8452    654967.0966    563953.2977    467454.6263    366409.6051    261800.9734    154646.1292
          0.2410        -0.8348    154646.1292    261800.9734    366409.6051    467454.6263    563953.2977    654967.0966    739610.8452    817061.3188    886565.2531    947446.6697    999113.4508   1041063.0979   1072887.6189   1094277.4962   1105024.6972   1105024.6972   1094277.4962   1072887.6189   1041063.0979    999113.4508    947446.6697    886565.2531    817061.3188    739610.8452    654967.0966    563953.2977    467454.6263    366409.6051    261800.9734    154646.1292
          0.4820        -0.8348    154646.1292    261800.9734    366409.6051    467454.6263    563953.2977    654967.0966    739610.8452    817061.3188    886565.2531    947446.6697    999113.4508   1041063.0979   1072887.6189   1094277.4962   1105024.6972   1105024.6972   1094277.4962   1072887.6189   1041063.0979    999113.4508    947446.6697    886565.2531    817061.3188    739610.8452    654967.0966    563953.2977    467454.6263    366409.6051    261800.9734    154646.1292
          0.7230        -0.8348    143190.8603    242408.3087    339268.1529    432828.3577    522178.9793    606451.0154    684824.8566    756538.2582    820893.7529    877265.4349    925105.0470    963947.3128    993414.4619   1013219.9039   1023171.0160   1023171.0160   1013219.9039    993414.4619    963947.3128    925105.0470    877265.4349    820893.7529    756538.2582    684824.8566    606451.0154    522178.9793    432828.3577    339268.1529    242408.3087    143190.8603
          0.9640        -0.8348    133167.5001    225439.7271    315519.3822    402530.3727    485626.4508    563999.4443    636887.1167    703580.5801    763431.1902    815856.8545    860347.6937    896471.0009    923875.4496    942294.5106    951549.0449    951549.0449    942294.5106    923875.4496    896471.0009    860347.6937    815856.8545    763431.1902    703580.5801    636887.1167    563999.4443    485626.4508    402530.3727    315519.3822    225439.7271    133167.5001
          1.2050        -0.8348    120280.3227    203622.9793    284985.2484    363575.8205    438630.3426    509418.8529    575252.8796    635492.1368    689550.7524    736902.9653    777088.2395    809715.7428    834468.1480    851104.7193    859463.6534    859463.6534    851104.7193    834468.1480    809715.7428    777088.2395    736902.9653    689550.7524    635492.1368    575252.8796    509418.8529    438630.3426    363575.8205    284985.2484    203622.9793    120280.3227
         -1.0845        -1.0436    120280.3227    203622.9793    284985.2484    363575.8205    438630.3426    509418.8529    575252.8796    635492.1368    689550.7524    736902.9653    777088.2395    809715.7428    834468.1480    851104.7193    859463.6534    859463.6534    851104.7193    834468.1480    809715.7428    777088.2395    736902.9653    689550.7524    635492.1368    575252.8796    509418.8529    438630.3426    363575.8205    284985.2484    203622.9793    120280.3227
         -0.8435        -1.0436    133167.5001    225439.7271    315519.3822    402530.3727    485626.4508    563999.4443    636887.1167    703580.5801    763431.1902    815856.8545    860347.6937    896471.0009    923875.4496    942294.5106    951549.0449    951549.0449    942294.5106    923875.4496    896471.0009    860347.6937    815856.8545    763431.1902    703580.5801    636887.1167    563999.4443    485626.4508    402530.3727    315519.3822    225439.7271    133167.5001
         -0.6025        -1.0436    143190.8603    242408.3087    339268.1529    432828.3577    522178.9793    606451.0154    684824.8566    756538.2582    820893.7529    877265.4349    925105.0470    963947.3128    993414.4619   1013219.9039   1023171.0160   1023171.0160   1013219.9039    993414.4619    963947.3128    925105.0470    877265.4349    820893.7529    756538.2582    684824.8566    606451.0154    522178.9793    432828.3577    339268.1529    242408.3087    143190.8603
         -0.3615        -1.0436    143190.8603    242408.3087    339268.1529    432828.3577    522178.9793    606451.0154    684824.8566    756538.2582    820893.7529    877265.4349    925105.0470    963947.3128    993414.4619   1013219.9039   1023171.0160   1023171.0160   1013219.9039    993414.4619    963947.3128    925105.0470    877265.4349    820893.7529    756538.2582    684824.8566    606451.0154    522178.9793    432828.3577    339268.1529    242408.3087    143190.8603
         -0.1205        -1.0436    143190.8603    242408.3087    339268.1529    432828.3577    522178.9793    606451.0154    684824.8566    756538.2582    820893.7529    877265.4349    925105.0470    963947.3128    993414.4619   1013219.9039   1023171.0160   1023171.0160   1013219.9039    993414.4619    963947.3128    925105.0470    877265.4349    820893.7529    756538.2582    684824.8566    606451.0154    522178.9793    432828.3577    339268.1529    242408.3087    143190.8603
          0.1205        -1.0436    143190.8603    242408.3087    339268.1529    432828.3577    522178.9793    606451.0154    684824.8566    756538.2582    820893.7529    877265.4349    925105.0470    963947.3128    993414.4619   1013219.9039   1023171.0160   1023171.0160   1013219.9039    993414.4619    963947.3128    925105.0470    877265.4349    820893.7529    756538.2582    684824.8566    606451.0154    522178.9793    432828.3577    339268.1529    242408.3087    143190.8603
          0.3615        -1.0436    143190.8603    242408.3087    339268.1529    432828.3577    522178.9793    606451.0154    684824.8566    756538.2582    820893.7529    877265.4349    925105.0470    963947.3128    993414.4619   1013219.9039   1023171.0160   1023171.0160   1013219.9039    993414.4619    963947.3128    925105.0470    877265.4349    820893.7529    756538.2582    684824.8566    606451.0154    522178.9793    432828.3577    339268.1529    242408.3087    143190.8603
          0.6025        -1.0436    143190.8603    242408.3087    339268.1529    432828.3577    522178.9793    606451.0154    684824.8566    756538.2582    820893.7529    877265.4349    925105.0470    963947.3128    993414.4619   1013219.9039   1023171.0160   1023171.0160   1013219.9039    993414.4619    963947.3128    925105.0470    877265.4349    820893.7529    756538.2582    684824.8566    606451.0154    522178.9793    432828.3577    339268.1529    242408.3087    143190.8603
          0.8435        -1.0436    133167.5001    225439.7271    315519.3822    402530.3727    485626.4508    563999.4443    636887.1167    703580.5801    763431.1902    815856.8545    860347.6937    896471.0009    923875.4496    942294.5106    951549.0449    951549.0449    942294.5106    923875.4496    896471.0009    860347.6937    815856.8545    763431.1902    703580.5801    636887.1167    563999.4443    485626.4508    402530.3727    315519.3822    225439.7271    133167.5001
          1.0845        -1.0436    120280.3227    203622.9793    284985.2484    363575.8205    438630.3426    509418.8529    575252.8796    635492.1368    689550.7524    736902.9653    777088.2395    809715.7428    834468.1480    851104.7193    859463.6534    859463.6534    851104.7193    834468.1480    809715.7428    777088.2395    736902.9653    689550.7524    635492.1368    575252.8796    509418.8529    438630.3426    363575.8205    284985.2484    203622.9793    120280.3227
         -0.9640        -1.2523    120280.3227    203622.9793    284985.2484    363575.8205    438630.3426    509418.8529    575252.8796    635492.1368    689550.7524    736902.9653    777088.2395    809715.7428    834468.1480    851104.7193    859463.6534    859463.6534    851104.7193    834468.1480    809715.7428    777088.2395    736902.9653    689550.7524    635492.1368    575252.8796    509418.8529    438630.3426    363575.8205    284985.2484    203622.9793    120280.3227
         -0.7230        -1.2523    133167.5001    225439.7271    315519.3822    402530.3727    485626.4508    563999.4443    636887.1167    703580.5801    763431.1902    815856.8545    860347.6937    896471.0009    923875.4496    942294.5106    951549.0449    951549.0449    942294.5106    923875.4496    896471.0009    860347.6937    815856.8545    763431.1902    703580.5801    636887.1167    563999.4443    485626.4508    402530.3727    315519.3822    225439.7271    133167.5001
         -0.4820        -1.2523    133167.5001    225439.7271    315519.3822    402530.3727    485626.4508    563999.4443    636887.1167    703580.5801    763431.1902    815856.8545    860347.6937    896471.0009    923875.4496    942294.5106    951549.0449    951549.0449    942294.5106    923875.4496    896471.0009    860347.6937    815856.8545    763431.1902    703580.5801    636887.1167    563999.4443    485626.4508    402530.3727    315519.3822    225439.7271    133167.5001
         -0.2410        -1.2523    133167.5001    225439.7271    315519.3822    402530.3727    485626.4508    563999.4443    636887.1167    703580.5801    763431.1902    815856.8545    860347.6937    896471.0009    923875.4496    942294.5106    951549.0449    951549.0449    942294.5106    923875.4496    896471.0009    860347.6937    815856.8545    763431.1902    703580.5801    636887.1167    563999.4443    485626.4508    402530.3727    315519.3822    225439.7271    133167.5001
          0.0000        -1.2523    133167.5001    225439.7271    315519.3822    402530.3727    485626.4508    563999.4443    636887.1167    703580.5801    763431.1902    815856.8545    860347.6937    896471.0009    923875.4496    942294.5106    951549.0449    951549.0449    942294.5106    923875.4496    896471.0009    860347.6937    815856.8545    763431.1902    703580.5801    636887.1167    563999.4443    485626.4508    402530.3727    315519.3822    225439.7271    133167.5001
          0.2410        -1.2523    133167.5001    225439.7271    315519.3822    402530.3727    485626.4508    563999.4443    636887.1167    703580.5801    763431.1902    815856.8545    860347.6937    896471.0009    923875.4496    942294.5106    951549.0449    951549.0449    942294.5106    923875.4496    896471.0009    860347.6937    815856.8545    763431.1902    703580.5801    636887.1167    563999.4443    485626.4508    402530.3727    315519.3822    225439.7271    133167.5001
          0.4820        -1.2523    133167.5001    225439.7271    315519.3822    402530.3727    485626.4508    563999.4443    636887.1167    703580.5801    763431.1902    815856.8545    860347.6937    896471.0009    923875.4496    942294.5106    951549.0449    951549.0449    942294.5106    923875.4496    896471.0009    860347.6937    815856.8545    763431.1902    703580.5801    636887.1167    563999.4443    485626.4508    402530.3727    315519.3822    225439.7271    133167.5001
          0.7230        -1.2523    133167.5001    225439.7271    315519.3822    402530.3727    485626.4508    563999.4443    636887.1167    703580.5801    763431.1902    815856.8545    860347.6937    896471.0009    923875.4496    942294.5106    951549.0449    951549.0449    942294.5106    923875.4496    896471.0009    860347.6937    815856.8545    763431.1902    703580.5801    636887.1167    563999.4443    485626.4508    402530.3727    315519.3822    225439.7271    133167.5001
          0.9640        -1.2523    120280.3227    203622.9793    284985.2484    363575.8205    438630.3426    509418.8529    575252.8796    635492.1368    689550.7524    736902.9653    777088.2395    809715.7428    834468.1480    851104.7193    859463.6534    859463.6534    851104.7193    834468.1480    809715.7428    777088.2395    736902.9653    689550.7524    635492.1368    575252.8796    509418.8529    438630.3426    363575.8205    284985.2484    203622.9793    120280.3227
         -0.6025        -1.4610    120280.3227    203622.9793    284985.2484    363575.8205    438630.3426    509418.8529    575252.8796    635492.1368    689550.7524    736902.9653    777088.2395    809715.7428    834468.1480    851104.7193    859463.6534    859463.6534    851104.7193    834468.1480    809715.7428    777088.2395    736902.9653    689550.7524    635492.1368    575252.8796    509418.8529    438630.3426    363575.8205    284985.2484    203622.9793    120280.3227
         -0.3615        -1.4610    120280.3227    203622.9793    284985.2484    363575.8205    438630.3426    509418.8529    575252.8796    635492.1368    689550.7524    736902.9653    777088.2395    809715.7428    834468.1480    851104.7193    859463.6534    859463.6534    851104.7193    834468.1480    809715.7428    777088.2395    736902.9653    689550.7524    635492.1368    575252.8796    509418.8529    438630.3426    363575.8205    284985.2484    203622.9793    120280.3227
         -0.1205        -1.4610    120280.3227    203622.9793    284985.2484    363575.8205    438630.3426    509418.8529    575252.8796    635492.1368    689550.7524    736902.9653    777088.2395    809715.7428    834468.1480    851104.7193    859463.6534    859463.6534    851104.7193    834468.1480    809715.7428    777088.2395    736902.9653    689550.7524    635492.1368    575252.8796    509418.8529    438630.3426    363575.8205    284985.2484    203622.9793    120280.3227
          0.1205        -1.4610    120280.3227    203622.9793    284985.2484    363575.8205    438630.3426    509418.8529    575252.8796    635492.1368    689550.7524    736902.9653    777088.2395    809715.7428    834468.1480    851104.7193    859463.6534    859463.6534    851104.7193    834468.1480    809715.7428    777088.2395    736902.9653    689550.7524    635492.1368    575252.8796    509418.8529    438630.3426    363575.8205    284985.2484    203622.9793    120280.3227
          0.3615        -1.4610    120280.3227    203622.9793    284985.2484    363575.8205    438630.3426    509418.8529    575252.8796    635492.1368    689550.7524    736902.9653    777088.2395    809715.7428    834468.1480    851104.7193    859463.6534    859463.6534    851104.7193    834468.1480    809715.7428    777088.2395    736902.9653    689550.7524    635492.1368    575252.8796    509418.8529    438630.3426    363575.8205    284985.2484    203622.9793    120280.3227
          0.6025        -1.4610    120280.3227    203622.9793    284985.2484    363575.8205    438630.3426    509418.8529    575252.8796    635492.1368    689550.7524    736902.9653    777088.2395    809715.7428    834468.1480    851104.7193    859463.6534    859463.6534    851104.7193    834468.1480    809715.7428    777088.2395    736902.9653    689550.7524    635492.1368    575252.8796    509418.8529    438630.3426    363575.8205    284985.2484    203622.9793    120280.3227
