    -0.6025    1.4610  750.5187  748.8422  746.9471  744.4517  741.7179  738.7869  735.6842  732.4253  729.0388  725.5416  721.9642  718.3240  714.6523  710.9656  707.3113  703.2361  698.6112  694.0946  689.7181  685.4951  681.4547  677.6044  673.9702  670.5543  667.3793
   664.4416  661.7603  659.3258  657.1672  655.1130   -0.3615    1.4610  750.5187  748.8420  746.9466  744.4511  741.7170  738.7859  735.6834  732.4251  729.0393  725.5433  721.9676  718.3296  714.6604  710.9767  707.3253  703.2585  698.6377  694.1247  689.7514  685.5305
   681.4911  677.6408  674.0056  670.5874  667.4091  664.4676  661.7821  659.3435  657.1813  655.1246   -0.1205    1.4610  750.5184  748.8415  746.9460  744.4504  741.7163  738.7855  735.6833  732.4252  729.0399  725.5444  721.9693  718.3319  714.6635  710.9805  707.3300
   703.2663  698.6465  694.1347  689.7626  685.5432  681.5056  677.6575  674.0245  670.6093  667.4340  664.4956  661.8131  659.3772  657.2168  655.1609    0.1205    1.4610  750.5181  748.8408  746.9449  744.4490  741.7149  738.7840  735.6819  732.4239  729.0388  725.5433
   721.9681  718.3306  714.6619  710.9784  707.3272  703.2627  698.6419  694.1290  689.7560  685.5357  681.4974  677.6485  674.0149  670.5988  667.4225  664.4830  661.7995  659.3626  657.2017  655.1462    0.3615    1.4610  750.5184  748.8414  746.9455  744.4495  741.7150
   738.7835  735.6807  732.4219  729.0358  725.5397  721.9637  718.3256  714.6566  710.9732  707.3224  703.2553  698.6355  694.1238  689.7520  685.5328  681.4949  677.6462  674.0122  670.5953  667.4178  664.4769  661.7919  659.3536  657.1914  655.1346    0.6025    1.4610
   750.5186  748.8421  746.9473  744.4527  741.7199  738.7905  735.6899  732.4336  729.0499  725.5561  721.9824  718.3464  714.6788  710.9964  707.3462  703.2858  698.6659  694.1536  689.7808  685.5608  681.5221  677.6726  674.0380  670.6205  667.4424  664.5005  661.8136
   659.3726  657.2062  655.1436   -0.9640    1.2523  750.5181  748.8405  746.9445  744.4486  741.7145  738.7836  735.6815  732.4237  729.0387  725.5436  721.9686  718.3315  714.6633  710.9802  707.3297  703.2682  698.6478  694.1352  689.7623  685.5418  681.5028  677.6528
   674.0174  670.5990  667.4196  664.4765  661.7885  659.3468  657.1799  655.1171   -0.7230    1.2523  750.4869  748.7579  746.7632  744.1494  741.2852  738.2064  734.9411  731.5074  727.9365  724.2484  720.4759  716.6394  712.7723  708.8980  704.9316  700.0765  695.2353
   690.5174  685.9566  681.5676  677.3810  673.4050  669.6670  666.1692  662.9352  659.9615  657.2684  654.8443  652.7930  650.0048   -0.4820    1.2523  750.4863  748.7563  746.7602  744.1451  741.2793  738.1986  734.9310  731.4948  727.9209  724.2293  720.4530  716.6123
   712.7405  708.8615  704.8830  700.0196  695.1722  690.4474  685.8795  681.4829  677.2876  673.3025  669.5543  666.0455  662.7992  659.8122  657.1040  654.6716  652.5471  649.7139   -0.2410    1.2523  750.4862  748.7561  746.7597  744.1444  741.2783  738.1975  734.9298
   731.4936  727.9198  724.2283  720.4521  716.6115  712.7398  708.8607  704.8815  700.0173  695.1692  690.4432  685.8736  681.4743  677.2764  673.2881  669.5366  666.0246  662.7756  659.7863  657.0765  654.6447  652.5108  649.6824    0.0000    1.2523  750.4863  748.7562
   746.7598  744.1444  741.2782  738.1970  734.9290  731.4920  727.9173  724.2245  720.4466  716.6038  712.7295  708.8474  704.8605  699.9896  695.1358  690.4038  685.8282  681.4231  677.2198  673.2266  669.4712  665.9563  662.7052  659.7153  657.0058  654.5778  652.4190
   649.5955    0.2410    1.2523  750.4861  748.7559  746.7596  744.1444  741.2786  738.1982  734.9314  731.4962  727.9234  724.2333  720.4586  716.6199  712.7502  708.8733  704.8995  700.0398  695.1953  690.4732  685.9074  681.5124  677.3186  673.3344  669.5868  666.0783
   662.8322  659.8450  657.1371  654.7035  652.5929  649.7601    0.4820    1.2523  750.4865  748.7571  746.7619  744.1481  741.2838  738.2048  734.9391  731.5047  727.9325  724.2422  720.4667  716.6261  712.7537  708.8733  704.8927  700.0248  695.1721  690.4412  685.8664
   681.4623  677.2595  673.2664  669.5104  665.9938  662.7400  659.7462  657.0317  654.5974  652.4365  649.6033    0.7230    1.2523  750.4866  748.7571  746.7618  744.1478  741.2834  738.2048  734.9398  731.5067  727.9367  724.2495  720.4783  716.6432  712.7776  708.9049
   704.9427  700.0905  695.2514  690.5349  685.9754  681.5869  677.4003  673.4237  669.6844  666.1850  662.9488  659.9727  657.2766  654.8488  652.7934  649.9956    0.9640    1.2523  750.5185  748.8420  746.9470  744.4523  741.7195  738.7900  735.6894  732.4331  729.0495
   725.5558  721.9819  718.3456  714.6778  710.9950  707.3440  703.2820  698.6605  694.1464  689.7715  685.5492  681.5079  677.6560  674.0188  670.5991  667.4189  664.4756  661.7880  659.3473  657.1827  655.1238   -1.0845    1.0436  750.5181  748.8405  746.9443  744.4485
   741.7143  738.7835  735.6817  732.4242  729.0395  725.5449  721.9706  718.3344  714.6670  710.9854  707.3363  703.2793  698.6623  694.1539  689.7857  685.5707  681.5377  677.6942  674.0660  670.6548  667.4827  664.5465  661.8650  659.4284  657.2659  655.2055   -0.8435
     1.0436  750.4865  748.7570  746.7609  744.1456  741.2795  738.1984  734.9303  731.4934  727.9189  724.2267  720.4499  716.6089  712.7368  708.8577  704.8767  700.0123  695.1651  690.4406  685.8728  681.4763  677.2816  673.2972  669.5499  666.0422  662.7976  659.8123
   657.1058  654.6749  652.5535  649.7245   -0.6025    1.0436  750.4610  748.6889  746.6133  743.9037  740.9333  737.7338  734.3351  730.7570  727.0329  723.1844  719.2466  715.2416  711.2044  707.1773  702.5564  697.4083  692.3715  687.4673  682.7322  678.1815  673.8477
   669.7396  665.8860  662.2894  658.9753  655.9352  653.2629  650.1095  647.2308  644.2900   -0.3615    1.0436  750.4608  748.6882  746.6110  743.8985  740.9244  737.7198  734.3144  730.7283  726.9945  723.1349  719.1847  715.1660  711.1140  707.0729  702.3990  697.2322
   692.1771  687.2550  682.5025  677.9350  673.5850  669.4617  665.5935  661.9830  658.6547  655.6016  652.9300  649.6224  646.7340  643.7367   -0.1205    1.0436  750.4605  748.6876  746.6100  743.8975  740.9233  737.7186  734.3133  730.7272  726.9936  723.1342  719.1841
   715.1658  711.1140  707.0731  702.4009  697.2348  692.1801  687.2583  682.5058  677.9380  673.5875  669.4630  665.5929  661.9793  658.6476  655.5901  652.9148  649.5951  646.7002  643.6920    0.1205    1.0436  750.4608  748.6884  746.6113  743.8990  740.9250  737.7204
   734.3150  730.7287  726.9946  723.1347  719.1840  715.1647  711.1121  707.0703  702.3934  697.2257  692.1692  687.2451  682.4895  677.9181  673.5629  669.4332  665.5574  661.9384  658.6014  655.5403  652.8636  649.5187  646.6228  643.6070    0.3615    1.0436  750.4613
   748.6897  746.6130  743.9009  740.9271  737.7225  734.3170  730.7305  726.9964  723.1364  719.1858  715.1669  711.1147  707.0733  702.3945  697.2282  692.1731  687.2509  682.4981  677.9298  673.5788  669.4537  665.5834  661.9699  658.6380  655.5806  652.9051  649.5778
   646.6821  643.6733    0.6025    1.0436  750.4614  748.6901  746.6154  743.9066  740.9370  737.7383  734.3402  730.7625  727.0386  723.1901  719.2522  715.2470  711.2095  707.1822  702.5587  697.4103  692.3735  687.4697  682.7351  678.1852  673.8523  669.7456  665.8936
   662.2992  658.9872  655.9500  653.2798  650.1350  647.2593  644.3275    0.8435    1.0436  750.4867  748.7574  746.7618  744.1470  741.2813  738.2007  734.9331  731.4967  727.9223  724.2299  720.4525  716.6104  712.7371  708.8563  704.8712  700.0032  695.1534  690.4263
   685.8562  681.4574  677.2607  673.2745  669.5258  666.0170  662.7713  659.7858  657.0798  654.6508  652.5223  649.6973    1.0845    1.0436  750.5185  748.8417  746.9462  744.4508  741.7170  738.7862  735.6841  732.4259  729.0402  725.5440  721.9676  718.3286  714.6579
   710.9721  707.3185  703.2460  698.6215  694.1047  689.7279  685.5040  681.4623  677.6105  673.9745  670.5565  667.3792  664.4393  661.7559  659.3197  657.1595  655.1039   -1.2050    0.8348  750.5181  748.8404  746.9439  744.4472  741.7121  738.7800  735.6765  732.4171
   729.0304  725.5335  721.9569  718.3181  714.6481  710.9634  707.3113  703.2416  698.6191  694.1044  689.7291  685.5062  681.4646  677.6121  673.9747  670.5545  667.3743  664.4312  661.7447  659.3056  657.1437  655.0881   -0.9640    0.8348  750.4861  748.7560  746.7594
   744.1440  741.2779  738.1969  734.9291  731.4924  727.9181  724.2256  720.4481  716.6055  712.7315  708.8498  704.8636  699.9937  695.1412  690.4111  685.8380  681.4361  677.2366  673.2479  669.4975  665.9875  662.7417  659.7565  657.0517  654.6251  652.4902  649.6689
    -0.7230    0.8348  750.4608  748.6882  746.6110  743.8988  740.9251  737.7209  734.3160  730.7305  726.9973  723.1385  719.1890  715.1710  711.1196  707.0788  702.4066  697.2403  692.1849  687.2623  682.5086  677.9396  673.5876  669.4617  665.5902  661.9758  658.6433
   655.5858  652.9108  649.5903  646.6981  643.6960   -0.4820    0.8348  750.4323  748.6129  746.4466  743.6286  740.5382  737.2016  733.6507  729.9078  726.0085  721.9768  717.8502  713.6530  709.4258  705.1129  699.7558  694.3786  689.1234  684.0132  679.0863  674.3588
   669.8649  665.6138  661.6354  657.9286  654.5638  651.0309  647.2308  643.6693  640.5758  637.5904   -0.2410    0.8348  750.4315  748.6109  746.4425  743.6218  740.5279  737.1871  733.6310  729.8819  725.9751  721.9351  717.7991  713.5917  709.3538  705.0116  699.6347
   694.2433  688.9737  683.8487  678.9066  674.1640  669.6548  665.3890  661.3964  657.6761  654.3090  650.6629  646.8628  643.2721  640.1773  637.1824    0.0000    0.8348  750.4315  748.6111  746.4424  743.6213  740.5269  737.1853  733.6283  729.8778  725.9696  721.9273
   717.7886  713.5779  709.3363  704.9839  699.5984  694.1997  688.9220  683.7885  678.8379  674.0869  669.5699  665.2968  661.2976  657.5708  654.2020  650.5023  646.6965  643.0872  639.9878  636.9949    0.2410    0.8348  750.4317  748.6116  746.4436  743.6233  740.5301
   737.1899  733.6345  729.8863  725.9807  721.9418  717.8069  713.6007  709.3639  705.0235  699.6471  694.2558  688.9849  683.8577  678.9120  674.1647  669.6501  665.3781  661.3794  657.6528  654.2812  650.6126  646.8058  643.2049  640.1044  637.1058    0.4820    0.8348
   750.4324  748.6138  746.4482  743.6312  740.5419  737.2066  733.6570  729.9155  726.0174  721.9865  717.8607  713.6639  709.4368  705.1243  699.7668  694.3898  689.1346  684.0249  679.0987  674.3730  669.8816  665.6340  661.6601  657.9594  654.5996  651.0906  647.3022
   643.7598  640.6794  637.7034    0.7230    0.8348  750.4609  748.6889  746.6125  743.9014  740.9290  737.7265  734.3237  730.7405  727.0100  723.1539  719.2071  715.1920  711.1435  707.1051  702.4423  697.2785  692.2252  687.3036  682.5504  677.9804  673.6264  669.4973
   665.6211  662.0010  658.6617  655.5968  652.9140  649.5805  646.6733  643.6498    0.9640    0.8348  750.4865  748.7570  746.7612  744.1462  741.2805  738.2000  734.9325  731.4963  727.9224  724.2306  720.4540  716.6128  712.7404  708.8605  704.8776  700.0108  695.1614
   690.4343  685.8635  681.4635  677.2655  673.2774  669.5267  666.0158  662.7682  659.7805  657.0723  654.6419  652.5071  649.6802    1.2050    0.8348  750.5187  748.8425  746.9478  744.4535  741.7211  738.7923  735.6926  732.4374  729.0553  725.5633  721.9917  718.3582
   714.6937  711.0147  707.3676  703.3161  698.7010  694.1932  689.8243  685.6071  681.5703  677.7214  674.0862  670.6667  667.4855  664.5398  661.8485  659.4028  657.2324  655.1657   -1.3255    0.6261  750.5183  748.8412  746.9456  744.4501  741.7163  738.7856  735.6836
   732.4259  729.0409  725.5457  721.9707  718.3335  714.6652  710.9823  707.3319  703.2695  698.6502  694.1390  689.7682  685.5504  681.5146  677.6685  674.0374  670.6237  667.4494  664.5110  661.8276  659.3895  657.2261  655.1659   -1.0845    0.6261  750.4863  748.7564
   746.7599  744.1439  741.2768  738.1944  734.9245  731.4854  727.9080  724.2122  720.4312  716.5851  712.7078  708.8233  704.8278  699.9527  695.0982  690.3667  685.7929  681.3910  677.1920  673.2041  669.4546  665.9458  662.7014  659.7178  657.0148  654.5914  652.4456
   649.6297   -0.8435    0.6261  750.4608  748.6886  746.6118  743.9002  740.9272  737.7239  734.3201  730.7358  727.0040  723.1465  719.1984  715.1820  711.1319  707.0925  702.4248  697.2600  692.2062  687.2842  682.5305  677.9603  673.6058  669.4759  665.5991  661.9779
   658.6368  655.5699  652.8851  649.5364  646.6262  643.5943   -0.6025    0.6261  750.4317  748.6116  746.4432  743.6221  740.5279  737.1864  733.6295  729.8792  725.9710  721.9291  717.7909  713.5809  709.3405  704.9898  699.6068  694.2112  688.9369  683.8071  678.8606
   674.1138  669.6009  665.3319  661.3366  657.6138  654.2469  650.5715  646.7706  643.1737  640.0795  637.0877   -0.3615    0.6261  750.4100  748.5539  746.3178  743.4166  740.2339  736.7921  733.1245  729.2551  725.2210  721.0482  716.7758  712.4294  708.0638  703.2375
   697.5968  692.0411  686.6146  681.3414  676.2616  671.3928  666.7704  662.4057  658.3243  654.5844  650.5498  646.2331  642.1196  638.4815  635.3873  632.4147   -0.1205    0.6261  750.4092  748.5518  746.3135  743.4094  740.2229  736.7765  733.1032  729.2270  725.1852
   721.0036  716.7216  712.3648  707.9890  703.1278  697.4729  691.9027  686.4611  681.1723  676.0764  671.1912  666.5520  662.1708  658.0723  654.3253  650.1700  645.8107  641.6843  638.0342  634.9302  631.9435    0.1205    0.6261  750.4100  748.5540  746.3167  743.4135
   740.2281  736.7822  733.1093  729.2331  725.1909  721.0082  716.7246  712.3658  707.9876  703.1165  697.4593  691.8871  686.4443  681.1555  676.0608  671.1777  666.5419  662.1644  658.0700  654.3265  650.1725  645.8168  641.6927  638.0439  634.9405  631.9569    0.3615
     0.6261  750.4102  748.5544  746.3187  743.4177  740.2352  736.7933  733.1254  729.2554  725.2203  721.0459  716.7715  712.4227  708.0544  703.2195  697.5744  692.0145  686.5839  681.3075  676.2252  671.3548  666.7319  662.3678  658.2882  654.5512  650.5058  646.1907
   642.0837  638.4521  635.3656  632.4020    0.6025    0.6261  750.4317  748.6114  746.4430  743.6221  740.5279  737.1866  733.6298  729.8798  725.9721  721.9307  717.7933  713.5840  709.3443  704.9954  699.6133  694.2179  688.9435  683.8130  678.8649  674.1157  669.5998
   665.3271  661.3274  657.5999  654.2288  650.5363  646.7278  643.1192  640.0181  637.0227    0.8435    0.6261  750.4605  748.6881  746.6112  743.8997  740.9270  737.7244  734.3213  730.7378  727.0069  723.1504  719.2032  715.1875  711.1380  707.0991  702.4356  697.2708
   692.2166  687.2941  682.5397  677.9689  673.6140  669.4838  665.6070  661.9859  658.6458  655.5803  652.8981  649.5602  646.6572  643.6383    1.0845    0.6261  750.4863  748.7566  746.7604  744.1451  741.2789  738.1977  734.9297  731.4926  727.9175  724.2244  720.4461
   716.6028  712.7283  708.8462  704.8576  699.9864  695.1336  690.4033  685.8297  681.4270  677.2264  673.2359  669.4831  665.9704  662.7214  659.7330  657.0251  654.5975  652.4475  649.6251    1.3255    0.6261  750.5189  748.8431  746.9487  744.4541  741.7211  738.7911
   735.6896  732.4320  729.0466  725.5507  721.9745  718.3357  714.6652  710.9797  707.3262  703.2518  698.6279  694.1117  689.7353  685.5118  681.4703  677.6188  673.9830  670.5657  667.3891  664.4504  661.7683  659.3336  657.1752  655.1219   -1.4460    0.4174  750.5181
   748.8410  746.9453  744.4499  741.7162  738.7859  735.6844  732.4271  729.0426  725.5479  721.9732  718.3361  714.6676  710.9841  707.3326  703.2692  698.6474  694.1330  689.7581  685.5356  681.4945  677.6427  674.0057  670.5864  667.4066  664.4639  661.7770  659.3368
   657.1722  655.1118   -1.2050    0.4174  750.4863  748.7563  746.7602  744.1450  741.2790  738.1982  734.9306  731.4941  727.9200  724.2282  720.4515  716.6102  712.7376  708.8575  704.8752  700.0082  695.1574  690.4283  685.8554  681.4526  677.2510  673.2586  669.5031
   665.9870  662.7337  659.7406  657.0267  654.5934  652.4336  649.6040   -0.9640    0.4174  750.4606  748.6884  746.6115  743.8999  740.9268  737.7234  734.3195  730.7347  727.0025  723.1442  719.1952  715.1775  711.1262  707.0852  702.4141  697.2469  692.1906  687.2665
   682.5113  677.9403  673.5859  669.4573  665.5828  661.9650  658.6286  655.5672  652.8885  649.5519  646.6518  643.6336   -0.7230    0.4174  750.4313  748.6103  746.4413  743.6200  740.5257  737.1842  733.6275  729.8778  725.9704  721.9293  717.7922  713.5832  709.3438
   704.9967  699.6157  694.2211  688.9476  683.8185  678.8719  674.1243  669.6099  665.3382  661.3389  657.6109  654.2385  650.5490  646.7370  643.1244  640.0176  637.0153   -0.4820    0.4174  750.4094  748.5523  746.3142  743.4100  740.2235  736.7766  733.1028  729.2258
   725.1830  721.0001  716.7164  712.3576  707.9796  703.1103  697.4517  691.8776  686.4317  681.1388  676.0388  671.1495  666.5068  662.1225  658.0217  654.2751  650.0974  645.7347  641.6127  637.9687  634.8715  631.8931   -0.2410    0.4174  750.3915  748.5049  746.2083
   743.2397  739.9796  736.4491  732.6829  728.7065  724.5585  720.2665  715.8712  711.3996  706.9218  701.5819  695.7905  690.0908  684.5281  679.1284  673.9331  668.9625  664.2483  659.7981  655.6688  651.5609  646.7727  642.1557  638.0255  634.3822  631.2979  628.3391
     0.0000    0.4174  750.3908  748.5030  746.2048  743.2345  739.9726  736.4399  732.6713  728.6921  724.5408  720.2447  715.8447  711.3673  706.8835  701.5254  695.7235  690.0118  684.4360  679.0215  673.8104  668.8227  664.0901  659.6198  655.4781  651.2656  646.4491
   641.7867  637.6282  633.9566  630.8451  627.8583    0.2410    0.4174  750.3911  748.5042  746.2075  743.2397  739.9812  736.4533  732.6909  728.7194  724.5773  720.2922  715.9047  711.4413  706.9713  701.6582  695.8761  690.1841  684.6271  679.2304  674.0353  669.0625
   664.3432  659.8850  655.7444  651.6492  646.8383  642.1994  638.0398  634.3670  631.2531  628.2622    0.4820    0.4174  750.4096  748.5531  746.3156  743.4123  740.2272  736.7821  733.1105  729.2363  725.1965  721.0169  716.7368  712.3816  708.0069  703.1482  697.4946
   691.9254  686.4846  681.1966  676.1017  671.2176  666.5800  662.2004  658.1040  654.3579  650.2146  645.8598  641.7342  638.0822  634.9741  631.9782    0.7230    0.4174  750.4315  748.6109  746.4420  743.6205  740.5259  737.1841  733.6272  729.8773  725.9699  721.9293
   717.7930  713.5853  709.3477  705.0028  699.6251  694.2340  688.9640  683.8379  678.8937  674.1478  669.6343  665.3627  661.3632  657.6344  654.2605  650.5769  646.7627  643.1491  640.0392  637.0315    0.9640    0.4174  750.4606  748.6879  746.6103  743.8978  740.9238
   737.7191  734.3137  730.7275  726.9935  723.1335  719.1826  715.1630  711.1097  707.0669  702.3874  697.2174  692.1587  687.2324  682.4752  677.9027  673.5477  669.4196  665.5467  661.9321  658.6006  655.5453  652.8739  649.5412  646.6526  643.6488    1.2050    0.4174
   750.4867  748.7573  746.7616  744.1467  741.2809  738.2001  734.9321  731.4952  727.9203  724.2273  720.4492  716.6061  712.7318  708.8499  704.8615  699.9909  695.1385  690.4086  685.8359  681.4342  677.2346  673.2453  669.4935  665.9823  662.7347  659.7473  657.0398
   654.6119  652.4664  649.6408    1.4460    0.4174  750.5186  748.8422  746.9474  744.4528  741.7201  738.7908  735.6905  732.4344  729.0512  725.5579  721.9847  718.3492  714.6824  711.0008  707.3512  703.2921  698.6730  694.1615  689.7891  685.5690  681.5299  677.6794
   674.0434  670.6239  667.4431  664.4983  661.8085  659.3646  657.1960  655.1318   -1.5665    0.2087  750.5181  748.8408  746.9451  744.4497  741.7160  738.7857  735.6844  732.4273  729.0432  725.5492  721.9754  718.3397  714.6730  710.9917  707.3428  703.2865  698.6688
   694.1588  689.7885  685.5707  681.5341  677.6863  674.0532  670.6366  667.4592  664.5180  661.8315  659.3911  657.2255  655.1640   -1.3255    0.2087  750.4865  748.7565  746.7597  744.1432  741.2753  738.1919  734.9208  731.4803  727.9013  724.2042  720.4217  716.5743
   712.6956  708.8099  704.8095  699.9322  695.0770  690.3454  685.7721  681.3716  677.1749  673.1903  669.4450  665.9412  662.7019  659.7238  657.0263  654.6073  652.4760  649.6703   -1.0845    0.2087  750.4605  748.6879  746.6107  743.8987  740.9252  737.7216  734.3176
   730.7333  727.0017  723.1447  719.1974  715.1821  711.1335  707.0957  702.4338  697.2711  692.2189  687.2986  682.5461  677.9768  673.6228  669.4935  665.6171  661.9967  658.6574  655.5926  652.9103  649.5778  646.6719  643.6472   -0.8435    0.2087  750.4314  748.6106
   746.4419  743.6208  740.5267  737.1853  733.6287  729.8790  725.9716  721.9307  717.7935  713.5845  709.3449  704.9977  699.6160  694.2202  688.9451  683.8142  678.8656  674.1163  669.6002  665.3271  661.3269  657.5980  654.2256  650.5313  646.7203  643.1076  640.0026
   637.0023   -0.6025    0.2087  750.4094  748.5529  746.3157  743.4130  740.2286  736.7843  733.1136  729.2402  725.2012  721.0222  716.7425  712.3877  708.0132  703.1576  697.5040  691.9346  686.4937  681.2057  676.1106  671.2260  666.5878  662.2070  658.1088  654.3601
   650.2145  645.8545  641.7233  638.0666  634.9548  631.9592   -0.3615    0.2087  750.3908  748.5032  746.2051  743.2356  739.9745  736.4430  732.6760  728.6985  724.5491  720.2551  715.8570  711.3815  706.8990  701.5464  695.7459  690.0350  684.4591  679.0440  673.8320
   668.8430  664.1088  659.6365  655.4922  651.2804  646.4588  641.7897  637.6245  633.9473  630.8319  627.8452   -0.1205    0.2087  750.3801  748.4746  746.1392  743.1309  739.8236  736.2394  732.4138  728.3730  724.1563  719.7924  715.3226  710.7743  706.2274  700.5737
   694.6866  688.8931  683.2396  677.7530  672.4775  667.4260  662.6350  658.1088  653.9717  649.1021  644.0956  639.4133  635.2551  631.5919  628.5013  625.5513    0.1205    0.2087  750.3802  748.4751  746.1404  743.1329  739.8267  736.2439  732.4197  728.3804  724.1656
   719.8030  715.3345  710.7871  706.2405  700.5896  694.7013  688.9055  683.2488  677.7579  672.4776  667.4205  662.6233  658.0901  653.9474  649.0577  644.0367  639.3426  635.1729  631.4984  628.3979  625.4397    0.3615    0.2087  750.3907  748.5027  746.2042  743.2338
   739.9719  736.4393  732.6710  728.6922  724.5413  720.2459  715.8466  711.3699  706.8865  701.5293  695.7274  690.0149  684.4373  679.0201  673.8054  668.8134  664.0758  659.5997  655.4526  651.2206  646.3921  641.7229  637.5601  633.8884  630.7807  627.8041    0.6025
     0.2087  750.4094  748.5524  746.3146  743.4107  740.2246  736.7781  733.1045  729.2277  725.1849  721.0019  716.7179  712.3589  707.9808  703.1126  697.4553  691.8834  686.4412  681.1534  676.0601  671.1789  666.5455  662.1711  658.0806  654.3411  650.2030  645.8595
   641.7457  638.1063  635.0101  632.0280    0.8435    0.2087  750.4317  748.6114  746.4436  743.6235  740.5305  737.1905  733.6351  729.8867  725.9805  721.9406  717.8043  713.5960  709.3569  705.0118  699.6313  694.2363  688.9623  683.8326  678.8855  674.1376  669.6230
   665.3511  661.3515  657.6235  654.2506  650.5633  646.7489  643.1344  640.0261  637.0257    1.0845    0.2087  750.4610  748.6896  746.6141  743.9042  740.9332  737.7326  734.3319  730.7512  727.0234  723.1705  719.2273  715.2157  711.1706  707.1355  702.4850  697.3249
   692.2745  687.3548  682.6022  678.0318  673.6763  669.5449  665.6660  662.0426  658.7004  655.6325  652.9469  649.6241  646.7154  643.6908    1.3255    0.2087  750.4865  748.7565  746.7601  744.1442  741.2772  738.1949  734.9254  731.4867  727.9098  724.2147  720.4344
   716.5892  712.7124  708.8282  704.8337  699.9588  695.1036  690.3711  685.7959  681.3924  677.1916  673.2021  669.4515  665.9422  662.6980  659.7158  657.0151  654.5948  652.4560  649.6473    1.5665    0.2087  750.5182  748.8410  746.9458  744.4507  741.7175  738.7879
   735.6870  732.4304  729.0466  725.5526  721.9785  718.3420  714.6739  710.9908  707.3395  703.2783  698.6564  694.1421  689.7673  685.5450  681.5044  677.6532  674.0170  670.5984  667.4193  664.4768  661.7899  659.3494  657.1842  655.1234   -1.4460    0.0000  750.4865
   748.7570  746.7619  744.1480  741.2836  738.2050  734.9397  731.5062  727.9353  724.2468  720.4737  716.6362  712.7677  708.8916  704.9214  700.0622  695.2169  690.4942  685.9286  681.5344  677.3426  673.3617  669.6191  666.1176  662.8806  659.9047  657.2097  654.7856
   652.7257  649.9161   -1.2050    0.0000  750.4612  748.6897  746.6149  743.9059  740.9364  737.7376  734.3394  730.7615  727.0372  723.1881  719.2492  715.2428  711.2038  707.1746  702.5472  697.3963  692.3572  687.4514  682.7152  678.1642  673.8308  669.7238  665.8714
   662.2761  658.9625  655.9223  653.2496  650.0874  647.2061  644.2621   -0.9640    0.0000  750.4316  748.6114  746.4443  743.6254  740.5342  737.1968  733.6451  729.9014  726.0011  721.9682  717.8400  713.6410  709.4118  705.0945  699.7333  694.3527  689.0944  683.9818
   679.0534  674.3259  669.8333  665.5853  661.6119  657.9119  654.5544  651.0324  647.2476  643.7052  640.6297  637.6596   -0.7230    0.0000  750.4096  748.5525  746.3152  743.4123  740.2278  736.7838  733.1139  729.2420  725.2055  721.0303  716.7557  712.4074  708.0404
   703.2070  697.5651  692.0089  686.5824  681.3096  676.2306  671.3630  666.7420  662.3787  658.2991  654.5613  650.5210  646.2065  642.0987  638.4671  635.3804  632.4157   -0.4820    0.0000  750.3910  748.5038  746.2059  743.2363  739.9750  736.4434  732.6764  728.6991
   724.5504  720.2576  715.8616  711.3889  706.9096  701.5641  695.7698  690.0661  684.4990  679.0940  673.8934  668.9172  664.1975  659.7421  655.6102  651.4729  646.6818  642.0562  637.9255  634.2842  631.2043  628.2544   -0.2410    0.0000  750.3802  748.4750  746.1401
   743.1321  739.8252  736.2414  732.4162  728.3760  724.1601  719.7970  715.3282  710.7810  706.2356  700.5846  694.6988  688.9058  683.2521  677.7641  672.4862  667.4310  662.6351  658.1029  653.9611  649.0769  644.0580  639.3671  635.2013  631.5312  628.4326  625.4704
     0.0000    0.0000  750.3725  748.4545  746.0946  743.0613  739.7248  736.1075  732.2456  728.1658  723.9083  719.5018  714.9886  710.3964  705.8108  699.9747  694.0343  688.1897  682.4881  676.9587  671.6403  666.5484  661.7218  657.1617  653.0312  647.7607  642.6407
   637.9479  633.7887  630.1300  627.0455  624.0994    0.2410    0.0000  750.3799  748.4741  746.1385  743.1297  739.8221  736.2375  732.4115  728.3703  724.1537  719.7898  715.3206  710.7733  706.2279  700.5779  694.6942  688.9048  683.2562  677.7749  672.5054  667.4603
   662.6761  658.1567  654.0243  649.1853  644.1941  639.5188  635.3642  631.6993  628.6019  625.6319    0.4820    0.0000  750.3912  748.5042  746.2073  743.2389  739.9793  736.4496  732.6849  728.7103  724.5644  720.2747  715.8821  711.4127  706.9370  701.6047  695.8141
   690.1137  684.5490  679.1451  673.9440  668.9657  664.2419  659.7802  655.6410  651.5006  646.6909  642.0434  637.8881  634.2227  631.1183  628.1445    0.7230    0.0000  750.4100  748.5538  746.3173  743.4153  740.2318  736.7887  733.1194  729.2481  725.2119  721.0367
   716.7618  712.4129  708.0449  703.2090  697.5654  692.0072  686.5783  681.3030  676.2212  671.3504  666.7265  662.3605  658.2784  654.5392  650.4860  646.1670  642.0586  638.4265  635.3403  632.3758    0.9640    0.0000  750.4323  748.6130  746.4468  743.6288  740.5385
   737.2021  733.6513  729.9084  726.0091  721.9772  717.8502  713.6524  709.4244  705.1089  699.7494  694.3708  689.1141  684.0028  679.0750  674.3474  669.8542  665.6047  661.6288  657.9258  654.5648  651.0384  647.2466  643.6957  640.6115  637.6345    1.2050    0.0000
   750.4614  748.6901  746.6151  743.9056  740.9353  737.7354  734.3358  730.7566  727.0312  723.1812  719.2419  715.2354  711.1968  707.1688  702.5406  697.3919  692.3551  687.4515  682.7174  678.1679  673.8353  669.7285  665.8758  662.2800  658.9663  655.9262  653.2539
   650.0947  647.2155  644.2752    1.4460    0.0000  750.4865  748.7569  746.7618  744.1480  741.2838  738.2053  734.9404  731.5073  727.9371  724.2495  720.4775  716.6414  712.7744  708.8999  704.9344  700.0783  695.2356  690.5154  685.9520  681.5598  677.3695  673.3895
   669.6470  666.1445  662.9055  659.9269  657.2287  654.8010  652.7435  649.9321   -1.5665   -0.2087  750.5182  748.8410  746.9452  744.4494  741.7152  738.7840  735.6814  732.4227  729.0365  725.5398  721.9629  718.3236  714.6528  710.9671  707.3139  703.2415  698.6182
   694.1030  689.7283  685.5069  681.4679  677.6190  673.9860  670.5711  667.3968  664.4599  661.7794  659.3457  657.1882  655.1359   -1.3255   -0.2087  750.4862  748.7564  746.7606  744.1460  741.2809  738.2013  734.9352  731.5006  727.9285  724.2390  720.4645  716.6255
   712.7551  708.8769  704.9004  700.0366  695.1877  690.4604  685.8890  681.4878  677.2876  673.2967  669.5423  666.0270  662.7741  659.7802  657.0652  654.6284  652.4776  649.6415   -1.0845   -0.2087  750.4604  748.6877  746.6102  743.8977  740.9236  737.7191  734.3140
   730.7282  726.9951  723.1364  719.1872  715.1699  711.1194  707.0798  702.4104  697.2464  692.1940  687.2743  682.5236  677.9572  673.6075  669.4833  665.6130  661.9990  658.6660  655.6067  652.9283  649.6102  646.7102  643.6925   -0.8435   -0.2087  750.4315  748.6109
   746.4424  743.6215  740.5276  737.1864  733.6300  729.8805  725.9733  721.9327  717.7961  713.5878  709.3492  705.0044  699.6255  694.2332  688.9620  683.8349  678.8904  674.1444  669.6309  665.3594  661.3596  657.6297  654.2545  650.5664  646.7485  643.1307  640.0185
   637.0115   -0.6025   -0.2087  750.4098  748.5536  746.3167  743.4139  740.2292  736.7842  733.1124  729.2373  725.1962  721.0147  716.7321  712.3739  707.9958  703.1279  697.4686  691.8936  686.4469  681.1530  676.0522  671.1626  666.5200  662.1356  658.0347  654.2872
   650.1121  645.7483  641.6239  637.9762  634.8752  631.8918   -0.3615   -0.2087  750.3908  748.5031  746.2047  743.2347  739.9730  736.4408  732.6728  728.6943  724.5438  720.2487  715.8494  711.3727  706.8890  701.5309  695.7283  690.0153  684.4373  679.0197  673.8048
   668.8130  664.0758  659.6007  655.4546  651.2252  646.3988  641.7306  637.5676  633.8942  630.7840  627.8046   -0.1205   -0.2087  750.3797  748.4738  746.1386  743.1306  739.8241  736.2408  732.4165  728.3771  724.1622  719.8000  715.3320  710.7856  706.2405  700.5953
   694.7101  688.9185  683.2669  677.7818  672.5075  667.4568  662.6662  658.1398  654.0016  649.1436  644.1358  639.4471  635.2800  631.6052  628.5003  625.5294    0.1205   -0.2087  750.3801  748.4745  746.1393  743.1312  739.8242  736.2404  732.4151  728.3747  724.1585
   719.7948  715.3252  710.7767  706.2293  700.5750  694.6857  688.8890  683.2314  677.7395  672.4580  667.3995  662.6005  658.0656  653.9217  649.0208  643.9963  639.3024  635.1341  631.4621  628.3646  625.4063    0.3615   -0.2087  750.3910  748.5038  746.2057  743.2356
   739.9740  736.4414  732.6731  728.6942  724.5432  720.2475  715.8478  711.3708  706.8870  701.5270  695.7252  690.0132  684.4365  679.0209  673.8082  668.8188  664.0844  659.6126  655.4696  651.2505  646.4328  641.7734  637.6204  633.9572  630.8563  627.8843    0.6025
    -0.2087  750.4091  748.5516  746.3134  743.4094  740.2234  736.7776  733.1053  729.2305  725.1905  721.0108  716.7308  712.3761  708.0021  703.1467  697.4945  691.9268  686.4876  681.2014  676.1082  671.2257  666.5892  662.2103  658.1140  654.3668  650.2285  645.8720
   641.7416  638.0846  634.9715  631.9739    0.8435   -0.2087  750.4317  748.6116  746.4438  743.6237  740.5308  737.1907  733.6356  729.8876  725.9819  721.9426  717.8071  713.5997  709.3616  705.0184  699.6392  694.2451  688.9719  683.8427  678.8961  674.1484  669.6343
   665.3633  661.3660  657.6405  654.2702  650.5972  646.7901  643.1874  640.0865  637.0867    1.0845   -0.2087  750.4608  748.6887  746.6123  743.9012  740.9289  737.7262  734.3232  730.7397  727.0085  723.1517  719.2039  715.1876  711.1374  707.0975  702.4316  697.2650
   692.2086  687.2839  682.5271  677.9537  673.5961  669.4638  665.5852  661.9632  658.6235  655.5595  652.8799  649.5392  646.6410  643.6263    1.3255   -0.2087  750.4861  748.7559  746.7597  744.1446  741.2788  738.1982  734.9311  731.4951  727.9215  724.2302  720.4538
   716.6128  712.7402  708.8602  704.8793  700.0128  695.1623  690.4340  685.8625  681.4621  677.2636  673.2752  669.5239  666.0124  662.7638  659.7750  657.0654  654.6336  652.4935  649.6646    1.5665   -0.2087  750.5183  748.8415  746.9462  744.4511  741.7178  738.7877
   735.6865  732.4295  729.0453  725.5509  721.9766  718.3402  714.6724  710.9901  707.3398  703.2790  698.6595  694.1478  689.7760  685.5566  681.5188  677.6700  674.0360  670.6189  667.4410  664.4995  661.8132  659.3732  657.2088  655.1490   -1.4460   -0.4174  750.5182
   748.8414  746.9460  744.4509  741.7179  738.7882  735.6876  732.4315  729.0484  725.5554  721.9828  718.3482  714.6826  711.0023  707.3543  703.2999  698.6830  694.1734  689.8028  685.5839  681.5455  677.6952  674.0586  670.6379  667.4556  664.5087  661.8164  659.3692
   657.1966  655.1266   -1.2050   -0.4174  750.4861  748.7559  746.7592  744.1434  741.2767  738.1947  734.9257  731.4874  727.9114  724.2170  720.4374  716.5928  712.7171  708.8340  704.8424  699.9702  695.1175  690.3881  685.8163  681.4165  677.2194  673.2335  669.4856
   665.9783  662.7342  659.7500  657.0449  654.6177  652.4759  649.6523   -0.9640   -0.4174  750.4607  748.6884  746.6114  743.8992  740.9254  737.7212  734.3161  730.7301  726.9965  723.1367  719.1861  715.1665  711.1131  707.0699  702.3891  697.2176  692.1562  687.2265
   682.4646  677.8861  673.5235  669.3860  665.5024  661.8756  658.5309  655.4639  652.7806  649.3936  646.4925  643.4649   -0.7230   -0.4174  750.4315  748.6111  746.4425  743.6215  740.5272  737.1856  733.6285  729.8777  725.9690  721.9262  717.7867  713.5748  709.3322
   704.9763  699.5882  694.1880  688.9088  683.7738  678.8216  674.0687  669.5494  665.2734  661.2706  657.5398  654.1683  650.4474  646.6366  643.0181  639.9133  636.9109   -0.4820   -0.4174  750.4092  748.5520  746.3137  743.4099  740.2241  736.7784  733.1061  729.2313
   725.1911  721.0115  716.7315  712.3771  708.0036  703.1490  697.4984  691.9330  686.4959  681.2117  676.1200  671.2381  666.6012  662.2207  658.1212  654.3694  650.2245  645.8596  641.7217  638.0585  634.9416  631.9430   -0.2410   -0.4174  750.3912  748.5044  746.2074
   743.2387  739.9788  736.4488  732.6836  728.7085  724.5622  720.2721  715.8790  711.4094  706.9334  701.5982  695.8078  690.1077  684.5435  679.1405  673.9409  668.9645  664.2433  659.7849  655.6488  651.5171  646.7138  642.0756  637.9278  634.2679  631.1678  628.1942
     0.0000   -0.4174  750.3909  748.5033  746.2048  743.2343  739.9719  736.4385  732.6690  728.6888  724.5366  720.2398  715.8392  711.3615  706.8777  701.5158  695.7147  690.0039  684.4289  679.0150  673.8045  668.8167  664.0840  659.6132  655.4712  651.2534  646.4353
   641.7746  637.6203  633.9559  630.8537  627.8815    0.2410   -0.4174  750.3913  748.5044  746.2074  743.2388  739.9788  736.4486  732.6830  728.7074  724.5605  720.2696  715.8755  711.4049  706.9278  701.5908  695.7994  690.0988  684.5345  679.1323  673.9341  668.9597
   664.2413  659.7865  655.6533  651.5310  646.7341  642.1033  637.9605  634.3040  631.2072  628.2375    0.4820   -0.4174  750.4094  748.5524  746.3143  743.4104  740.2243  736.7778  733.1046  729.2285  725.1867  721.0051  716.7228  712.3658  707.9896  703.1255  697.4709
   691.9010  686.4601  681.1724  676.0779  671.1938  666.5557  662.1751  658.0767  654.3286  650.1700  645.8057  641.6732  638.0149  634.9019  631.9045    0.7230   -0.4174  750.4315  748.6109  746.4425  743.6216  740.5277  737.1865  733.6298  729.8798  725.9720  721.9303
   717.7922  713.5820  709.3413  704.9908  699.6069  694.2102  688.9344  683.8032  678.8551  674.1064  669.5914  665.3200  661.3219  657.5954  654.2254  650.5324  646.7221  643.1099  640.0041  637.0031    0.9640   -0.4174  750.4606  748.6881  746.6105  743.8976  740.9230
   737.7177  734.3115  730.7242  726.9893  723.1282  719.1764  715.1557  711.1016  707.0581  702.3747  697.2042  692.1448  687.2177  682.4596  677.8860  673.5297  669.3995  665.5241  661.9061  658.5707  655.5113  652.8364  649.4811  646.5853  643.5669    1.2050   -0.4174
   750.4860  748.7555  746.7587  744.1428  741.2759  738.1942  734.9255  731.4877  727.9120  724.2183  720.4394  716.5956  712.7203  708.8377  704.8481  699.9767  695.1236  690.3934  685.8207  681.4197  677.2212  673.2339  669.4846  665.9757  662.7305  659.7457  657.0407
   654.6144  652.4731  649.6482    1.4460   -0.4174  750.5182  748.8410  746.9455  744.4501  741.7163  738.7859  735.6842  732.4268  729.0421  725.5473  721.9725  718.3354  714.6668  710.9833  707.3320  703.2682  698.6465  694.1325  689.7579  685.5355  681.4947  677.6432
   674.0066  670.5875  667.4085  664.4665  661.7804  659.3413  657.1777  655.1178   -1.3255   -0.6261  750.5181  748.8412  746.9454  744.4497  741.7159  738.7853  735.6836  732.4262  729.0416  725.5470  721.9725  718.3360  714.6682  710.9855  707.3350  703.2708  698.6507
   694.1383  689.7653  685.5447  681.5055  677.6552  674.0197  670.6015  667.4224  664.4796  661.7919  659.3500  657.1831  655.1194   -1.0845   -0.6261  750.4861  748.7562  746.7601  744.1453  741.2799  738.1999  734.9328  731.4968  727.9230  724.2308  720.4531  716.6103
   712.7353  708.8522  704.8637  699.9904  695.1338  690.3990  685.8204  681.4124  677.2062  673.2104  669.4524  665.9348  662.6815  659.6894  656.9779  654.5490  652.3758  649.5513   -0.8435   -0.6261  750.4602  748.6872  746.6098  743.8978  740.9245  737.7213  734.3177
   730.7339  727.0026  723.1459  719.1986  715.1828  711.1335  707.0946  702.4305  697.2654  692.2107  687.2874  682.5319  677.9592  673.6019  669.4687  665.5883  661.9631  658.6184  655.5483  652.8616  649.5018  646.5928  643.5641   -0.6025   -0.6261  750.4313  748.6103
   746.4413  743.6197  740.5249  737.1829  733.6255  729.8749  725.9667  721.9248  717.7868  713.5771  709.3370  704.9876  699.6054  694.2100  688.9361  683.8068  678.8606  674.1139  669.6012  665.3320  661.3363  657.6126  654.2445  650.5648  646.7608  643.1596  640.0616
   637.0666   -0.3615   -0.6261  750.4096  748.5529  746.3162  743.4142  740.2306  736.7875  733.1184  729.2471  725.2109  721.0354  716.7600  712.4102  708.0410  703.2036  697.5573  691.9963  686.5648  681.2876  676.2048  671.3341  666.7113  662.3475  658.2686  654.5335
   650.4851  646.1729  642.0712  638.4455  635.3636  632.4012   -0.1205   -0.6261  750.4088  748.5510  746.3123  743.4078  740.2213  736.7747  733.1015  729.2254  725.1837  721.0021  716.7199  712.3626  707.9861  703.1234  697.4675  691.8965  686.4546  681.1664  676.0720
   671.1890  666.5532  662.1760  658.0821  654.3386  650.1958  645.8462  641.7262  638.0816  634.9820  631.9989    0.1205   -0.6261  750.4090  748.5515  746.3130  743.4088  740.2227  736.7765  733.1036  729.2279  725.1865  721.0052  716.7232  712.3661  707.9896  703.1265
   697.4701  691.8982  686.4546  681.1641  676.0665  671.1797  666.5391  662.1565  658.0564  654.3082  650.1429  645.7787  641.6494  637.9967  634.8908  631.9050    0.3615   -0.6261  750.4098  748.5537  746.3173  743.4158  740.2328  736.7904  733.1224  729.2522  725.2175
   721.0438  716.7706  712.4231  708.0565  703.2249  697.5820  692.0240  686.5949  681.3189  676.2359  671.3638  666.7382  662.3704  658.2865  654.5457  650.4928  646.1732  642.0653  638.4359  635.3534  632.3951    0.6025   -0.6261  750.4315  748.6114  746.4436  743.6237
   740.5313  737.1921  733.6381  729.8916  725.9877  721.9505  717.8173  713.6124  709.3768  705.0402  699.6658  694.2751  689.0048  683.8782  678.9338  674.1878  669.6748  665.4045  661.4067  657.6801  654.3064  650.6445  646.8306  643.2215  640.1090  637.0948    0.8435
    -0.6261  750.4604  748.6877  746.6102  743.8976  740.9233  737.7183  734.3125  730.7260  726.9916  723.1314  719.1805  715.1610  711.1080  707.0658  702.3879  697.2186  692.1600  687.2334  682.4752  677.9006  673.5421  669.4085  665.5290  661.9061  658.5653  655.5015
   652.8225  649.4582  646.5617  643.5455    1.0845   -0.6261  750.4862  748.7566  746.7612  744.1471  741.2830  738.2045  734.9397  731.5068  727.9365  724.2488  720.4763  716.6393  712.7710  708.8949  704.9252  700.0660  695.2197  690.4946  685.9248  681.5248  677.3248
   673.3337  669.5781  666.0613  662.8067  659.8112  657.0954  654.6576  652.5212  649.6878    1.3255   -0.6261  750.5182  748.8410  746.9452  744.4492  741.7147  738.7831  735.6800  732.4210  729.0345  725.5378  721.9612  718.3226  714.6528  710.9686  707.3173  703.2490
   698.6286  694.1163  689.7444  685.5255  681.4887  677.6415  674.0094  670.5947  667.4197  664.4810  661.7979  659.3611  657.1998  655.1430   -1.2050   -0.8348  750.5185  748.8420  746.9464  744.4507  741.7165  738.7855  735.6829  732.4243  729.0384  725.5423  721.9662
   718.3279  714.6585  710.9745  707.3230  703.2521  698.6315  694.1187  689.7457  685.5253  681.4864  677.6364  674.0013  670.5831  667.4047  664.4628  661.7766  659.3371  657.1737  655.1149   -0.9640   -0.8348  750.4862  748.7563  746.7599  744.1445  741.2783  738.1970
   734.9287  731.4914  727.9161  724.2226  720.4439  716.6003  712.7249  708.8418  704.8508  699.9780  695.1236  690.3917  685.8166  681.4126  677.2110  673.2202  669.4674  665.9551  662.7072  659.7196  657.0123  654.5846  652.4292  649.6044   -0.7230   -0.8348  750.4608
   748.6888  746.6123  743.9010  740.9284  737.7254  734.3219  730.7377  727.0060  723.1483  719.1998  715.1827  711.1316  707.0909  702.4201  697.2535  692.1973  687.2733  682.5177  677.9458  673.5901  669.4598  665.5829  661.9622  658.6227  655.5581  652.8769  649.5312
   646.6302  643.6131   -0.4820   -0.8348  750.4321  748.6125  746.4459  743.6273  740.5361  737.1985  733.6464  729.9019  726.0007  721.9671  717.8383  713.6389  709.4094  705.0897  699.7284  694.3495  689.0930  683.9825  679.0558  674.3295  669.8377  665.5895  661.6147
   657.9124  654.5519  651.0217  647.2312  643.6822  640.6025  637.6309   -0.2410   -0.8348  750.4313  748.6107  746.4424  743.6219  740.5284  737.1879  733.6324  729.8838  725.9777  721.9382  717.8027  713.5953  709.3574  705.0145  699.6357  694.2419  688.9684  683.8382
   678.8892  674.1381  669.6184  665.3398  661.3321  657.5939  654.2125  650.4952  646.6678  643.0336  639.9124  636.8972    0.0000   -0.8348  750.4312  748.6101  746.4409  743.6190  740.5239  737.1813  733.6232  729.8717  725.9623  721.9191  717.7798  713.5685  709.3271
   704.9738  699.5890  694.1926  688.9178  683.7880  678.8413  674.0941  669.5809  665.3109  661.3140  657.5884  654.2193  650.5261  646.7180  643.1072  640.0013  636.9951    0.2410   -0.8348  750.4313  748.6107  746.4424  743.6219  740.5285  737.1881  733.6328  729.8847
   725.9791  721.9404  717.8057  713.5993  709.3624  705.0219  699.6453  694.2534  688.9821  683.8546  678.9094  674.1631  669.6495  665.3785  661.3800  657.6525  654.2791  650.6056  646.7928  643.1832  640.0744  637.0671    0.4820   -0.8348  750.4319  748.6122  746.4454
   743.6268  740.5357  737.1981  733.6461  729.9017  726.0005  721.9666  717.8374  713.6373  709.4072  705.0863  699.7235  694.3426  689.0843  683.9719  679.0440  674.3168  669.8245  665.5764  661.6022  657.9010  654.5429  651.0112  647.2231  643.6765  640.5996  637.6340
     0.7230   -0.8348  750.4607  748.6881  746.6108  743.8984  740.9242  737.7194  734.3138  730.7271  726.9927  723.1322  719.1809  715.1608  711.1070  707.0637  702.3835  697.2132  692.1536  687.2264  682.4681  677.8939  673.5366  669.4053  665.5285  661.9092  658.5726
   655.5122  652.8378  649.4874  646.5990  643.5963    0.9640   -0.8348  750.4861  748.7559  746.7594  744.1437  741.2772  738.1955  734.9267  731.4889  727.9131  724.2192  720.4402  716.5964  712.7210  708.8381  704.8485  699.9767  695.1235  690.3932  685.8201  681.4188
   677.2203  673.2330  669.4841  665.9757  662.7313  659.7473  657.0431  654.6173  652.4790  649.6576    1.2050   -0.8348  750.5183  748.8414  746.9455  744.4494  741.7147  738.7826  735.6790  732.4191  729.0316  725.5335  721.9552  718.3143  714.6419  710.9543  707.2994
   703.2185  698.5922  694.0736  689.6952  685.4696  681.4263  677.5731  673.9359  670.5172  667.3396  664.4001  661.7176  659.2828  657.1241  655.0703   -1.0845   -1.0436  750.5183  748.8415  746.9462  744.4511  741.7179  738.7880  735.6870  732.4304  729.0465  725.5526
   721.9790  718.3429  714.6756  710.9934  707.3431  703.2819  698.6618  694.1491  689.7758  685.5548  681.5148  677.6637  674.0272  670.6074  667.4269  664.4825  661.7931  659.3496  657.1813  655.1166   -0.8435   -1.0436  750.4863  748.7568  746.7610  744.1462  741.2805
   738.2000  734.9325  731.4959  727.9214  724.2288  720.4510  716.6082  712.7338  708.8518  704.8642  699.9933  695.1404  690.4100  685.8365  681.4342  677.2344  673.2453  669.4942  665.9835  662.7369  659.7508  657.0446  654.6169  652.4747  649.6510   -0.6025   -1.0436
   750.4612  748.6895  746.6143  743.9049  740.9346  737.7348  734.3355  730.7566  727.0314  723.1817  719.2425  715.2360  711.1973  707.1689  702.5412  697.3914  692.3532  687.4481  682.7124  678.1610  673.8265  669.7174  665.8624  662.2638  658.9464  655.9018  653.2257
   650.0459  647.1568  644.1971   -0.3615   -1.0436  750.4604  748.6879  746.6108  743.8991  740.9260  737.7228  734.3191  730.7348  727.0031  723.1456  719.1974  715.1806  711.1302  707.0901  702.4221  697.2559  692.2004  687.2770  682.5219  677.9504  673.5950  669.4645
   665.5872  661.9660  658.6257  655.5600  652.8774  649.5291  646.6235  643.5981   -0.1205   -1.0436  750.4606  748.6884  746.6115  743.8996  740.9264  737.7226  734.3183  730.7331  727.0004  723.1416  719.1920  715.1734  711.1210  707.0789  702.4024  697.2331  692.1743
   687.2474  682.4889  677.9144  673.5566  669.4246  665.5471  661.9267  658.5884  655.5263  652.8487  649.4956  646.5980  643.5781    0.1205   -1.0436  750.4605  748.6883  746.6119  743.9008  740.9286  737.7262  734.3232  730.7396  727.0082  723.1508  719.2021  715.1844
   711.1325  707.0904  702.4178  697.2476  692.1872  687.2584  682.4973  677.9194  673.5572  669.4199  665.5362  661.9090  658.5637  655.4954  652.8119  649.4367  646.5349  643.5098    0.3615   -1.0436  750.4604  748.6879  746.6110  743.8994  740.9266  737.7238  734.3206
   730.7371  727.0065  723.1502  719.2036  715.1885  711.1399  707.1017  702.4395  697.2754  692.2215  687.2990  682.5444  677.9730  673.6171  669.4857  665.6072  661.9842  658.6419  655.5739  652.8886  649.5405  646.6302  643.5995    0.6025   -1.0436  750.4610  748.6894
   746.6141  743.9043  740.9337  737.7337  734.3340  730.7548  727.0292  723.1791  719.2395  715.2327  711.1935  707.1646  702.5354  697.3851  692.3465  687.4410  682.7049  678.1536  673.8195  669.7116  665.8585  662.2630  658.9501  655.9114  653.2407  650.0785  647.2006
   644.2575    0.8435   -1.0436  750.4865  748.7570  746.7612  744.1461  741.2802  738.1991  734.9312  731.4944  727.9199  724.2275  720.4504  716.6086  712.7359  708.8560  704.8726  700.0062  695.1577  690.4318  685.8630  681.4652  677.2693  673.2834  669.5347  666.0255
   662.7791  659.7923  657.0843  654.6535  652.5222  649.6950    1.0845   -1.0436  750.5181  748.8412  746.9460  744.4511  741.7182  738.7886  735.6880  732.4318  729.0484  725.5547  721.9811  718.3451  714.6774  710.9948  707.3440  703.2845  698.6633  694.1493  689.7747
   685.5525  681.5117  677.6599  674.0233  670.6037  667.4243  664.4816  661.7952  659.3557  657.1926  655.1343   -0.9640   -1.2523  750.5184  748.8418  746.9464  744.4512  741.7175  738.7871  735.6853  732.4276  729.0423  725.5469  721.9716  718.3340  714.6652  710.9816
   707.3305  703.2640  698.6435  694.1309  689.7580  685.5377  681.4991  677.6495  674.0148  670.5971  667.4189  664.4773  661.7915  659.3524  657.1894  655.1323   -0.7230   -1.2523  750.4865  748.7570  746.7618  744.1481  741.2840  738.2057  734.9411  731.5083  727.9385
   724.2515  720.4803  716.6451  712.7792  708.9062  704.9435  700.0907  695.2514  690.5352  685.9763  681.5891  677.4041  673.4296  669.6925  666.1952  662.9607  659.9858  657.2899  654.8616  652.8052  650.0105   -0.4820   -1.2523  750.4862  748.7562  746.7597  744.1441
   741.2773  738.1954  734.9262  731.4880  727.9117  724.2174  720.4379  716.5935  712.7178  708.8348  704.8429  699.9704  695.1173  690.3869  685.8139  681.4122  677.2130  673.2243  669.4736  665.9630  662.7164  659.7299  657.0239  654.5971  652.4495  649.6314   -0.2410
    -1.2523  750.4861  748.7564  746.7607  744.1461  741.2810  738.2011  734.9345  731.4988  727.9256  724.2343  720.4580  716.6166  712.7438  708.8633  704.8808  700.0130  695.1615  690.4325  685.8600  681.4584  677.2587  673.2690  669.5165  666.0033  662.7531  659.7620
   657.0500  654.6165  652.4658  649.6336    0.0000   -1.2523  750.4860  748.7557  746.7591  744.1435  741.2771  738.1957  734.9274  731.4902  727.9151  724.2220  720.4438  716.6007  712.7260  708.8438  704.8555  699.9841  695.1304  690.3986  685.8231  681.4180  677.2146
   673.2211  669.4650  665.9491  662.6971  659.7060  656.9960  654.5681  652.4072  649.5902    0.2410   -1.2523  750.4861  748.7559  746.7593  744.1433  741.2764  738.1944  734.9253  731.4874  727.9116  724.2180  720.4396  716.5966  712.7226  708.8413  704.8538  699.9847
   695.1341  690.4062  685.8349  681.4347  677.2362  673.2476  669.4961  665.9840  662.7347  659.7446  657.0332  654.6006  652.4444  649.6123    0.4820   -1.2523  750.4863  748.7564  746.7604  744.1451  741.2788  738.1972  734.9286  731.4905  727.9144  724.2197  720.4398
   716.5945  712.7175  708.8328  704.8381  699.9616  695.1042  690.3695  685.7917  681.3856  677.1821  673.1897  669.4358  665.9231  662.6748  659.6878  656.9816  654.5570  652.3930  649.5749    0.7230   -1.2523  750.4867  748.7574  746.7624  744.1485  741.2839  738.2048
   734.9392  731.5049  727.9334  724.2443  720.4706  716.6327  712.7639  708.8880  704.9168  700.0585  695.2158  690.4968  685.9357  681.5469  677.3613  673.3869  669.6510  666.1555  662.9241  659.9524  657.2607  654.8368  652.7853  649.9892    0.9640   -1.2523  750.5183
   748.8414  746.9462  744.4510  741.7175  738.7874  735.6859  732.4287  729.0442  725.5495  721.9747  718.3375  714.6687  710.9849  707.3329  703.2674  698.6442  694.1283  689.7517  685.5273  681.4843  677.6302  673.9914  670.5700  667.3886  664.4445  661.7566  659.3157
   657.1508  655.0910   -0.6025   -1.4610  750.5187  748.8428  746.9484  744.4541  741.7214  738.7921  735.6913  732.4346  729.0504  725.5559  721.9814  718.3444  714.6759  710.9927  707.3418  703.2767  698.6565  694.1440  689.7715  685.5516  681.5135  677.6647  674.0310
   670.6146  667.4378  664.4974  661.8123  659.3731  657.2088  655.1475   -0.3615   -1.4610  750.5181  748.8412  746.9458  744.4506  741.7173  738.7872  735.6859  732.4289  729.0444  725.5496  721.9748  718.3375  714.6685  710.9844  707.3322  703.2655  698.6420  694.1261
   689.7495  685.5251  681.4822  677.6287  673.9906  670.5705  667.3908  664.4489  661.7638  659.3262  657.1648  655.1085   -0.1205   -1.4610  750.5178  748.8400  746.9438  744.4478  741.7136  738.7827  735.6808  732.4233  729.0389  725.5445  721.9706  718.3349  714.6681
   710.9870  707.3382  703.2821  698.6646  694.1548  689.7844  685.5664  681.5294  677.6808  674.0463  670.6282  667.4482  664.5038  661.8133  659.3678  657.1963  655.1271    0.1205   -1.4610  750.5181  748.8410  746.9451  744.4490  741.7145  738.7829  735.6798  732.4206
   729.0340  725.5370  721.9599  718.3205  714.6498  710.9643  707.3113  703.2382  698.6149  694.0997  689.7246  685.5025  681.4626  677.6124  673.9781  670.5618  667.3864  664.4484  661.7672  659.3329  657.1747  655.1209    0.3615   -1.4610  750.5183  748.8414  746.9463
   744.4514  741.7184  738.7888  735.6880  732.4316  729.0479  725.5541  721.9804  718.3443  714.6768  710.9945  707.3443  703.2842  698.6646  694.1530  689.7810  685.5618  681.5243  677.6759  674.0426  670.6262  667.4493  664.5086  661.8230  659.3835  657.2192  655.1587
     0.6025   -1.4610  750.5181  748.8407  746.9449  744.4493  741.7155  738.7850  735.6834  732.4262  729.0419  725.5476  721.9734  718.3373  714.6698  710.9875  707.3374  703.2770  698.6561  694.1423  689.7673  685.5440  681.5012  677.6467  674.0066  670.5831  667.3991
   664.4518  661.7606  659.3164  657.1488  655.0868
