       0.00      0.00    973.10    971.76    970.57    969.52    968.58    967.76    967.01    966.36    965.79    965.32    964.92    964.61    964.37    964.23    964.15    964.17    964.27    964.45    964.71    965.07    965.49    966.01    966.61    967.29    968.06    968.93    969.88    970.95    972.15    973.55
       0.00      0.00    973.10    971.76    970.57    969.52    968.58    967.76    967.01    966.36    965.79    965.32    964.92    964.61    964.37    964.23    964.15    964.17    964.27    964.45    964.71    965.07    965.49    966.01    966.61    967.29    968.06    968.93    969.88    970.95    972.15    973.55
       0.00      0.00    973.10    971.76    970.57    969.52    968.58    967.76    967.01    966.36    965.79    965.32    964.92    964.61    964.37    964.23    964.15    964.17    964.27    964.45    964.71    965.07    965.49    966.01    966.61    967.29    968.06    968.93    969.88    970.95    972.15    973.55
       0.00      0.00    973.10    971.76    970.57    969.52    968.58    967.76    967.01    966.36    965.79    965.32    964.92    964.61    964.37    964.23    964.15    964.17    964.27    964.45    964.71    965.07    965.49    966.01    966.61    967.29    968.06    968.93    969.88    970.95    972.15    973.55
       0.00      0.00    973.10    971.76    970.57    969.52    968.58    967.76    967.01    966.36    965.79    965.32    964.92    964.61    964.37    964.23    964.15    964.17    964.27    964.45    964.71    965.07    965.49    966.01    966.61    967.29    968.06    968.93    969.88    970.95    972.15    973.55
       0.00      0.00    973.10    971.76    970.57    969.52    968.58    967.76    967.01    966.36    965.79    965.32    964.92    964.61    964.37    964.23    964.15    964.17    964.27    964.45    964.71    965.07    965.49    966.01    966.61    967.29    968.06    968.93    969.88    970.95    972.15    973.55
       0.00      0.00    973.10    971.76    970.57    969.52    968.58    967.76    967.01    966.36    965.79    965.32    964.92    964.61    964.37    964.23    964.15    964.17    964.27    964.45    964.71    965.07    965.49    966.01    966.61    967.29    968.06    968.93    969.88    970.95    972.15    973.55
       0.00      0.00    972.86    971.42    970.14    969.02    968.02    967.13    966.33    965.63    965.02    964.51    964.08    963.75    963.49    963.33    963.25    963.27    963.38    963.57    963.85    964.23    964.69    965.24    965.88    966.61    967.43    968.36    969.38    970.53    971.81    973.32
       0.00      0.00    972.86    971.42    970.14    969.02    968.02    967.13    966.33    965.63    965.02    964.51    964.08    963.75    963.49    963.33    963.25    963.27    963.38    963.57    963.85    964.23    964.69    965.24    965.88    966.61    967.43    968.36    969.38    970.53    971.81    973.32
       0.00      0.00    972.86    971.42    970.14    969.02    968.02    967.13    966.33    965.63    965.02    964.51    964.08    963.75    963.49    963.33    963.25    963.27    963.38    963.57    963.85    964.23    964.69    965.24    965.88    966.61    967.43    968.36    969.38    970.53    971.81    973.32
       0.00      0.00    972.87    971.42    970.14    969.02    968.02    967.13    966.33    965.63    965.02    964.51    964.08    963.75    963.49    963.33    963.25    963.27    963.38    963.57    963.85    964.23    964.69    965.24    965.88    966.61    967.43    968.36    969.38    970.53    971.81    973.32
       0.00      0.00    972.86    971.42    970.14    969.02    968.02    967.13    966.33    965.63    965.02    964.51    964.08    963.75    963.49    963.33    963.25    963.27    963.38    963.57    963.85    964.23    964.69    965.24    965.88    966.61    967.43    968.36    969.38    970.53    971.81    973.32
       0.00      0.00    972.86    971.42    970.14    969.02    968.02    967.13    966.33    965.63    965.02    964.51    964.08    963.75    963.49    963.33    963.25    963.27    963.38    963.57    963.85    964.23    964.69    965.24    965.88    966.61    967.43    968.36    969.38    970.53    971.81    973.32
       0.00      0.00    972.86    971.42    970.14    969.02    968.02    967.13    966.33    965.63    965.02    964.51    964.08    963.75    963.49    963.33    963.25    963.27    963.38    963.57    963.85    964.23    964.69    965.24    965.88    966.61    967.43    968.36    969.38    970.53    971.82    973.32
       0.00      0.00    973.10    971.76    970.57    969.52    968.58    967.76    967.01    966.36    965.79    965.32    964.92    964.61    964.37    964.23    964.15    964.17    964.27    964.45    964.71    965.07    965.49    966.01    966.61    967.29    968.06    968.93    969.88    970.95    972.15    973.55
       0.00      0.00    973.10    971.76    970.57    969.52    968.58    967.76    967.01    966.36    965.79    965.32    964.92    964.61    964.37    964.23    964.15    964.17    964.27    964.45    964.71    965.07    965.49    966.01    966.61    967.29    968.06    968.93    969.88    970.95    972.15    973.55
       0.00      0.00    972.86    971.42    970.14    969.02    968.02    967.13    966.33    965.63    965.02    964.51    964.08    963.75    963.49    963.33    963.25    963.27    963.38    963.57    963.85    964.23    964.69    965.24    965.88    966.61    967.43    968.36    969.38    970.53    971.81    973.32
       0.00      0.00    972.69    971.17    969.82    968.64    967.59    966.65    965.81    965.08    964.43    963.90    963.44    963.10    962.83    962.66    962.58    962.60    962.70    962.91    963.20    963.60    964.08    964.66    965.33    966.10    966.96    967.94    969.01    970.21    971.56    973.15
       0.00      0.00    972.69    971.17    969.82    968.64    967.59    966.65    965.81    965.08    964.43    963.90    963.44    963.10    962.83    962.66    962.58    962.60    962.70    962.91    963.20    963.60    964.08    964.66    965.33    966.10    966.96    967.94    969.01    970.21    971.56    973.15
       0.00      0.00    972.69    971.17    969.82    968.64    967.58    966.65    965.81    965.08    964.43    963.90    963.44    963.10    962.83    962.66    962.58    962.60    962.70    962.91    963.20    963.60    964.08    964.66    965.33    966.10    966.96    967.94    969.01    970.21    971.56    973.15
       0.00      0.00    972.69    971.17    969.82    968.64    967.58    966.65    965.81    965.08    964.43    963.90    963.44    963.10    962.83    962.66    962.58    962.60    962.70    962.91    963.20    963.60    964.08    964.66    965.33    966.10    966.96    967.94    969.01    970.21    971.56    973.15
       0.00      0.00    972.69    971.17    969.82    968.64    967.59    966.65    965.81    965.08    964.43    963.90    963.44    963.10    962.83    962.66    962.58    962.60    962.70    962.91    963.20    963.60    964.08    964.66    965.33    966.10    966.96    967.94    969.01    970.21    971.56    973.15
       0.00      0.00    972.69    971.17    969.82    968.64    967.59    966.65    965.81    965.08    964.43    963.90    963.44    963.10    962.83    962.66    962.58    962.60    962.70    962.91    963.20    963.60    964.08    964.66    965.33    966.10    966.96    967.94    969.01    970.21    971.56    973.15
       0.00      0.00    972.86    971.42    970.14    969.02    968.02    967.13    966.33    965.63    965.02    964.51    964.08    963.75    963.49    963.33    963.25    963.27    963.38    963.57    963.85    964.23    964.69    965.24    965.88    966.61    967.43    968.36    969.38    970.53    971.81    973.32
       0.00      0.00    973.10    971.76    970.57    969.52    968.58    967.76    967.01    966.36    965.79    965.32    964.92    964.61    964.37    964.23    964.15    964.17    964.27    964.45    964.71    965.07    965.49    966.01    966.61    967.29    968.06    968.93    969.88    970.95    972.15    973.55
       0.00      0.00    973.10    971.76    970.57    969.52    968.58    967.76    967.01    966.36    965.79    965.32    964.92    964.61    964.37    964.23    964.15    964.17    964.27    964.45    964.71    965.07    965.49    966.01    966.61    967.29    968.06    968.93    969.88    970.95    972.15    973.55
       0.00      0.00    972.86    971.42    970.14    969.02    968.02    967.13    966.33    965.63    965.02    964.51    964.08    963.75    963.49    963.33    963.25    963.27    963.37    963.57    963.85    964.23    964.69    965.24    965.88    966.61    967.43    968.36    969.38    970.53    971.81    973.32
       0.00      0.00    972.69    971.17    969.82    968.64    967.58    966.65    965.81    965.08    964.43    963.90    963.44    963.10    962.83    962.66    962.58    962.60    962.70    962.91    963.20    963.60    964.08    964.66    965.33    966.10    966.96    967.94    969.01    970.21    971.56    973.15
       0.00      0.00    972.49    970.88    969.47    968.22    967.10    966.12    965.23    964.46    963.78    963.21    962.74    962.37    962.08    961.90    961.82    961.84    961.95    962.17    962.47    962.89    963.39    964.01    964.71    965.52    966.43    967.46    968.59    969.86    971.28    972.95
       0.00      0.00    972.49    970.88    969.47    968.22    967.10    966.12    965.23    964.46    963.78    963.21    962.74    962.37    962.08    961.90    961.82    961.84    961.95    962.17    962.47    962.89    963.39    964.01    964.71    965.52    966.43    967.46    968.59    969.86    971.28    972.95
       0.00      0.00    972.49    970.88    969.47    968.22    967.10    966.12    965.23    964.46    963.78    963.21    962.74    962.37    962.08    961.90    961.82    961.84    961.95    962.17    962.47    962.89    963.39    964.01    964.71    965.52    966.43    967.46    968.59    969.86    971.28    972.95
       0.00      0.00    972.49    970.88    969.47    968.22    967.10    966.12    965.23    964.46    963.78    963.21    962.74    962.37    962.08    961.90    961.82    961.84    961.95    962.17    962.47    962.89    963.39    964.01    964.71    965.52    966.43    967.46    968.59    969.86    971.28    972.95
       0.00      0.00    972.49    970.88    969.47    968.22    967.10    966.12    965.23    964.46    963.78    963.21    962.74    962.37    962.08    961.90    961.82    961.84    961.95    962.17    962.47    962.89    963.39    964.01    964.71    965.52    966.43    967.46    968.59    969.86    971.28    972.95
       0.00      0.00    972.69    971.17    969.82    968.64    967.58    966.65    965.81    965.08    964.43    963.90    963.44    963.10    962.83    962.66    962.58    962.60    962.70    962.91    963.20    963.60    964.08    964.66    965.33    966.10    966.96    967.94    969.01    970.21    971.56    973.15
       0.00      0.00    972.86    971.42    970.14    969.02    968.02    967.13    966.33    965.63    965.02    964.51    964.08    963.75    963.49    963.33    963.25    963.27    963.38    963.57    963.85    964.23    964.69    965.24    965.88    966.61    967.43    968.36    969.38    970.53    971.81    973.32
       0.00      0.00    973.10    971.76    970.57    969.52    968.58    967.76    967.01    966.36    965.79    965.32    964.92    964.61    964.37    964.23    964.15    964.17    964.27    964.45    964.71    965.07    965.49    966.01    966.61    967.29    968.06    968.93    969.88    970.95    972.15    973.55
       0.00      0.00    973.10    971.76    970.57    969.52    968.58    967.76    967.01    966.36    965.79    965.32    964.92    964.61    964.37    964.23    964.15    964.17    964.27    964.45    964.71    965.07    965.49    966.01    966.61    967.29    968.06    968.93    969.88    970.95    972.15    973.55
       0.00      0.00    972.86    971.42    970.14    969.02    968.02    967.13    966.33    965.63    965.02    964.51    964.08    963.75    963.49    963.33    963.25    963.27    963.38    963.57    963.85    964.23    964.69    965.24    965.88    966.61    967.43    968.36    969.38    970.53    971.81    973.32
       0.00      0.00    972.69    971.17    969.82    968.64    967.59    966.65    965.81    965.08    964.43    963.90    963.44    963.10    962.83    962.66    962.58    962.60    962.70    962.91    963.20    963.60    964.08    964.66    965.33    966.10    966.96    967.94    969.01    970.21    971.56    973.15
       0.00      0.00    972.49    970.88    969.47    968.22    967.10    966.12    965.23    964.46    963.78    963.21    962.73    962.37    962.08    961.90    961.82    961.84    961.95    962.17    962.47    962.89    963.39    964.01    964.71    965.52    966.43    967.46    968.59    969.86    971.28    972.95
       0.00      0.00    972.35    970.68    969.20    967.91    966.75    965.72    964.80    964.00    963.30    962.71    962.21    961.83    961.54    961.35    961.26    961.28    961.40    961.62    961.94    962.37    962.89    963.53    964.26    965.10    966.04    967.11    968.28    969.60    971.08    972.81
       0.00      0.00    972.35    970.68    969.20    967.91    966.75    965.72    964.80    964.00    963.30    962.71    962.21    961.83    961.54    961.35    961.26    961.28    961.40    961.62    961.94    962.37    962.89    963.53    964.26    965.10    966.04    967.11    968.28    969.60    971.08    972.81
       0.00      0.00    972.35    970.68    969.20    967.91    966.75    965.72    964.80    964.00    963.30    962.71    962.21    961.83    961.54    961.35    961.26    961.28    961.40    961.62    961.94    962.37    962.89    963.53    964.26    965.10    966.04    967.11    968.28    969.60    971.08    972.81
       0.00      0.00    972.35    970.68    969.20    967.91    966.75    965.72    964.80    964.00    963.30    962.71    962.21    961.83    961.54    961.35    961.26    961.28    961.40    961.62    961.94    962.37    962.89    963.53    964.26    965.10    966.04    967.11    968.28    969.60    971.08    972.81
       0.00      0.00    972.49    970.88    969.47    968.22    967.10    966.12    965.23    964.46    963.78    963.21    962.74    962.37    962.08    961.90    961.82    961.84    961.95    962.17    962.47    962.89    963.39    964.01    964.71    965.52    966.43    967.46    968.59    969.86    971.28    972.95
       0.00      0.00    972.69    971.17    969.82    968.64    967.59    966.65    965.81    965.08    964.43    963.90    963.44    963.10    962.83    962.66    962.58    962.60    962.70    962.91    963.20    963.60    964.08    964.66    965.33    966.10    966.96    967.94    969.01    970.21    971.56    973.15
       0.00      0.00    972.86    971.42    970.14    969.02    968.02    967.13    966.33    965.63    965.02    964.51    964.08    963.75    963.49    963.33    963.25    963.27    963.38    963.57    963.85    964.23    964.69    965.24    965.88    966.61    967.43    968.36    969.38    970.53    971.81    973.32
       0.00      0.00    973.10    971.76    970.57    969.52    968.58    967.76    967.01    966.36    965.79    965.32    964.92    964.61    964.37    964.23    964.15    964.17    964.27    964.45    964.71    965.07    965.49    966.01    966.61    967.29    968.06    968.93    969.88    970.95    972.15    973.55
       0.00      0.00    973.10    971.76    970.57    969.52    968.58    967.76    967.01    966.36    965.79    965.32    964.92    964.61    964.37    964.23    964.15    964.17    964.27    964.45    964.71    965.07    965.49    966.01    966.61    967.29    968.06    968.93    969.88    970.95    972.15    973.55
       0.00      0.00    972.86    971.42    970.14    969.02    968.02    967.13    966.33    965.63    965.02    964.51    964.08    963.75    963.49    963.33    963.25    963.27    963.38    963.57    963.85    964.23    964.69    965.24    965.88    966.61    967.43    968.36    969.38    970.53    971.81    973.32
       0.00      0.00    972.69    971.17    969.82    968.64    967.59    966.65    965.81    965.08    964.43    963.90    963.44    963.10    962.83    962.66    962.58    962.60    962.70    962.91    963.20    963.60    964.08    964.66    965.33    966.10    966.96    967.94    969.01    970.21    971.56    973.15
       0.00      0.00    972.49    970.88    969.47    968.22    967.10    966.12    965.23    964.46    963.78    963.21    962.74    962.37    962.08    961.90    961.82    961.84    961.95    962.17    962.47    962.89    963.39    964.01    964.71    965.52    966.43    967.46    968.59    969.86    971.28    972.95
       0.00      0.00    972.35    970.68    969.20    967.91    966.75    965.72    964.80    964.00    963.30    962.71    962.21    961.83    961.54    961.35    961.26    961.28    961.40    961.62    961.94    962.37    962.89    963.53    964.26    965.10    966.04    967.11    968.28    969.60    971.08    972.81
       0.00      0.00    972.23    970.50    968.99    967.66    966.46    965.40    964.46    963.63    962.90    962.30    961.79    961.39    961.09    960.90    960.80    960.82    960.94    961.17    961.50    961.95    962.48    963.14    963.89    964.76    965.72    966.82    968.03    969.38    970.91    972.69
       0.00      0.00    972.23    970.50    968.99    967.66    966.46    965.40    964.46    963.63    962.90    962.30    961.79    961.39    961.09    960.90    960.80    960.82    960.94    961.17    961.50    961.95    962.48    963.14    963.89    964.76    965.72    966.82    968.03    969.38    970.91    972.69
       0.00      0.00    972.23    970.50    968.99    967.66    966.46    965.40    964.46    963.63    962.90    962.30    961.79    961.39    961.09    960.90    960.80    960.82    960.94    961.17    961.50    961.95    962.48    963.14    963.89    964.76    965.72    966.82    968.03    969.38    970.91    972.69
       0.00      0.00    972.35    970.68    969.20    967.91    966.75    965.72    964.80    964.00    963.30    962.71    962.21    961.83    961.54    961.35    961.26    961.28    961.40    961.62    961.94    962.37    962.89    963.53    964.26    965.10    966.04    967.11    968.28    969.60    971.08    972.81
       0.00      0.00    972.49    970.88    969.47    968.22    967.10    966.12    965.23    964.46    963.78    963.21    962.74    962.37    962.08    961.90    961.82    961.84    961.95    962.17    962.47    962.89    963.39    964.01    964.71    965.52    966.43    967.46    968.59    969.86    971.28    972.95
       0.00      0.00    972.69    971.17    969.82    968.64    967.59    966.65    965.81    965.08    964.43    963.90    963.44    963.10    962.83    962.66    962.58    962.60    962.70    962.91    963.20    963.60    964.08    964.66    965.33    966.10    966.96    967.94    969.01    970.21    971.56    973.15
       0.00      0.00    972.86    971.42    970.14    969.02    968.02    967.13    966.33    965.63    965.02    964.51    964.08    963.75    963.49    963.33    963.25    963.27    963.38    963.57    963.85    964.23    964.69    965.24    965.88    966.61    967.43    968.36    969.38    970.53    971.81    973.32
       0.00      0.00    973.10    971.76    970.57    969.52    968.58    967.76    967.01    966.36    965.79    965.32    964.92    964.61    964.37    964.23    964.15    964.17    964.27    964.45    964.71    965.07    965.49    966.01    966.61    967.29    968.06    968.93    969.88    970.95    972.15    973.55
       0.00      0.00    973.10    971.76    970.57    969.52    968.58    967.76    967.01    966.36    965.79    965.32    964.92    964.61    964.37    964.23    964.15    964.17    964.27    964.45    964.71    965.07    965.49    966.01    966.61    967.29    968.06    968.93    969.88    970.95    972.15    973.55
       0.00      0.00    972.87    971.42    970.14    969.02    968.02    967.13    966.33    965.63    965.02    964.51    964.08    963.75    963.49    963.33    963.25    963.27    963.38    963.57    963.85    964.23    964.69    965.24    965.88    966.61    967.43    968.36    969.38    970.53    971.81    973.32
       0.00      0.00    972.69    971.17    969.82    968.64    967.58    966.65    965.81    965.08    964.43    963.90    963.44    963.10    962.83    962.66    962.58    962.60    962.70    962.91    963.20    963.60    964.08    964.66    965.33    966.10    966.96    967.94    969.01    970.21    971.56    973.15
       0.00      0.00    972.49    970.88    969.47    968.22    967.10    966.12    965.23    964.46    963.78    963.21    962.74    962.37    962.08    961.90    961.82    961.84    961.95    962.17    962.47    962.89    963.39    964.01    964.71    965.52    966.43    967.46    968.59    969.86    971.28    972.95
       0.00      0.00    972.35    970.68    969.20    967.91    966.75    965.72    964.80    964.00    963.30    962.71    962.21    961.83    961.54    961.35    961.26    961.28    961.40    961.62    961.94    962.37    962.89    963.53    964.26    965.10    966.04    967.11    968.28    969.60    971.08    972.81
       0.00      0.00    972.23    970.50    968.99    967.66    966.46    965.40    964.46    963.63    962.90    962.30    961.79    961.39    961.09    960.90    960.80    960.82    960.94    961.17    961.50    961.95    962.48    963.14    963.89    964.76    965.72    966.82    968.03    969.38    970.91    972.69
       0.00      0.00    972.16    970.40    968.86    967.50    966.29    965.21    964.25    963.41    962.67    962.05    961.53    961.13    960.82    960.63    960.53    960.55    960.67    960.91    961.24    961.69    962.24    962.90    963.67    964.55    965.54    966.65    967.88    969.26    970.81    972.62
       0.00      0.00    972.16    970.40    968.86    967.50    966.29    965.21    964.25    963.41    962.67    962.05    961.53    961.13    960.82    960.63    960.53    960.55    960.67    960.91    961.24    961.69    962.24    962.90    963.67    964.55    965.54    966.65    967.88    969.26    970.81    972.62
       0.00      0.00    972.23    970.50    968.99    967.66    966.46    965.40    964.46    963.63    962.90    962.30    961.79    961.39    961.09    960.90    960.80    960.82    960.94    961.17    961.50    961.95    962.48    963.14    963.89    964.76    965.72    966.82    968.03    969.38    970.91    972.69
       0.00      0.00    972.35    970.68    969.20    967.91    966.75    965.72    964.80    964.00    963.30    962.71    962.21    961.83    961.54    961.35    961.26    961.28    961.40    961.62    961.94    962.37    962.89    963.53    964.26    965.10    966.04    967.11    968.28    969.60    971.08    972.81
       0.00      0.00    972.49    970.88    969.47    968.22    967.10    966.12    965.23    964.46    963.78    963.21    962.74    962.37    962.08    961.90    961.82    961.84    961.95    962.17    962.47    962.89    963.39    964.01    964.71    965.52    966.43    967.46    968.59    969.86    971.28    972.95
       0.00      0.00    972.69    971.17    969.82    968.64    967.59    966.65    965.81    965.08    964.43    963.90    963.44    963.10    962.83    962.66    962.58    962.60    962.70    962.91    963.20    963.60    964.08    964.66    965.33    966.10    966.96    967.94    969.01    970.21    971.56    973.15
       0.00      0.00    972.86    971.42    970.14    969.02    968.02    967.13    966.33    965.63    965.02    964.51    964.08    963.75    963.49    963.33    963.25    963.27    963.38    963.57    963.85    964.23    964.69    965.24    965.88    966.61    967.43    968.36    969.38    970.53    971.81    973.32
       0.00      0.00    973.10    971.76    970.57    969.52    968.58    967.76    967.01    966.36    965.79    965.32    964.92    964.61    964.37    964.23    964.15    964.17    964.27    964.45    964.71    965.07    965.49    966.01    966.61    967.29    968.06    968.93    969.88    970.95    972.15    973.55
       0.00      0.00    972.86    971.42    970.14    969.02    968.02    967.13    966.33    965.63    965.02    964.51    964.08    963.75    963.49    963.33    963.25    963.27    963.38    963.57    963.85    964.23    964.69    965.24    965.88    966.61    967.43    968.36    969.38    970.53    971.81    973.32
       0.00      0.00    972.69    971.17    969.82    968.64    967.59    966.65    965.81    965.08    964.43    963.90    963.44    963.10    962.83    962.66    962.58    962.60    962.70    962.91    963.20    963.60    964.08    964.66    965.33    966.10    966.96    967.94    969.01    970.21    971.56    973.15
       0.00      0.00    972.49    970.88    969.47    968.22    967.10    966.12    965.23    964.46    963.78    963.21    962.73    962.37    962.08    961.90    961.82    961.84    961.95    962.17    962.47    962.89    963.39    964.01    964.71    965.52    966.43    967.46    968.59    969.86    971.28    972.95
       0.00      0.00    972.35    970.68    969.20    967.91    966.75    965.72    964.80    964.00    963.30    962.71    962.21    961.83    961.54    961.35    961.26    961.28    961.40    961.62    961.94    962.37    962.89    963.53    964.26    965.10    966.04    967.11    968.28    969.60    971.08    972.81
       0.00      0.00    972.23    970.50    968.99    967.66    966.46    965.40    964.46    963.63    962.90    962.30    961.79    961.39    961.09    960.90    960.80    960.82    960.94    961.17    961.50    961.95    962.48    963.14    963.89    964.76    965.72    966.82    968.03    969.38    970.91    972.69
       0.00      0.00    972.16    970.40    968.86    967.50    966.29    965.21    964.25    963.41    962.67    962.05    961.53    961.13    960.82    960.63    960.53    960.55    960.67    960.91    961.24    961.69    962.24    962.90    963.67    964.55    965.54    966.65    967.88    969.26    970.81    972.62
       0.00      0.00    972.11    970.34    968.78    967.40    966.17    965.09    964.11    963.26    962.52    961.89    961.37    960.96    960.65    960.45    960.35    960.37    960.50    960.73    961.07    961.53    962.08    962.75    963.52    964.41    965.41    966.54    967.78    969.17    970.74    972.57
       0.00      0.00    972.16    970.40    968.86    967.50    966.29    965.21    964.25    963.41    962.67    962.05    961.53    961.13    960.82    960.63    960.53    960.55    960.67    960.91    961.24    961.69    962.24    962.90    963.67    964.55    965.54    966.65    967.88    969.26    970.81    972.62
       0.00      0.00    972.23    970.50    968.99    967.66    966.46    965.40    964.46    963.63    962.90    962.30    961.79    961.39    961.09    960.90    960.80    960.82    960.94    961.17    961.50    961.95    962.48    963.14    963.89    964.76    965.72    966.82    968.03    969.38    970.91    972.69
       0.00      0.00    972.35    970.68    969.20    967.91    966.75    965.72    964.80    964.00    963.30    962.71    962.21    961.83    961.54    961.35    961.26    961.28    961.40    961.62    961.94    962.37    962.89    963.53    964.26    965.10    966.04    967.11    968.28    969.60    971.08    972.81
       0.00      0.00    972.49    970.88    969.47    968.22    967.10    966.12    965.23    964.46    963.78    963.21    962.74    962.37    962.08    961.90    961.82    961.84    961.95    962.17    962.47    962.89    963.39    964.01    964.71    965.52    966.43    967.46    968.59    969.86    971.28    972.95
       0.00      0.00    972.69    971.17    969.82    968.64    967.59    966.65    965.81    965.08    964.43    963.90    963.44    963.10    962.83    962.66    962.58    962.60    962.70    962.91    963.20    963.60    964.08    964.66    965.33    966.10    966.96    967.94    969.01    970.21    971.56    973.15
       0.00      0.00    972.86    971.42    970.14    969.02    968.02    967.13    966.33    965.63    965.02    964.51    964.08    963.75    963.49    963.33    963.25    963.27    963.38    963.57    963.85    964.23    964.69    965.24    965.88    966.61    967.43    968.36    969.38    970.53    971.81    973.32
       0.00      0.00    973.10    971.76    970.57    969.52    968.58    967.76    967.01    966.36    965.79    965.32    964.92    964.61    964.37    964.23    964.15    964.17    964.27    964.45    964.71    965.07    965.49    966.01    966.61    967.29    968.06    968.93    969.88    970.95    972.15    973.55
       0.00      0.00    972.86    971.42    970.14    969.02    968.02    967.13    966.33    965.63    965.02    964.51    964.08    963.75    963.49    963.33    963.25    963.27    963.38    963.57    963.85    964.23    964.69    965.24    965.88    966.61    967.43    968.36    969.38    970.53    971.81    973.32
       0.00      0.00    972.69    971.17    969.82    968.64    967.59    966.65    965.81    965.08    964.43    963.90    963.44    963.10    962.83    962.66    962.58    962.60    962.70    962.91    963.20    963.60    964.08    964.66    965.33    966.10    966.96    967.94    969.01    970.21    971.56    973.15
       0.00      0.00    972.49    970.88    969.47    968.22    967.10    966.12    965.23    964.46    963.78    963.21    962.74    962.37    962.08    961.90    961.82    961.84    961.95    962.17    962.47    962.89    963.39    964.01    964.71    965.52    966.43    967.46    968.59    969.86    971.28    972.95
       0.00      0.00    972.35    970.68    969.20    967.91    966.75    965.72    964.80    964.00    963.30    962.71    962.21    961.83    961.54    961.35    961.26    961.28    961.40    961.62    961.94    962.37    962.89    963.53    964.26    965.10    966.04    967.11    968.28    969.60    971.08    972.81
       0.00      0.00    972.23    970.50    968.99    967.66    966.46    965.40    964.46    963.63    962.90    962.30    961.79    961.39    961.09    960.90    960.80    960.82    960.94    961.17    961.50    961.95    962.48    963.14    963.89    964.76    965.72    966.82    968.03    969.38    970.91    972.69
       0.00      0.00    972.16    970.40    968.86    967.50    966.29    965.21    964.25    963.41    962.67    962.05    961.53    961.13    960.82    960.63    960.53    960.55    960.67    960.91    961.24    961.69    962.24    962.90    963.67    964.55    965.53    966.65    967.88    969.26    970.81    972.62
       0.00      0.00    972.16    970.40    968.86    967.50    966.29    965.21    964.25    963.41    962.67    962.05    961.53    961.13    960.82    960.63    960.53    960.55    960.67    960.91    961.24    961.69    962.24    962.90    963.67    964.55    965.54    966.65    967.88    969.26    970.81    972.62
       0.00      0.00    972.23    970.50    968.99    967.66    966.46    965.40    964.46    963.63    962.91    962.30    961.79    961.39    961.09    960.90    960.80    960.82    960.94    961.17    961.50    961.95    962.48    963.14    963.89    964.76    965.72    966.82    968.03    969.38    970.91    972.69
       0.00      0.00    972.35    970.68    969.20    967.91    966.75    965.72    964.80    964.00    963.30    962.71    962.21    961.83    961.54    961.35    961.26    961.28    961.40    961.62    961.94    962.37    962.89    963.53    964.26    965.10    966.04    967.11    968.28    969.60    971.08    972.81
       0.00      0.00    972.49    970.88    969.47    968.22    967.10    966.12    965.23    964.46    963.78    963.21    962.74    962.37    962.08    961.90    961.82    961.84    961.95    962.17    962.47    962.89    963.39    964.01    964.71    965.52    966.43    967.46    968.59    969.86    971.28    972.95
       0.00      0.00    972.69    971.17    969.82    968.64    967.59    966.65    965.81    965.08    964.43    963.90    963.44    963.10    962.83    962.66    962.58    962.60    962.70    962.91    963.20    963.60    964.08    964.66    965.33    966.10    966.96    967.94    969.01    970.21    971.56    973.15
       0.00      0.00    972.86    971.42    970.14    969.02    968.02    967.13    966.33    965.63    965.02    964.51    964.08    963.75    963.49    963.33    963.25    963.27    963.38    963.57    963.85    964.23    964.69    965.24    965.88    966.61    967.43    968.36    969.38    970.53    971.81    973.32
       0.00      0.00    973.10    971.76    970.57    969.52    968.58    967.76    967.01    966.36    965.79    965.32    964.92    964.61    964.37    964.23    964.15    964.17    964.27    964.45    964.71    965.07    965.49    966.01    966.61    967.29    968.06    968.93    969.88    970.95    972.15    973.55
       0.00      0.00    973.10    971.76    970.57    969.52    968.58    967.76    967.01    966.36    965.79    965.32    964.92    964.61    964.37    964.23    964.15    964.17    964.27    964.45    964.71    965.07    965.49    966.01    966.61    967.29    968.06    968.93    969.88    970.95    972.15    973.55
       0.00      0.00    972.86    971.42    970.14    969.02    968.02    967.13    966.33    965.63    965.02    964.51    964.08    963.75    963.49    963.33    963.25    963.27    963.38    963.57    963.85    964.23    964.69    965.24    965.88    966.61    967.43    968.36    969.38    970.53    971.81    973.32
       0.00      0.00    972.69    971.17    969.82    968.64    967.59    966.65    965.81    965.08    964.43    963.90    963.44    963.10    962.83    962.66    962.58    962.60    962.70    962.91    963.20    963.60    964.08    964.66    965.33    966.10    966.96    967.94    969.01    970.21    971.56    973.15
       0.00      0.00    972.49    970.88    969.47    968.22    967.10    966.12    965.23    964.46    963.78    963.21    962.74    962.37    962.08    961.90    961.82    961.84    961.95    962.17    962.47    962.89    963.39    964.01    964.71    965.52    966.43    967.46    968.59    969.86    971.28    972.95
       0.00      0.00    972.35    970.68    969.20    967.91    966.75    965.72    964.80    964.00    963.30    962.71    962.21    961.83    961.54    961.35    961.26    961.28    961.40    961.62    961.94    962.37    962.89    963.53    964.26    965.10    966.04    967.11    968.28    969.60    971.08    972.81
       0.00      0.00    972.23    970.50    968.99    967.66    966.46    965.40    964.46    963.63    962.90    962.30    961.79    961.39    961.09    960.90    960.80    960.83    960.94    961.17    961.50    961.95    962.48    963.14    963.89    964.76    965.72    966.82    968.03    969.38    970.91    972.69
       0.00      0.00    972.23    970.50    968.99    967.66    966.46    965.40    964.46    963.63    962.90    962.30    961.79    961.39    961.09    960.90    960.80    960.82    960.94    961.17    961.50    961.95    962.48    963.14    963.89    964.76    965.72    966.82    968.03    969.38    970.91    972.69
       0.00      0.00    972.23    970.50    968.99    967.66    966.46    965.40    964.46    963.63    962.90    962.30    961.79    961.39    961.09    960.90    960.80    960.82    960.94    961.17    961.50    961.95    962.48    963.14    963.89    964.76    965.72    966.82    968.03    969.38    970.91    972.69
       0.00      0.00    972.35    970.68    969.20    967.91    966.75    965.72    964.80    964.00    963.30    962.71    962.21    961.83    961.54    961.35    961.26    961.28    961.40    961.62    961.94    962.37    962.89    963.53    964.26    965.10    966.04    967.11    968.28    969.60    971.08    972.81
       0.00      0.00    972.49    970.88    969.47    968.22    967.10    966.12    965.23    964.46    963.78    963.21    962.74    962.37    962.08    961.90    961.82    961.84    961.95    962.17    962.47    962.89    963.39    964.01    964.71    965.52    966.43    967.46    968.59    969.86    971.28    972.95
       0.00      0.00    972.69    971.17    969.82    968.64    967.58    966.65    965.81    965.08    964.43    963.90    963.44    963.10    962.83    962.66    962.58    962.60    962.70    962.91    963.20    963.60    964.08    964.66    965.33    966.10    966.96    967.94    969.01    970.21    971.56    973.15
       0.00      0.00    972.86    971.42    970.14    969.02    968.02    967.13    966.33    965.63    965.02    964.51    964.08    963.75    963.49    963.33    963.25    963.27    963.38    963.57    963.85    964.23    964.69    965.24    965.88    966.61    967.43    968.36    969.38    970.53    971.81    973.32
       0.00      0.00    973.10    971.76    970.57    969.52    968.58    967.76    967.01    966.36    965.79    965.32    964.92    964.61    964.37    964.23    964.15    964.17    964.27    964.45    964.71    965.07    965.49    966.01    966.61    967.29    968.06    968.93    969.88    970.95    972.15    973.55
       0.00      0.00    973.10    971.76    970.57    969.52    968.58    967.76    967.01    966.36    965.79    965.32    964.92    964.61    964.37    964.23    964.15    964.17    964.27    964.45    964.71    965.07    965.49    966.01    966.61    967.29    968.06    968.93    969.88    970.95    972.15    973.55
       0.00      0.00    972.86    971.42    970.14    969.02    968.02    967.13    966.33    965.63    965.02    964.51    964.08    963.75    963.49    963.33    963.25    963.27    963.38    963.57    963.85    964.23    964.69    965.24    965.88    966.61    967.43    968.36    969.38    970.53    971.81    973.32
       0.00      0.00    972.69    971.17    969.82    968.64    967.58    966.65    965.81    965.08    964.43    963.90    963.44    963.10    962.83    962.66    962.58    962.60    962.70    962.91    963.20    963.60    964.08    964.66    965.33    966.10    966.96    967.94    969.01    970.21    971.56    973.15
       0.00      0.00    972.49    970.88    969.47    968.22    967.10    966.12    965.23    964.46    963.78    963.21    962.73    962.37    962.08    961.90    961.82    961.84    961.95    962.17    962.47    962.89    963.39    964.01    964.71    965.52    966.43    967.46    968.59    969.86    971.28    972.95
       0.00      0.00    972.35    970.68    969.20    967.91    966.75    965.72    964.80    964.00    963.30    962.71    962.21    961.83    961.54    961.35    961.26    961.28    961.40    961.62    961.94    962.37    962.89    963.53    964.26    965.10    966.04    967.11    968.28    969.60    971.08    972.81
       0.00      0.00    972.35    970.68    969.20    967.91    966.75    965.72    964.80    964.00    963.30    962.71    962.21    961.83    961.54    961.35    961.26    961.28    961.40    961.62    961.94    962.37    962.89    963.53    964.26    965.10    966.04    967.11    968.28    969.60    971.08    972.81
       0.00      0.00    972.35    970.68    969.20    967.91    966.75    965.72    964.80    964.00    963.30    962.71    962.21    961.83    961.54    961.35    961.26    961.28    961.40    961.62    961.94    962.37    962.89    963.53    964.26    965.10    966.04    967.11    968.28    969.60    971.08    972.81
       0.00      0.00    972.35    970.68    969.20    967.91    966.75    965.72    964.80    964.00    963.30    962.71    962.21    961.83    961.54    961.35    961.26    961.28    961.40    961.62    961.94    962.37    962.89    963.53    964.26    965.10    966.04    967.11    968.28    969.60    971.08    972.81
       0.00      0.00    972.49    970.88    969.47    968.22    967.10    966.12    965.23    964.46    963.78    963.21    962.74    962.37    962.08    961.90    961.82    961.84    961.95    962.17    962.47    962.89    963.39    964.01    964.71    965.52    966.43    967.46    968.59    969.86    971.28    972.95
       0.00      0.00    972.69    971.17    969.82    968.64    967.59    966.65    965.81    965.08    964.43    963.90    963.44    963.10    962.83    962.66    962.58    962.60    962.70    962.91    963.20    963.60    964.08    964.66    965.33    966.10    966.96    967.94    969.01    970.21    971.56    973.15
       0.00      0.00    972.86    971.42    970.14    969.02    968.02    967.13    966.33    965.63    965.02    964.51    964.08    963.75    963.49    963.33    963.25    963.27    963.38    963.57    963.85    964.23    964.69    965.24    965.88    966.61    967.43    968.36    969.38    970.53    971.81    973.32
       0.00      0.00    973.10    971.76    970.57    969.52    968.58    967.76    967.01    966.36    965.79    965.32    964.92    964.61    964.37    964.23    964.15    964.17    964.27    964.45    964.71    965.07    965.49    966.01    966.61    967.29    968.06    968.93    969.88    970.95    972.15    973.55
       0.00      0.00    973.10    971.76    970.57    969.52    968.58    967.76    967.01    966.36    965.79    965.32    964.92    964.61    964.37    964.23    964.15    964.17    964.27    964.45    964.71    965.07    965.49    966.01    966.61    967.29    968.06    968.93    969.88    970.95    972.15    973.55
       0.00      0.00    972.86    971.42    970.14    969.02    968.02    967.13    966.33    965.63    965.02    964.51    964.08    963.75    963.49    963.33    963.25    963.27    963.38    963.57    963.85    964.23    964.69    965.24    965.88    966.61    967.43    968.36    969.38    970.53    971.81    973.32
       0.00      0.00    972.69    971.17    969.82    968.64    967.59    966.65    965.81    965.08    964.43    963.90    963.44    963.10    962.83    962.66    962.58    962.60    962.70    962.91    963.20    963.60    964.08    964.66    965.33    966.10    966.96    967.94    969.01    970.21    971.56    973.15
       0.00      0.00    972.49    970.88    969.47    968.22    967.10    966.12    965.23    964.46    963.78    963.21    962.74    962.37    962.08    961.90    961.82    961.84    961.95    962.17    962.47    962.89    963.39    964.01    964.71    965.52    966.43    967.46    968.59    969.86    971.28    972.95
       0.00      0.00    972.49    970.88    969.47    968.22    967.10    966.12    965.23    964.46    963.78    963.21    962.73    962.37    962.08    961.90    961.82    961.84    961.95    962.17    962.47    962.89    963.39    964.01    964.71    965.52    966.43    967.46    968.59    969.86    971.28    972.95
       0.00      0.00    972.49    970.88    969.47    968.22    967.10    966.12    965.23    964.46    963.78    963.21    962.74    962.37    962.08    961.90    961.82    961.84    961.95    962.17    962.47    962.89    963.39    964.01    964.71    965.52    966.43    967.46    968.59    969.86    971.28    972.95
       0.00      0.00    972.49    970.88    969.47    968.22    967.10    966.12    965.23    964.46    963.78    963.21    962.74    962.37    962.08    961.90    961.82    961.84    961.95    962.17    962.47    962.89    963.39    964.01    964.71    965.52    966.43    967.46    968.59    969.86    971.28    972.95
       0.00      0.00    972.49    970.88    969.47    968.22    967.10    966.12    965.23    964.46    963.78    963.21    962.73    962.37    962.08    961.90    961.82    961.84    961.95    962.17    962.47    962.89    963.39    964.01    964.71    965.52    966.43    967.46    968.59    969.86    971.28    972.95
       0.00      0.00    972.69    971.17    969.82    968.64    967.59    966.65    965.81    965.08    964.43    963.90    963.44    963.10    962.83    962.66    962.58    962.60    962.70    962.91    963.20    963.60    964.08    964.66    965.33    966.10    966.96    967.94    969.01    970.21    971.56    973.15
       0.00      0.00    972.86    971.42    970.14    969.02    968.02    967.13    966.33    965.63    965.02    964.51    964.08    963.75    963.49    963.33    963.25    963.27    963.37    963.57    963.85    964.23    964.69    965.24    965.88    966.61    967.43    968.36    969.38    970.53    971.81    973.32
       0.00      0.00    973.10    971.76    970.57    969.52    968.58    967.76    967.01    966.36    965.79    965.32    964.92    964.61    964.37    964.23    964.15    964.17    964.27    964.45    964.71    965.07    965.49    966.01    966.61    967.29    968.06    968.93    969.88    970.95    972.15    973.55
       0.00      0.00    973.10    971.76    970.57    969.52    968.58    967.76    967.01    966.36    965.79    965.32    964.92    964.61    964.37    964.23    964.15    964.17    964.27    964.45    964.71    965.07    965.49    966.01    966.61    967.29    968.06    968.93    969.88    970.95    972.15    973.55
       0.00      0.00    972.86    971.42    970.14    969.02    968.02    967.13    966.33    965.63    965.02    964.51    964.08    963.75    963.49    963.33    963.25    963.27    963.38    963.57    963.85    964.23    964.69    965.24    965.88    966.61    967.43    968.36    969.38    970.53    971.81    973.32
       0.00      0.00    972.69    971.17    969.82    968.64    967.59    966.65    965.81    965.08    964.43    963.90    963.44    963.10    962.83    962.66    962.58    962.60    962.70    962.91    963.20    963.60    964.08    964.66    965.33    966.10    966.96    967.94    969.01    970.21    971.56    973.15
       0.00      0.00    972.69    971.17    969.82    968.64    967.59    966.65    965.81    965.08    964.43    963.90    963.44    963.10    962.83    962.66    962.58    962.60    962.70    962.91    963.20    963.60    964.08    964.66    965.33    966.10    966.96    967.94    969.01    970.21    971.56    973.15
       0.00      0.00    972.69    971.17    969.82    968.64    967.58    966.65    965.81    965.08    964.43    963.90    963.44    963.10    962.83    962.66    962.58    962.60    962.70    962.91    963.20    963.60    964.08    964.66    965.33    966.10    966.96    967.94    969.01    970.21    971.56    973.15
       0.00      0.00    972.69    971.17    969.82    968.64    967.59    966.65    965.81    965.08    964.43    963.90    963.44    963.10    962.83    962.66    962.58    962.60    962.70    962.91    963.20    963.60    964.08    964.66    965.33    966.10    966.96    967.94    969.01    970.21    971.56    973.15
       0.00      0.00    972.69    971.17    969.82    968.64    967.58    966.65    965.81    965.08    964.43    963.90    963.44    963.10    962.83    962.66    962.58    962.60    962.70    962.91    963.20    963.60    964.08    964.66    965.33    966.10    966.96    967.94    969.01    970.21    971.56    973.15
       0.00      0.00    972.69    971.17    969.82    968.64    967.59    966.65    965.81    965.08    964.43    963.90    963.44    963.10    962.83    962.66    962.58    962.60    962.70    962.91    963.20    963.60    964.08    964.66    965.33    966.10    966.96    967.94    969.01    970.21    971.56    973.15
       0.00      0.00    972.86    971.42    970.14    969.02    968.02    967.13    966.33    965.63    965.02    964.51    964.08    963.75    963.49    963.33    963.25    963.27    963.38    963.57    963.85    964.23    964.69    965.24    965.88    966.61    967.43    968.36    969.38    970.53    971.81    973.32
       0.00      0.00    973.10    971.76    970.57    969.52    968.58    967.76    967.01    966.36    965.79    965.32    964.92    964.61    964.37    964.23    964.15    964.17    964.27    964.45    964.71    965.07    965.49    966.01    966.61    967.29    968.06    968.93    969.88    970.95    972.15    973.55
       0.00      0.00    973.10    971.76    970.57    969.52    968.58    967.76    967.01    966.36    965.79    965.32    964.92    964.61    964.37    964.23    964.15    964.17    964.27    964.45    964.71    965.07    965.49    966.01    966.61    967.29    968.06    968.93    969.88    970.95    972.15    973.55
       0.00      0.00    972.86    971.42    970.14    969.02    968.02    967.13    966.33    965.63    965.02    964.51    964.08    963.75    963.49    963.33    963.25    963.27    963.38    963.57    963.85    964.23    964.69    965.24    965.88    966.61    967.43    968.36    969.38    970.53    971.81    973.32
       0.00      0.00    972.86    971.42    970.14    969.02    968.02    967.13    966.33    965.63    965.02    964.51    964.08    963.75    963.49    963.33    963.25    963.27    963.38    963.57    963.85    964.23    964.69    965.24    965.88    966.61    967.43    968.36    969.38    970.53    971.82    973.32
       0.00      0.00    972.86    971.42    970.14    969.02    968.02    967.13    966.33    965.63    965.02    964.51    964.08    963.75    963.49    963.33    963.25    963.27    963.38    963.57    963.85    964.23    964.69    965.24    965.88    966.61    967.43    968.36    969.38    970.53    971.81    973.32
       0.00      0.00    972.86    971.42    970.14    969.02    968.02    967.13    966.33    965.63    965.02    964.51    964.08    963.75    963.49    963.33    963.25    963.27    963.38    963.57    963.85    964.23    964.69    965.24    965.88    966.61    967.43    968.36    969.38    970.53    971.81    973.32
       0.00      0.00    972.86    971.42    970.14    969.02    968.02    967.13    966.33    965.63    965.02    964.51    964.08    963.75    963.49    963.33    963.25    963.27    963.38    963.57    963.85    964.23    964.69    965.24    965.88    966.61    967.43    968.36    969.38    970.53    971.81    973.32
       0.00      0.00    972.86    971.42    970.14    969.02    968.02    967.13    966.33    965.63    965.02    964.51    964.08    963.75    963.49    963.33    963.25    963.27    963.38    963.57    963.85    964.23    964.69    965.24    965.88    966.61    967.43    968.36    969.38    970.53    971.81    973.32
       0.00      0.00    972.86    971.42    970.14    969.02    968.02    967.13    966.33    965.63    965.02    964.51    964.08    963.75    963.49    963.33    963.25    963.27    963.38    963.57    963.85    964.23    964.69    965.24    965.88    966.61    967.43    968.36    969.38    970.53    971.82    973.32
       0.00      0.00    973.10    971.76    970.57    969.52    968.58    967.76    967.01    966.36    965.79    965.32    964.92    964.61    964.37    964.23    964.15    964.17    964.27    964.45    964.71    965.07    965.49    966.01    966.61    967.29    968.06    968.93    969.88    970.95    972.15    973.55
       0.00      0.00    973.10    971.76    970.57    969.52    968.58    967.76    967.01    966.36    965.79    965.32    964.92    964.61    964.37    964.23    964.15    964.17    964.27    964.45    964.71    965.07    965.49    966.01    966.61    967.29    968.06    968.93    969.88    970.95    972.15    973.55
       0.00      0.00    973.10    971.76    970.57    969.52    968.58    967.76    967.01    966.36    965.79    965.32    964.92    964.61    964.37    964.23    964.15    964.17    964.27    964.45    964.71    965.07    965.49    966.01    966.61    967.29    968.06    968.93    969.88    970.95    972.15    973.55
       0.00      0.00    973.10    971.76    970.57    969.52    968.58    967.76    967.01    966.36    965.79    965.32    964.92    964.61    964.37    964.23    964.15    964.17    964.27    964.45    964.71    965.07    965.49    966.01    966.61    967.29    968.06    968.93    969.88    970.95    972.15    973.55
       0.00      0.00    973.10    971.76    970.57    969.52    968.58    967.76    967.01    966.36    965.79    965.32    964.92    964.61    964.37    964.23    964.15    964.17    964.27    964.45    964.71    965.07    965.49    966.01    966.61    967.29    968.06    968.93    969.88    970.95    972.15    973.55
       0.00      0.00    973.10    971.76    970.57    969.52    968.58    967.76    967.01    966.36    965.79    965.32    964.92    964.61    964.37    964.23    964.15    964.17    964.27    964.45    964.71    965.07    965.49    966.01    966.61    967.29    968.06    968.93    969.88    970.95    972.15    973.55
       0.00      0.00    973.10    971.76    970.57    969.52    968.58    967.76    967.01    966.36    965.79    965.32    964.92    964.61    964.37    964.23    964.15    964.17    964.27    964.45    964.71    965.07    965.49    966.01    966.61    967.29    968.06    968.93    969.88    970.95    972.15    973.55
