    -0.6025    1.4610  299.7217  302.3765  305.0756  307.7473  310.4264  313.0959  315.7358  318.3258  320.8477  323.2839  325.6185  327.8368  329.9261  331.8756  333.6544  335.1471  336.4428  337.5738  338.5399  339.3400  339.9755  340.4481  340.7615  340.9195  340.9281  340.7925  340.5202  340.1195  339.5831  338.9899
    -0.3615    1.4610  299.7224  302.3773  305.0765  307.7484  310.4276  313.0974  315.7374  318.3275  320.8495  323.2856  325.6200  327.8378  329.9266  331.8752  333.6531  335.1452  336.4399  337.5698  338.5347  339.3337  339.9680  340.4394  340.7517  340.9085  340.9159  340.7791  340.5057  340.1037  339.5668  338.9747
    -0.1205    1.4610  299.7233  302.3784  305.0777  307.7495  310.4287  313.0983  315.7381  318.3280  320.8498  323.2856  325.6198  327.8375  329.9263  331.8751  333.6533  335.1457  336.4411  337.5720  338.5380  339.3382  339.9739  340.4468  340.7606  340.9193  340.9285  340.7936  340.5221  340.1219  339.5856  338.9914
     0.1205    1.4610  299.7231  302.3782  305.0776  307.7495  310.4289  313.0986  315.7385  318.3285  320.8503  323.2862  325.6202  327.8377  329.9261  331.8744  333.6520  335.1441  336.4386  337.5684  338.5333  339.3324  339.9671  340.4390  340.7520  340.9099  340.9185  340.7832  340.5114  340.1114  339.5761  338.9850
     0.3615    1.4610  299.7212  302.3760  305.0751  307.7468  310.4258  313.0954  315.7353  318.3254  320.8475  323.2837  325.6183  327.8366  329.9258  331.8750  333.6535  335.1455  336.4409  337.5714  338.5368  339.3363  339.9712  340.4431  340.7560  340.9136  340.9217  340.7857  340.5131  340.1117  339.5747  338.9811
     0.6025    1.4610  299.7218  302.3766  305.0757  307.7475  310.4266  313.0962  315.7361  318.3262  320.8481  323.2842  325.6186  327.8366  329.9257  331.8748  333.6533  335.1458  336.4412  337.5720  338.5378  339.3377  339.9730  340.4455  340.7589  340.9170  340.9256  340.7901  340.5178  340.1169  339.5804  338.9871
    -0.9640    1.2523  299.7209  302.3755  305.0746  307.7462  310.4253  313.0949  315.7348  318.3250  320.8472  323.2837  325.6186  327.8372  329.9270  331.8768  333.6560  335.1488  336.4449  337.5763  338.5427  339.3432  339.9790  340.4518  340.7656  340.9240  340.9330  340.7978  340.5259  340.1253  339.5886  338.9937
    -0.7230    1.2523  300.0016  302.8648  305.7725  308.6556  311.5466  314.4247  317.2673  320.0521  322.7584  325.3670  327.8601  330.2220  332.4392  334.4893  336.2918  337.8202  339.1648  340.3270  341.3059  342.1012  342.7146  343.1486  343.4077  343.4963  343.4211  343.1884  342.7962  342.2129  341.4181  340.5995
    -0.4820    1.2523  300.0024  302.8658  305.7738  308.6572  311.5486  314.4274  317.2709  320.0568  322.7649  325.3755  327.8713  330.2363  332.4574  334.5112  336.3152  337.8480  339.1980  340.3663  341.3517  342.1538  342.7743  343.2155  343.4818  343.5775  343.5088  343.2825  342.8913  342.2994  341.5070  340.6886
    -0.2410    1.2523  300.0040  302.8677  305.7759  308.6596  311.5513  314.4303  317.2740  320.0600  322.7680  325.3784  327.8740  330.2386  332.4590  334.5122  336.3158  337.8479  339.1972  340.3648  341.3496  342.1511  342.7712  343.2121  343.4781  343.5737  343.5051  343.2791  342.8882  342.2971  341.5055  340.6887
     0.0000    1.2523  300.0040  302.8677  305.7759  308.6596  311.5513  314.4303  317.2740  320.0601  322.7682  325.3788  327.8745  330.2392  332.4598  334.5131  336.3167  337.8489  339.1982  340.3660  341.3509  342.1525  342.7725  343.2132  343.4790  343.5742  343.5052  343.2788  342.8878  342.2969  341.5056  340.6896
     0.2410    1.2523  300.0025  302.8659  305.7738  308.6572  311.5486  314.4274  317.2711  320.0572  322.7656  325.3766  327.8730  330.2386  332.4603  334.5148  336.3188  337.8524  339.2033  340.3726  341.3590  342.1620  342.7833  343.2248  343.4911  343.5862  343.5165  343.2886  342.8953  342.3007  341.5062  340.6854
     0.4820    1.2523  300.0023  302.8657  305.7737  308.6570  311.5485  314.4272  317.2707  320.0565  322.7644  325.3749  327.8706  330.2355  332.4563  334.5100  336.3142  337.8467  339.1961  340.3638  341.3484  342.1495  342.7689  343.2088  343.4737  343.5681  343.4982  343.2709  342.8797  342.2898  341.4984  340.6832
     0.7230    1.2523  300.0005  302.8634  305.7709  308.6536  311.5443  314.4222  317.2646  320.0493  322.7559  325.3649  327.8588  330.2218  332.4405  334.4922  336.2958  337.8264  339.1735  340.3385  341.3204  342.1187  342.7352  343.1721  343.4339  343.5249  343.4516  343.2204  342.8279  342.2404  341.4446  340.6227
     0.9640    1.2523  299.7229  302.3779  305.0773  307.7491  310.4284  313.0980  315.7378  318.3277  320.8493  323.2850  325.6189  327.8362  329.9245  331.8728  333.6505  335.1429  336.4377  337.5678  338.5331  339.3328  339.9681  340.4407  340.7546  340.9134  340.9230  340.7887  340.5180  340.1190  339.5841  338.9922
    -1.0845    1.0436  299.7221  302.3771  305.0764  307.7482  310.4275  313.0973  315.7373  318.3274  320.8494  323.2854  325.6197  327.8374  329.9260  331.8745  333.6523  335.1445  336.4392  337.5693  338.5343  339.3336  339.9684  340.4403  340.7534  340.9112  340.9197  340.7843  340.5122  340.1116  339.5756  338.9833
    -0.8435    1.0436  300.0013  302.8645  305.7723  308.6555  311.5469  314.4258  317.2695  320.0557  322.7642  325.3755  327.8722  330.2383  332.4606  334.5157  336.3204  337.8547  339.2063  340.3762  341.3631  342.1666  342.7882  343.2301  343.4965  343.5919  343.5223  343.2947  342.9014  342.3064  341.5121  340.6919
    -0.6025    1.0436  300.2211  303.2469  306.3175  309.3660  312.4231  315.4654  318.4683  321.4078  324.2619  327.0098  329.6328  332.1141  334.4398  336.5715  338.3791  339.9679  341.3631  342.5629  343.5666  344.3737  344.9866  345.4082  345.6437  345.6978  345.5796  345.2583  344.6694  343.9134  342.9989  342.0629
    -0.3615    1.0436  300.2226  303.2488  306.3199  309.3690  312.4271  315.4707  318.4754  321.4175  324.2750  327.0273  329.6556  332.1430  334.4756  336.6134  338.4227  340.0190  341.4228  342.6319  343.6449  344.4616  345.0841  345.5149  345.7589  345.8208  345.7087  345.3866  344.7839  344.0264  343.1145  342.1827
    -0.1205    1.0436  300.2250  303.2519  306.3236  309.3732  312.4317  315.4758  318.4808  321.4228  324.2800  327.0316  329.6589  332.1448  334.4755  336.6113  338.4196  340.0136  341.4152  342.6222  343.6335  344.4487  345.0701  345.5003  345.7443  345.8066  345.6954  345.3751  344.7758  344.0210  343.1121  342.1845
     0.1205    1.0436  300.2240  303.2506  306.3220  309.3714  312.4298  315.4737  318.4788  321.4210  324.2787  327.0311  329.6595  332.1470  334.4796  336.6173  338.4271  340.0239  341.4286  342.6389  343.6536  344.4725  345.0974  345.5311  345.7783  345.8436  345.7340  345.4133  344.8106  344.0544  343.1445  342.2143
     0.3615    1.0436  300.2239  303.2505  306.3220  309.3714  312.4298  315.4735  318.4782  321.4199  324.2767  327.0278  329.6546  332.1401  334.4703  336.6059  338.4143  340.0079  341.4090  342.6155  343.6263  344.4413  345.0627  345.4932  345.7381  345.8020  345.6930  345.3753  344.7789  344.0263  343.1193  342.1922
     0.6025    1.0436  300.2210  303.2468  306.3173  309.3656  312.4224  315.4644  318.4669  321.4061  324.2599  327.0077  329.6307  332.1121  334.4383  336.5705  338.3784  339.9682  341.3646  342.5659  343.5709  344.3795  344.9939  345.4167  345.6530  345.7072  345.5886  345.2660  344.6741  343.9156  342.9984  342.0594
     0.8435    1.0436  300.0022  302.8655  305.7734  308.6567  311.5480  314.4266  317.2700  320.0559  322.7639  325.3745  327.8704  330.2355  332.4567  334.5107  336.3147  337.8476  339.1977  340.3660  341.3514  342.1534  342.7738  343.2146  343.4805  343.5755  343.5060  343.2787  342.8867  342.2942  341.5007  340.6818
     1.0845    1.0436  299.7228  302.3778  305.0771  307.7490  310.4283  313.0981  315.7380  318.3280  320.8499  323.2859  325.6201  327.8378  329.9264  331.8749  333.6526  335.1447  336.4392  337.5689  338.5336  339.3323  339.9663  340.4375  340.7495  340.9063  340.9138  340.7772  340.5042  340.1030  339.5670  338.9762
    -1.2050    0.8348  299.7224  302.3774  305.0767  307.7486  310.4279  313.0977  315.7378  318.3279  320.8499  323.2860  325.6204  327.8382  329.9270  331.8756  333.6535  335.1457  336.4406  337.5707  338.5358  339.3351  339.9697  340.4414  340.7539  340.9110  340.9184  340.7816  340.5080  340.1059  339.5688  338.9766
    -0.9640    0.8348  300.0030  302.8665  305.7746  308.6581  311.5497  314.4287  317.2724  320.0585  322.7668  325.3776  327.8735  330.2387  332.4597  334.5135  336.3174  337.8502  339.2003  340.3688  341.3545  342.1570  342.7779  343.2194  343.4860  343.5820  343.5135  343.2874  342.8962  342.3035  341.5108  340.6922
    -0.7230    0.8348  300.2224  303.2487  306.3199  309.3691  312.4273  315.4712  318.4762  321.4185  324.2763  327.0288  329.6574  332.1450  334.4777  336.6155  338.4251  340.0212  341.4248  342.6334  343.6461  344.4622  345.0841  345.5144  345.7580  345.8194  345.7070  345.3847  344.7818  344.0237  343.1110  342.1778
    -0.4820    0.8348  300.4745  303.6867  306.9436  310.1811  313.4278  316.6569  319.8418  322.9566  325.9778  328.8830  331.6523  334.2682  336.7057  338.8822  340.7478  342.4051  343.8554  345.0955  346.1241  346.9411  347.5494  347.9524  348.1581  348.1596  347.9035  347.3663  346.6410  345.7659  344.7451  343.6975
    -0.2410    0.8348  300.4784  303.6918  306.9498  310.1888  313.4372  316.6683  319.8555  322.9729  325.9968  328.9051  331.6776  334.2966  336.7370  338.9142  340.7820  342.4425  343.8967  345.1412  346.1747  346.9972  347.6115  348.0210  348.2337  348.2392  347.9811  347.4495  346.7298  345.8639  344.8529  343.8159
     0.0000    0.8348  300.4778  303.6909  306.9487  310.1874  313.4355  316.6663  319.8534  322.9708  325.9951  328.9039  331.6773  334.2976  336.7393  338.9168  340.7865  342.4492  343.9059  345.1530  346.1892  347.0143  347.6311  348.0427  348.2567  348.2621  348.0005  347.4678  346.7458  345.8778  344.8646  343.8262
     0.2410    0.8348  300.4782  303.6916  306.9496  310.1886  313.4370  316.6680  319.8552  322.9725  325.9963  328.9043  331.6766  334.2954  336.7354  338.9125  340.7799  342.4398  343.8935  345.1373  346.1701  346.9917  347.6051  348.0136  348.2252  348.2298  347.9714  347.4382  346.7171  345.8494  344.8371  343.7999
     0.4820    0.8348  300.4732  303.6852  306.9417  310.1790  313.4253  316.6541  319.8389  322.9537  325.9751  328.8806  331.6505  334.2670  336.7052  338.8819  340.7481  342.4059  343.8566  345.0967  346.1249  346.9412  347.5482  347.9497  348.1533  348.1528  347.8950  347.3554  346.6284  345.7515  344.7295  343.6812
     0.7230    0.8348  300.2239  303.2506  306.3220  309.3715  312.4299  315.4738  318.4786  321.4205  324.2777  327.0293  329.6568  332.1431  334.4744  336.6109  338.4204  340.0155  341.4180  342.6260  343.6382  344.4544  345.0767  345.5078  345.7526  345.8157  345.7048  345.3841  344.7842  344.0287  343.1191  342.1902
     0.9640    0.8348  300.0023  302.8656  305.7736  308.6569  311.5483  314.4271  317.2706  320.0567  322.7650  325.3761  327.8724  330.2381  332.4599  334.5146  336.3189  337.8528  339.2041  340.3739  341.3610  342.1648  342.7871  343.2301  343.4982  343.5956  343.5286  343.3041  342.9134  342.3197  341.5281  340.7101
     1.2050    0.8348  299.7219  302.3768  305.0760  307.7478  310.4270  313.0968  315.7368  318.3271  320.8493  323.2858  325.6207  327.8392  329.9288  331.8785  333.6575  335.1500  336.4460  337.5774  338.5438  339.3442  339.9799  340.4526  340.7660  340.9238  340.9319  340.7955  340.5221  340.1198  339.5816  338.9862
    -1.3255    0.6261  299.7220  302.3769  305.0762  307.7480  310.4273  313.0971  315.7372  318.3276  320.8498  323.2864  325.6213  327.8399  329.9297  331.8795  333.6587  335.1517  336.4480  337.5797  338.5465  339.3474  339.9837  340.4570  340.7711  340.9298  340.9389  340.8037  340.5317  340.1312  339.5944  338.9995
    -1.0845    0.6261  300.0028  302.8664  305.7745  308.6580  311.5497  314.4288  317.2727  320.0591  322.7677  325.3790  327.8756  330.2415  332.4633  334.5178  336.3220  337.8555  339.2060  340.3748  341.3604  342.1625  342.7827  343.2233  343.4888  343.5837  343.5143  343.2875  342.8958  342.3032  341.5106  340.6920
    -0.8435    0.6261  300.2233  303.2498  306.3212  309.3705  312.4290  315.4730  318.4782  321.4207  324.2786  327.0311  329.6597  332.1472  334.4798  336.6175  338.4272  340.0235  341.4275  342.6369  343.6506  344.4681  345.0918  345.5241  345.7700  345.8344  345.7246  345.4044  344.8035  344.0486  343.1404  342.2132
    -0.6025    0.6261  300.4768  303.6898  306.9475  310.1862  313.4343  316.6652  319.8523  322.9698  325.9941  328.9029  331.6763  334.2965  336.7381  338.9157  340.7850  342.4470  343.9028  345.1488  346.1836  347.0071  347.6220  348.0318  348.2441  348.2485  347.9874  347.4535  346.7307  345.8613  344.8468  343.8066
    -0.3615    0.6261  300.6676  304.0205  307.4172  310.7985  314.1885  317.5589  320.8815  324.1291  327.2766  330.3007  333.1806  335.8980  338.4158  340.6115  342.5377  344.2473  345.7393  347.0089  348.0537  348.7694  349.0290  349.1346  349.1862  349.1719  349.0773  348.8117  348.1368  347.2020  346.1124  344.9921
    -0.1205    0.6261  300.6683  304.0215  307.4186  310.8003  314.1910  317.5625  320.8868  324.1366  327.2871  330.3147  333.1987  335.9208  338.4429  340.6397  342.5703  344.2854  345.7831  347.0589  348.1096  348.8061  349.0511  349.1535  349.2046  349.1901  349.1021  348.8593  348.2206  347.2919  346.2070  345.0910
     0.1205    0.6261  300.6682  304.0214  307.4184  310.8002  314.1909  317.5625  320.8868  324.1366  327.2871  330.3148  333.1989  335.9211  338.4435  340.6405  342.5715  344.2872  345.7856  347.0622  348.1137  348.8088  349.0531  349.1555  349.2064  349.1918  349.1039  348.8619  348.2238  347.2940  346.2082  345.0919
     0.3615    0.6261  300.6662  304.0188  307.4152  310.7961  314.1858  317.5560  320.8785  324.1261  327.2740  330.2986  333.1792  335.8975  338.4164  340.6128  342.5402  344.2513  345.7447  347.0159  348.0623  348.7749  349.0322  349.1375  349.1891  349.1750  349.0824  348.8236  348.1601  347.2278  346.1397  345.0189
     0.6025    0.6261  300.4769  303.6900  306.9476  310.1863  313.4344  316.6652  319.8523  322.9697  325.9939  328.9027  331.6760  334.2962  336.7379  338.9158  340.7856  342.4483  343.9052  345.1526  346.1892  347.0148  347.6323  348.0447  348.2598  348.2660  348.0050  347.4729  346.7514  345.8835  344.8698  343.8295
     0.8435    0.6261  300.2248  303.2516  306.3233  309.3728  312.4314  315.4754  318.4804  321.4225  324.2797  327.0313  329.6587  332.1447  334.4756  336.6115  338.4200  340.0142  341.4160  342.6232  343.6347  344.4502  345.0720  345.5027  345.7473  345.8104  345.7001  345.3806  344.7818  344.0277  343.1195  342.1918
     1.0845    0.6261  300.0036  302.8673  305.7755  308.6591  311.5508  314.4299  317.2736  320.0598  322.7679  325.3786  327.8744  330.2391  332.4596  334.5126  336.3159  337.8475  339.1961  340.3628  341.3465  342.1466  342.7650  343.2038  343.4676  343.5609  343.4898  343.2614  342.8695  342.2796  341.4872  340.6709
     1.3255    0.6261  299.7225  302.3775  305.0768  307.7486  310.4279  313.0977  315.7378  318.3280  320.8501  323.2864  325.6211  327.8393  329.9286  331.8778  333.6563  335.1488  336.4443  337.5750  338.5407  339.3403  339.9752  340.4471  340.7597  340.9169  340.9246  340.7882  340.5153  340.1142  339.5779  338.9855
    -1.4460    0.4174  299.7208  302.3755  305.0747  307.7464  310.4256  313.0954  315.7354  318.3258  320.8480  323.2845  325.6194  327.8378  329.9273  331.8769  333.6557  335.1485  336.4444  337.5756  338.5419  339.3423  339.9782  340.4512  340.7651  340.9237  340.9327  340.7975  340.5255  340.1248  339.5882  338.9938
    -1.2050    0.4174  300.0023  302.8657  305.7737  308.6572  311.5487  314.4277  317.2714  320.0576  322.7659  325.3768  327.8729  330.2382  332.4594  334.5133  336.3172  337.8501  339.2002  340.3686  341.3542  342.1564  342.7769  343.2177  343.4834  343.5783  343.5084  343.2808  342.8884  342.2955  341.5018  340.6829
    -0.9640    0.4174  300.2240  303.2507  306.3222  309.3717  312.4302  315.4743  318.4794  321.4217  324.2794  327.0317  329.6599  332.1472  334.4795  336.6169  338.4264  340.0225  341.4265  342.6359  343.6497  344.4674  345.0912  345.5236  345.7696  345.8336  345.7233  345.4025  344.7999  344.0433  343.1328  342.2020
    -0.7230    0.4174  300.4787  303.6922  306.9503  310.1894  313.4379  316.6692  319.8565  322.9742  325.9984  328.9070  331.6798  334.2993  336.7400  338.9172  340.7855  342.4467  343.9020  345.1477  346.1828  347.0071  347.6234  348.0350  348.2495  348.2560  347.9968  347.4656  346.7457  345.8799  344.8691  343.8332
    -0.4820    0.4174  300.6682  304.0215  307.4185  310.8003  314.1911  317.5626  320.8870  324.1368  327.2873  330.3151  333.1992  335.9215  338.4439  340.6410  342.5721  344.2879  345.7866  347.0634  348.1153  348.8092  349.0522  349.1544  349.2056  349.1915  349.1048  348.8656  348.2320  347.3030  346.2173  345.0995
    -0.2410    0.4174  300.8264  304.2960  307.8088  311.3089  314.8175  318.3050  321.7418  325.0997  328.3525  331.4758  334.4480  337.2498  339.8318  342.0467  344.0235  345.7767  347.3011  348.5651  349.0687  349.2392  349.3376  349.3917  349.4255  349.4073  349.3637  349.2609  349.0449  348.3716  347.2293  346.0458
     0.0000    0.4174  300.8283  304.2985  307.8119  311.3128  314.8223  318.3108  321.7489  325.1081  328.3625  331.4878  334.4624  337.2667  339.8507  342.0684  344.0492  345.8075  347.3382  348.6007  349.0813  349.2482  349.3458  349.4001  349.4347  349.4178  349.3775  349.2817  349.0857  348.4794  347.3490  346.1697
     0.2410    0.4174  300.8264  304.2960  307.8088  311.3090  314.8176  318.3050  321.7417  325.0994  328.3521  331.4752  334.4472  337.2486  339.8304  342.0450  344.0214  345.7742  347.2982  348.5626  349.0681  349.2390  349.3373  349.3912  349.4250  349.4066  349.3628  349.2596  349.0425  348.3651  347.2224  346.0393
     0.4820    0.4174  300.6686  304.0219  307.4191  310.8010  314.1919  317.5636  320.8879  324.1378  327.2881  330.3156  333.1992  335.9208  338.4424  340.6391  342.5691  344.2835  345.7805  347.0554  348.1052  348.8023  349.0481  349.1507  349.2016  349.1871  349.0980  348.8522  348.2092  347.2804  346.1963  345.0826
     0.7230    0.4174  300.4777  303.6908  306.9486  310.1873  313.4354  316.6663  319.8533  322.9708  325.9951  328.9040  331.6774  334.2977  336.7393  338.9168  340.7863  342.4487  343.9051  345.1517  346.1875  347.0120  347.6280  348.0388  348.2520  348.2568  347.9951  347.4616  346.7394  345.8713  344.8583  343.8206
     0.9640    0.4174  300.2238  303.2504  306.3218  309.3712  312.4297  315.4737  318.4788  321.4212  324.2791  327.0316  329.6602  332.1476  334.4801  336.6175  338.4268  340.0227  341.4260  342.6346  343.6471  344.4633  345.0854  345.5159  345.7598  345.8218  345.7099  345.3884  344.7870  344.0310  343.1214  342.1929
     1.2050    0.4174  300.0038  302.8676  305.7758  308.6595  311.5511  314.4301  317.2737  320.0595  322.7673  325.3774  327.8726  330.2368  332.4568  334.5098  336.3135  337.8455  339.1951  340.3633  341.3491  342.1518  342.7734  343.2158  343.4834  343.5805  343.5131  343.2879  342.8972  342.3047  341.5122  340.6937
     1.4460    0.4174  299.7219  302.3767  305.0759  307.7477  310.4268  313.0965  315.7364  318.3266  320.8487  323.2850  325.6198  327.8382  329.9276  331.8771  333.6558  335.1482  336.4438  337.5747  338.5404  339.3401  339.9750  340.4469  340.7594  340.9164  340.9238  340.7869  340.5134  340.1113  339.5741  338.9808
    -1.5665    0.2087  299.7210  302.3758  305.0749  307.7466  310.4258  313.0955  315.7354  318.3255  320.8475  323.2837  325.6181  327.8360  329.9249  331.8736  333.6517  335.1441  336.4389  337.5688  338.5337  339.3326  339.9669  340.4384  340.7509  340.9082  340.9164  340.7806  340.5084  340.1078  339.5719  338.9800
    -1.3255    0.2087  300.0011  302.8642  305.7720  308.6553  311.5466  314.4255  317.2692  320.0554  322.7639  325.3752  327.8720  330.2381  332.4603  334.5155  336.3204  337.8547  339.2060  340.3757  341.3624  342.1656  342.7872  343.2291  343.4960  343.5920  343.5234  343.2971  342.9052  342.3113  341.5183  340.6994
    -1.0845    0.2087  300.2232  303.2498  306.3212  309.3707  312.4293  315.4733  318.4784  321.4207  324.2781  327.0299  329.6575  332.1438  334.4750  336.6114  338.4209  340.0155  341.4177  342.6254  343.6373  344.4534  345.0758  345.5072  345.7528  345.8172  345.7079  345.3891  344.7910  344.0374  343.1299  342.2033
    -0.8435    0.2087  300.4768  303.6898  306.9474  310.1861  313.4342  316.6651  319.8522  322.9697  325.9940  328.9028  331.6762  334.2964  336.7382  338.9160  340.7855  342.4477  343.9037  345.1498  346.1849  347.0086  347.6238  348.0339  348.2467  348.2516  347.9911  347.4580  346.7362  345.8681  344.8548  343.8163
    -0.6025    0.2087  300.6677  304.0208  307.4178  310.7995  314.1903  317.5620  320.8865  324.1366  327.2874  330.3155  333.2001  335.9227  338.4455  340.6429  342.5742  344.2900  345.7885  347.0651  348.1165  348.8097  349.0530  349.1553  349.2064  349.1920  349.1044  348.8633  348.2273  347.2981  346.2131  345.0985
    -0.3615    0.2087  300.8282  304.2984  307.8118  311.3129  314.8225  318.3112  321.7494  325.1087  328.3631  331.4884  334.4626  337.2663  339.8495  342.0659  344.0450  345.8010  347.3289  348.5906  349.0769  349.2437  349.3411  349.3952  349.4298  349.4125  349.3715  349.2737  349.0715  348.4438  347.3123  346.1361
    -0.1205    0.2087  300.9238  304.4640  308.0470  311.6192  315.1997  318.7579  322.2638  325.6880  329.0040  332.1870  335.2149  338.0641  340.6695  342.9147  344.9236  346.7044  348.2475  349.0366  349.2635  349.3735  349.4511  349.4955  349.5224  349.5104  349.4829  349.4139  349.2892  348.9637  347.9711  346.7551
     0.1205    0.2087  300.9231  304.4631  308.0459  311.6179  315.1983  318.7565  322.2624  325.6868  329.0031  332.1865  335.2149  338.0646  340.6701  342.9155  344.9245  346.7052  348.2477  349.0370  349.2629  349.3724  349.4496  349.4939  349.5207  349.5085  349.4810  349.4119  349.2868  348.9595  347.9644  346.7488
     0.3615    0.2087  300.8279  304.2979  307.8111  311.3119  314.8213  318.3097  321.7477  325.1068  328.3612  331.4865  334.4610  337.2652  339.8488  342.0662  344.0468  345.8048  347.3351  348.5985  349.0825  349.2515  349.3503  349.4048  349.4388  349.4208  349.3793  349.2819  349.0831  348.4675  347.3342  346.1535
     0.6025    0.2087  300.6693  304.0228  307.4201  310.8022  314.1933  317.5651  320.8896  324.1395  327.2900  330.3175  333.2012  335.9229  338.4446  340.6415  342.5716  344.2861  345.7832  347.0584  348.1086  348.8028  349.0478  349.1508  349.2020  349.1879  349.0996  348.8573  348.2224  347.2963  346.2146  345.1031
     0.8435    0.2087  300.4764  303.6892  306.9468  310.1853  313.4332  316.6639  319.8509  322.9684  325.9928  328.9018  331.6755  334.2962  336.7383  338.9161  340.7861  342.4490  343.9057  345.1527  346.1886  347.0131  347.6291  348.0398  348.2528  348.2573  347.9950  347.4610  346.7376  345.8677  344.8521  343.8102
     1.0845    0.2087  300.2239  303.2506  306.3220  309.3715  312.4299  315.4738  318.4786  321.4204  324.2775  327.0289  329.6561  332.1421  334.4730  336.6091  338.4181  340.0125  341.4145  342.6219  343.6336  344.4494  345.0716  345.5026  345.7478  345.8117  345.7020  345.3827  344.7842  344.0299  343.1212  342.1931
     1.3255    0.2087  300.0021  302.8654  305.7734  308.6568  311.5482  314.4270  317.2706  320.0565  322.7646  325.3752  327.8709  330.2358  332.4566  334.5101  336.3139  337.8461  339.1952  340.3624  341.3466  342.1473  342.7663  343.2060  343.4708  343.5653  343.4958  343.2690  342.8785  342.2888  341.4973  340.6811
     1.5665    0.2087  299.7224  302.3774  305.0768  307.7487  310.4280  313.0977  315.7377  318.3278  320.8496  323.2854  325.6194  327.8369  329.9252  331.8733  333.6507  335.1429  336.4371  337.5665  338.5311  339.3298  339.9641  340.4357  340.7485  340.9063  340.9149  340.7798  340.5085  340.1091  339.5747  338.9848
    -1.4460    0.0000  299.9990  302.8616  305.7689  308.6515  311.5420  314.4200  317.2625  320.0475  322.7546  325.3643  327.8592  330.2234  332.4436  334.4969  336.3015  337.8340  339.1833  340.3505  341.3346  342.1350  342.7534  343.1919  343.4549  343.5467  343.4735  343.2421  342.8482  342.2573  341.4603  340.6371
    -1.2050    0.0000  300.2202  303.2460  306.3164  309.3647  312.4217  315.4638  318.4666  321.4061  324.2604  327.0086  329.6321  332.1140  334.4406  336.5732  338.3812  339.9711  341.3674  342.5683  343.5728  344.3808  344.9944  345.4164  345.6520  345.7059  345.5874  345.2654  344.6746  343.9169  343.0004  342.0619
    -0.9640    0.0000  300.4735  303.6856  306.9423  310.1798  313.4265  316.6557  319.8409  322.9562  325.9780  328.8839  331.6541  334.2708  336.7091  338.8862  340.7524  342.4101  343.8606  345.1005  346.1287  346.9452  347.5527  347.9549  348.1599  348.1609  347.9048  347.3676  346.6429  345.7685  344.7489  343.7026
    -0.7230    0.0000  300.6657  304.0182  307.4146  310.7955  314.1853  317.5557  320.8785  324.1265  327.2747  330.2998  333.1809  335.8997  338.4189  340.6153  342.5428  344.2538  345.7468  347.0175  348.0630  348.7762  349.0330  349.1383  349.1900  349.1757  349.0823  348.8208  348.1505  347.2155  346.1248  345.0009
    -0.4820    0.0000  300.8255  304.2950  307.8076  311.3076  314.8162  318.3036  321.7405  325.0984  328.3514  331.4752  334.4480  337.2505  339.8332  342.0492  344.0274  345.7822  347.3086  348.5734  349.0735  349.2433  349.3415  349.3956  349.4296  349.4114  349.3685  349.2673  349.0559  348.3965  347.2556  346.0713
    -0.2410    0.0000  300.9234  304.4635  308.0463  311.6185  315.1989  318.7571  322.2630  325.6874  329.0037  332.1870  335.2152  338.0647  340.6701  342.9154  344.9245  346.7053  348.2483  349.0372  349.2630  349.3726  349.4501  349.4947  349.5217  349.5099  349.4827  349.4141  349.2898  348.9647  347.9711  346.7536
     0.0000    0.0000  300.9869  304.5737  308.2028  311.8223  315.4497  319.0541  322.6047  326.0718  329.4285  332.6494  335.7123  338.5910  341.2102  343.4735  345.5007  347.2952  348.7509  349.1748  349.3423  349.4327  349.5028  349.5437  349.5675  349.5585  349.5384  349.4821  349.3846  349.1509  348.3723  347.1366
     0.2410    0.0000  300.9240  304.4642  308.0473  311.6196  315.2002  318.7586  322.2645  325.6888  329.0049  332.1878  335.2155  338.0645  340.6695  342.9141  344.9224  346.7022  348.2441  349.0355  349.2625  349.3728  349.4506  349.4950  349.5218  349.5094  349.4816  349.4121  349.2867  348.9583  347.9607  346.7441
     0.4820    0.0000  300.8269  304.2966  307.8095  311.3097  314.8185  318.3060  321.7428  325.1005  328.3532  331.4764  334.4485  337.2502  339.8325  342.0478  344.0251  345.7790  347.3044  348.5688  349.0713  349.2425  349.3412  349.3954  349.4293  349.4109  349.3674  349.2652  349.0516  348.3868  347.2448  346.0608
     0.7230    0.0000  300.6665  304.0192  307.4157  310.7966  314.1863  317.5565  320.8791  324.1269  327.2748  330.2996  333.1803  335.8989  338.4180  340.6142  342.5418  344.2531  345.7465  347.0177  348.0637  348.7769  349.0347  349.1407  349.1923  349.1772  349.0822  348.8179  348.1438  347.2073  346.1154  344.9918
     0.9640    0.0000  300.4741  303.6863  306.9431  310.1807  313.4274  316.6565  319.8414  322.9564  325.9776  328.8829  331.6523  334.2681  336.7056  338.8822  340.7475  342.4042  343.8539  345.0930  346.1204  346.9361  347.5429  347.9443  348.1484  348.1491  347.8937  347.3559  346.6312  345.7566  344.7368  343.6905
     1.2050    0.0000  300.2202  303.2459  306.3163  309.3644  312.4211  315.4630  318.4656  321.4049  324.2591  327.0074  329.6312  332.1135  334.4406  336.5739  338.3822  339.9731  341.3706  342.5728  343.5788  344.3883  345.0033  345.4266  345.6632  345.7177  345.5993  345.2763  344.6831  343.9244  343.0073  342.0684
     1.4460    0.0000  299.9999  302.8627  305.7701  308.6528  311.5435  314.4215  317.2641  320.0491  322.7560  325.3655  327.8601  330.2238  332.4434  334.4959  336.2998  337.8312  339.1790  340.3445  341.3268  342.1253  342.7417  343.1783  343.4396  343.5298  343.4554  343.2229  342.8290  342.2402  341.4432  340.6205
    -1.5665   -0.2087  299.7206  302.3753  305.0744  307.7461  310.4253  313.0950  315.7350  318.3253  320.8475  323.2838  325.6185  327.8368  329.9261  331.8754  333.6540  335.1468  336.4424  337.5732  338.5390  339.3389  339.9742  340.4466  340.7599  340.9178  340.9261  340.7902  340.5174  340.1160  339.5790  338.9852
    -1.3255   -0.2087  300.0010  302.8643  305.7721  308.6554  311.5470  314.4260  317.2698  320.0562  322.7647  325.3760  327.8726  330.2385  332.4603  334.5150  336.3198  337.8533  339.2040  340.3728  341.3588  342.1615  342.7827  343.2245  343.4916  343.5882  343.5209  343.2962  342.9064  342.3146  341.5236  340.7064
    -1.0845   -0.2087  300.2233  303.2499  306.3213  309.3707  312.4292  315.4731  318.4781  321.4203  324.2777  327.0297  329.6575  332.1442  334.4760  336.6131  338.4228  340.0183  341.4215  342.6301  343.6430  344.4599  345.0829  345.5147  345.7602  345.8241  345.7140  345.3938  344.7932  344.0373  343.1274  342.1982
    -0.8435   -0.2087  300.4760  303.6889  306.9464  310.1849  313.4329  316.6638  319.8510  322.9689  325.9937  328.9033  331.6778  334.2994  336.7425  338.9212  340.7924  342.4566  343.9146  345.1629  346.2001  347.0261  347.6435  348.0558  348.2704  348.2759  348.0136  347.4809  346.7584  345.8896  344.8752  343.8347
    -0.6025   -0.2087  300.6685  304.0218  307.4189  310.8008  314.1917  317.5634  320.8879  324.1380  327.2887  330.3167  333.2011  335.9236  338.4463  340.6439  342.5753  344.2913  345.7901  347.0670  348.1188  348.8099  349.0516  349.1533  349.2042  349.1902  349.1031  348.8626  348.2262  347.2964  346.2108  345.0952
    -0.3615   -0.2087  300.8281  304.2982  307.8115  311.3124  314.8218  318.3102  321.7482  325.1073  328.3617  331.4868  334.4612  337.2652  339.8488  342.0659  344.0459  345.8031  347.3324  348.5950  349.0800  349.2478  349.3458  349.4001  349.4345  349.4167  349.3756  349.2783  349.0792  348.4644  347.3357  346.1606
    -0.1205   -0.2087  300.9233  304.4634  308.0463  311.6184  315.1988  318.7570  322.2629  325.6873  329.0036  332.1869  335.2152  338.0649  340.6703  342.9157  344.9248  346.7056  348.2485  349.0379  349.2637  349.3733  349.4507  349.4951  349.5219  349.5099  349.4824  349.4133  349.2882  348.9602  347.9600  346.7403
     0.1205   -0.2087  300.9237  304.4640  308.0469  311.6191  315.1997  318.7580  322.2640  325.6885  329.0049  332.1883  335.2167  338.0666  340.6723  342.9180  344.9274  346.7084  348.2512  349.0357  349.2618  349.3722  349.4500  349.4945  349.5213  349.5089  349.4808  349.4112  349.2857  348.9578  347.9613  346.7459
     0.3615   -0.2087  300.8272  304.2972  307.8103  311.3110  314.8203  318.3088  321.7468  325.1062  328.3610  331.4867  334.4617  337.2663  339.8499  342.0673  344.0477  345.8051  347.3345  348.5970  349.0823  349.2511  349.3495  349.4038  349.4377  349.4193  349.3772  349.2787  349.0772  348.4553  347.3238  346.1469
     0.6025   -0.2087  300.6699  304.0236  307.4211  310.8033  314.1945  317.5665  320.8911  324.1410  327.2912  330.3184  333.2015  335.9222  338.4429  340.6391  342.5677  344.2805  345.7757  347.0489  348.0970  348.7961  349.0444  349.1481  349.1994  349.1850  349.0947  348.8457  348.1996  347.2720  346.1896  345.0784
     0.8435   -0.2087  300.4772  303.6902  306.9479  310.1867  313.4348  316.6657  319.8528  322.9704  325.9949  328.9040  331.6777  334.2983  336.7402  338.9179  340.7876  342.4498  343.9058  345.1518  346.1867  347.0103  347.6253  348.0352  348.2478  348.2523  347.9913  347.4576  346.7351  345.8661  344.8521  343.8132
     1.0845   -0.2087  300.2240  303.2507  306.3222  309.3717  312.4303  315.4743  318.4793  321.4214  324.2787  327.0304  329.6580  332.1443  334.4757  336.6124  338.4219  340.0172  341.4201  342.6287  343.6418  344.4589  345.0824  345.5146  345.7606  345.8250  345.7153  345.3954  344.7947  344.0390  343.1290  342.1987
     1.3255   -0.2087  300.0015  302.8648  305.7727  308.6560  311.5475  314.4265  317.2702  320.0564  322.7647  325.3758  327.8720  330.2374  332.4586  334.5126  336.3167  337.8494  339.1990  340.3667  341.3513  342.1525  342.7721  343.2124  343.4780  343.5732  343.5045  343.2786  342.8884  342.2982  341.5071  340.6905
     1.5665   -0.2087  299.7214  302.3762  305.0754  307.7472  310.4263  313.0960  315.7360  318.3261  320.8482  323.2844  325.6189  327.8371  329.9264  331.8757  333.6544  335.1471  336.4428  337.5737  338.5396  339.3397  339.9751  340.4475  340.7607  340.9186  340.9269  340.7911  340.5186  340.1177  339.5812  338.9882
    -1.4460   -0.4174  299.7214  302.3762  305.0754  307.7472  310.4264  313.0962  315.7362  318.3265  320.8486  323.2850  325.6196  327.8379  329.9271  331.8763  333.6549  335.1473  336.4427  337.5734  338.5391  339.3390  339.9742  340.4464  340.7596  340.9173  340.9256  340.7896  340.5169  340.1156  339.5788  338.9856
    -1.2050   -0.4174  300.0028  302.8663  305.7745  308.6581  311.5498  314.4290  317.2729  320.0594  322.7680  325.3794  327.8760  330.2418  332.4637  334.5181  336.3225  337.8558  339.2061  340.3745  341.3599  342.1617  342.7817  343.2222  343.4876  343.5824  343.5132  343.2865  342.8953  342.3032  341.5109  340.6927
    -0.9640   -0.4174  300.2236  303.2503  306.3217  309.3711  312.4296  315.4736  318.4788  321.4213  324.2793  327.0318  329.6604  332.1481  334.4808  336.6187  338.4286  340.0253  341.4299  342.6401  343.6549  344.4738  345.0991  345.5333  345.7813  345.8480  345.7400  345.4210  344.8195  344.0648  343.1566  342.2288
    -0.7230   -0.4174  300.4789  303.6924  306.9505  310.1898  313.4384  316.6697  319.8572  322.9749  325.9992  328.9078  331.6807  334.3000  336.7404  338.9174  340.7851  342.4454  343.8996  345.1442  346.1779  347.0006  347.6152  348.0252  348.2383  348.2440  347.9855  347.4535  346.7335  345.8676  344.8575  343.8233
    -0.4820   -0.4174  300.6687  304.0220  307.4192  310.8010  314.1919  317.5636  320.8880  324.1380  327.2887  330.3167  333.2011  335.9237  338.4466  340.6441  342.5759  344.2924  345.7920  347.0698  348.1228  348.8138  349.0553  349.1574  349.2086  349.1945  349.1087  348.8728  348.2441  347.3146  346.2281  345.1098
    -0.2410   -0.4174  300.8266  304.2962  307.8090  311.3092  314.8178  318.3052  321.7420  325.0998  328.3525  331.4760  334.4484  337.2506  339.8332  342.0490  344.0271  345.7819  347.3083  348.5730  349.0712  349.2404  349.3386  349.3928  349.4270  349.4091  349.3666  349.2659  349.0557  348.4002  347.2611  346.0783
     0.0000   -0.4174  300.8291  304.2995  307.8131  311.3142  314.8238  318.3123  321.7503  325.1092  328.3632  331.4878  334.4614  337.2645  339.8472  342.0631  344.0417  345.7974  347.3251  348.5880  349.0781  349.2460  349.3438  349.3980  349.4323  349.4144  349.3727  349.2741  349.0705  348.4387  347.3062  346.1296
     0.2410   -0.4174  300.8272  304.2971  307.8101  311.3104  314.8193  318.3068  321.7436  325.1013  328.3539  331.4770  334.4490  337.2506  339.8328  342.0480  344.0255  345.7797  347.3057  348.5708  349.0718  349.2424  349.3412  349.3956  349.4298  349.4116  349.3690  349.2682  349.0588  348.4071  347.2682  346.0851
     0.4820   -0.4174  300.6689  304.0223  307.4196  310.8015  314.1925  317.5642  320.8886  324.1384  327.2888  330.3164  333.2002  335.9219  338.4437  340.6404  342.5706  344.2853  345.7827  347.0581  348.1084  348.8057  349.0517  349.1547  349.2058  349.1912  349.1026  348.8588  348.2188  347.2898  346.2048  345.0886
     0.7230   -0.4174  300.4778  303.6910  306.9489  310.1878  313.4361  316.6672  319.8545  322.9723  325.9970  328.9063  331.6801  334.3009  336.7430  338.9209  340.7909  342.4539  343.9109  345.1583  346.1947  347.0199  347.6368  348.0486  348.2630  348.2686  348.0071  347.4749  346.7535  345.8862  344.8735  343.8352
     0.9640   -0.4174  300.2246  303.2514  306.3230  309.3726  312.4313  315.4754  318.4806  321.4228  324.2804  327.0323  329.6601  332.1465  334.4779  336.6143  338.4232  340.0180  341.4203  342.6281  343.6403  344.4566  345.0792  345.5109  345.7566  345.8211  345.7121  345.3932  344.7944  344.0408  343.1334  342.2073
     1.2050   -0.4174  300.0027  302.8662  305.7743  308.6579  311.5496  314.4287  317.2726  320.0591  322.7677  325.3791  327.8757  330.2415  332.4632  334.5176  336.3217  337.8550  339.2053  340.3739  341.3596  342.1617  342.7822  343.2230  343.4886  343.5834  343.5137  343.2863  342.8941  342.3012  341.5086  340.6910
     1.4460   -0.4174  299.7222  302.3771  305.0764  307.7483  310.4275  313.0972  315.7371  318.3271  320.8490  323.2850  325.6193  327.8372  329.9262  331.8751  333.6534  335.1459  336.4414  337.5721  338.5380  339.3381  339.9737  340.4465  340.7601  340.9185  340.9272  340.7917  340.5194  340.1181  339.5810  338.9866
    -1.3255   -0.6261  299.7223  302.3774  305.0767  307.7486  310.4279  313.0978  315.7379  318.3282  320.8504  323.2867  325.6213  327.8395  329.9286  331.8777  333.6560  335.1484  336.4436  337.5741  338.5396  339.3393  339.9744  340.4466  340.7599  340.9178  340.9264  340.7908  340.5188  340.1185  339.5829  338.9912
    -1.0845   -0.6261  300.0034  302.8670  305.7751  308.6587  311.5503  314.4293  317.2730  320.0593  322.7678  325.3790  327.8756  330.2415  332.4636  334.5185  336.3232  337.8574  339.2090  340.3792  341.3667  342.1710  342.7938  343.2373  343.5059  343.6039  343.5377  343.3140  342.9241  342.3298  341.5387  340.7206
    -0.8435   -0.6261  300.2244  303.2511  306.3227  309.3722  312.4308  315.4749  318.4801  321.4225  324.2804  327.0330  329.6615  332.1492  334.4819  336.6198  338.4296  340.0265  341.4312  342.6417  343.6566  344.4756  345.1009  345.5348  345.7825  345.8484  345.7393  345.4191  344.8161  344.0596  343.1495  342.2192
    -0.6025   -0.6261  300.4770  303.6900  306.9475  310.1861  313.4341  316.6649  319.8520  322.9697  325.9944  328.9038  331.6781  334.2995  336.7423  338.9206  340.7915  342.4552  343.9127  345.1603  346.1967  347.0217  347.6380  348.0490  348.2625  348.2674  348.0052  347.4724  346.7503  345.8821  344.8687  343.8296
    -0.3615   -0.6261  300.6677  304.0206  307.4173  310.7985  314.1885  317.5591  320.8819  324.1299  327.2780  330.3029  333.1836  335.9019  338.4205  340.6167  342.5434  344.2533  345.7451  347.0143  348.0582  348.7702  349.0271  349.1319  349.1833  349.1692  349.0748  348.8095  348.1342  347.1987  346.1085  344.9875
    -0.1205   -0.6261  300.6693  304.0227  307.4200  310.8019  314.1927  317.5644  320.8888  324.1386  327.2892  330.3170  333.2013  335.9238  338.4465  340.6437  342.5753  344.2917  345.7910  347.0685  348.1211  348.8134  349.0553  349.1572  349.2082  349.1938  349.1072  348.8692  348.2372  347.3074  346.2212  345.1038
     0.1205   -0.6261  300.6699  304.0236  307.4211  310.8033  314.1945  317.5665  320.8910  324.1408  327.2911  330.3182  333.2014  335.9222  338.4432  340.6397  342.5687  344.2822  345.7783  347.0524  348.1016  348.8002  349.0485  349.1521  349.2035  349.1890  349.0997  348.8537  348.2125  347.2854  346.2028  345.0905
     0.3615   -0.6261  300.6664  304.0191  307.4156  310.7965  314.1862  317.5565  320.8791  324.1269  327.2749  330.2998  333.1807  335.8995  338.4188  340.6152  342.5432  344.2549  345.7489  347.0206  348.0673  348.7791  349.0351  349.1402  349.1917  349.1771  349.0838  348.8234  348.1558  347.2211  346.1312  345.0099
     0.6025   -0.6261  300.4776  303.6908  306.9487  310.1877  313.4360  316.6671  319.8544  322.9720  325.9963  328.9050  331.6781  334.2979  336.7390  338.9165  340.7851  342.4462  343.9010  345.1458  346.1796  347.0019  347.6159  348.0247  348.2363  348.2405  347.9807  347.4470  346.7250  345.8568  344.8439  343.8068
     0.8435   -0.6261  300.2236  303.2502  306.3216  309.3709  312.4292  315.4731  318.4781  321.4204  324.2783  327.0308  329.6595  332.1474  334.4805  336.6189  338.4289  340.0265  341.4321  342.6434  343.6592  344.4792  345.1053  345.5400  345.7882  345.8545  345.7456  345.4251  344.8216  344.0653  343.1553  342.2248
     1.0845   -0.6261  300.0027  302.8663  305.7744  308.6580  311.5497  314.4289  317.2728  320.0593  322.7678  325.3790  327.8753  330.2408  332.4620  334.5158  336.3195  337.8520  339.2015  340.3693  341.3541  342.1554  342.7751  343.2153  343.4806  343.5754  343.5059  343.2791  342.8879  342.2967  341.5048  340.6877
     1.3255   -0.6261  299.7216  302.3765  305.0757  307.7475  310.4267  313.0965  315.7366  318.3270  320.8494  323.2860  325.6209  327.8396  329.9292  331.8788  333.6577  335.1500  336.4458  337.5767  338.5426  339.3425  339.9776  340.4496  340.7624  340.9197  340.9273  340.7906  340.5172  340.1153  339.5781  338.9848
    -1.2050   -0.8348  299.7230  302.3781  305.0775  307.7494  310.4287  313.0985  315.7385  318.3287  320.8508  323.2871  325.6218  327.8400  329.9293  331.8787  333.6574  335.1501  336.4460  337.5771  338.5433  339.3436  339.9792  340.4517  340.7650  340.9227  340.9308  340.7945  340.5215  340.1198  339.5825  338.9885
    -0.9640   -0.8348  300.0035  302.8672  305.7753  308.6589  311.5505  314.4295  317.2732  320.0595  322.7679  325.3791  327.8755  330.2411  332.4627  334.5170  336.3208  337.8539  339.2039  340.3721  341.3572  342.1588  342.7786  343.2190  343.4845  343.5797  343.5109  343.2851  342.8948  342.3036  341.5122  340.6948
    -0.7230   -0.8348  300.2254  303.2524  306.3242  309.3739  312.4326  315.4767  318.4817  321.4237  324.2808  327.0321  329.6591  332.1447  334.4752  336.6109  338.4198  340.0136  341.4149  342.6217  343.6329  344.4480  345.0695  345.4999  345.7444  345.8075  345.6974  345.3783  344.7806  344.0269  343.1194  342.1938
    -0.4820   -0.8348  300.4751  303.6875  306.9444  310.1820  313.4287  316.6578  319.8427  322.9576  325.9788  328.8842  331.6538  334.2700  336.7080  338.8851  340.7514  342.4096  343.8610  345.1022  346.1321  346.9505  347.5601  347.9646  348.1718  348.1742  347.9176  347.3812  346.6563  345.7816  344.7609  343.7120
    -0.2410   -0.8348  300.4779  303.6910  306.9488  310.1876  313.4357  316.6666  319.8537  322.9712  325.9955  328.9043  331.6778  334.2981  336.7399  338.9178  340.7877  342.4505  343.9074  345.1548  346.1915  347.0173  347.6350  348.0478  348.2635  348.2704  348.0099  347.4787  346.7580  345.8911  344.8785  343.8396
     0.0000   -0.8348  300.4776  303.6907  306.9485  310.1872  313.4354  316.6664  319.8538  322.9718  325.9968  328.9065  331.6811  334.3027  336.7458  338.9240  340.7951  342.4592  343.9173  345.1656  346.2028  347.0286  347.6459  348.0577  348.2719  348.2769  348.0137  347.4808  346.7581  345.8892  344.8746  343.8336
     0.2410   -0.8348  300.4760  303.6888  306.9462  310.1847  313.4327  316.6636  319.8509  322.9688  325.9939  328.9038  331.6786  334.3006  336.7440  338.9227  340.7942  342.4586  343.9168  345.1653  346.2028  347.0289  347.6466  348.0590  348.2736  348.2788  348.0159  347.4827  346.7597  345.8903  344.8755  343.8352
     0.4820   -0.8348  300.4749  303.6873  306.9443  310.1821  313.4290  316.6583  319.8433  322.9583  325.9795  328.8845  331.6536  334.2689  336.7058  338.8821  340.7466  342.4026  343.8514  345.0897  346.1164  346.9314  347.5378  347.9390  348.1432  348.1444  347.8897  347.3522  346.6273  345.7521  344.7312  343.6827
     0.7230   -0.8348  300.2236  303.2503  306.3218  309.3712  312.4296  315.4735  318.4784  321.4204  324.2776  327.0293  329.6568  332.1432  334.4745  336.6111  338.4204  340.0153  341.4177  342.6255  343.6374  344.4533  345.0751  345.5057  345.7499  345.8125  345.7015  345.3811  344.7818  344.0267  343.1178  342.1907
     0.9640   -0.8348  300.0027  302.8663  305.7744  308.6580  311.5496  314.4287  317.2725  320.0588  322.7673  325.3783  327.8744  330.2397  332.4609  334.5147  336.3185  337.8511  339.2007  340.3686  341.3536  342.1550  342.7747  343.2147  343.4797  343.5738  343.5035  343.2754  342.8830  342.2907  341.4972  340.6788
     1.2050   -0.8348  299.7219  302.3768  305.0760  307.7478  310.4271  313.0969  315.7370  318.3273  320.8496  323.2862  325.6212  327.8398  329.9295  331.8793  333.6584  335.1511  336.4473  337.5787  338.5451  339.3455  339.9812  340.4539  340.7674  340.9255  340.9340  340.7984  340.5260  340.1251  339.5880  338.9932
    -1.0845   -1.0436  299.7228  302.3778  305.0772  307.7490  310.4281  313.0978  315.7376  318.3276  320.8495  323.2855  325.6199  327.8379  329.9269  331.8761  333.6546  335.1472  336.4429  337.5741  338.5404  339.3410  339.9770  340.4501  340.7641  340.9226  340.9314  340.7958  340.5232  340.1220  339.5851  338.9911
    -0.8435   -1.0436  300.0033  302.8668  305.7750  308.6585  311.5501  314.4291  317.2729  320.0591  322.7674  325.3783  327.8744  330.2396  332.4609  334.5148  336.3189  337.8518  339.2017  340.3698  341.3552  342.1572  342.7778  343.2191  343.4856  343.5815  343.5132  343.2874  342.8965  342.3041  341.5116  340.6929
    -0.6025   -1.0436  300.2221  303.2480  306.3187  309.3671  312.4241  315.4662  318.4690  321.4086  324.2630  327.0115  329.6355  332.1180  334.4453  336.5787  338.3870  339.9780  341.3754  342.5776  343.5835  344.3928  345.0076  345.4307  345.6673  345.7219  345.6037  345.2809  344.6872  343.9284  343.0110  342.0715
    -0.3615   -1.0436  300.2244  303.2511  306.3226  309.3720  312.4306  315.4746  318.4797  321.4220  324.2795  327.0316  329.6595  332.1463  334.4780  336.6149  338.4240  340.0192  341.4218  342.6297  343.6418  344.4579  345.0800  345.5110  345.7559  345.8191  345.7087  345.3885  344.7880  344.0321  343.1219  342.1918
    -0.1205   -1.0436  300.2254  303.2523  306.3240  309.3737  312.4323  315.4765  318.4817  321.4241  324.2817  327.0340  329.6622  332.1493  334.4815  336.6188  338.4285  340.0246  341.4284  342.6378  343.6516  344.4695  345.0936  345.5266  345.7737  345.8394  345.7312  345.4128  344.8135  344.0607  343.1549  342.2301
     0.1205   -1.0436  300.2258  303.2528  306.3246  309.3745  312.4333  315.4776  318.4829  321.4253  324.2828  327.0347  329.6622  332.1483  334.4793  336.6153  338.4240  340.0183  341.4204  342.6280  343.6401  344.4563  345.0787  345.5099  345.7550  345.8184  345.7080  345.3878  344.7871  344.0311  343.1210  342.1914
     0.3615   -1.0436  300.2241  303.2508  306.3223  309.3718  312.4303  315.4743  318.4793  321.4215  324.2789  327.0308  329.6587  332.1454  334.4772  336.6143  338.4241  340.0199  341.4235  342.6326  343.6464  344.4643  345.0886  345.5220  345.7695  345.8356  345.7276  345.4092  344.8093  344.0553  343.1476  342.2199
     0.6025   -1.0436  300.2205  303.2462  306.3166  309.3648  312.4217  315.4637  318.4665  321.4059  324.2603  327.0088  329.6328  332.1154  334.4429  336.5766  338.3853  339.9768  341.3750  342.5781  343.5850  344.3954  345.0115  345.4357  345.6732  345.7285  345.6109  345.2881  344.6937  343.9348  343.0177  342.0782
     0.8435   -1.0436  300.0014  302.8646  305.7724  308.6557  311.5471  314.4260  317.2697  320.0560  322.7645  325.3759  327.8726  330.2386  332.4607  334.5156  336.3201  337.8540  339.2050  340.3743  341.3606  342.1636  342.7848  343.2265  343.4932  343.5891  343.5205  343.2941  342.9023  342.3083  341.5146  340.6941
     1.0845   -1.0436  299.7221  302.3771  305.0764  307.7483  310.4276  313.0975  315.7375  318.3277  320.8498  323.2860  325.6204  327.8383  329.9272  331.8760  333.6540  335.1462  336.4411  337.5712  338.5362  339.3353  339.9698  340.4413  340.7537  340.9109  340.9186  340.7823  340.5094  340.1081  339.5717  338.9795
    -0.9640   -1.2523  299.7218  302.3766  305.0757  307.7473  310.4264  313.0960  315.7359  318.3262  320.8484  323.2849  325.6200  327.8388  329.9287  331.8788  333.6582  335.1509  336.4473  337.5788  338.5453  339.3459  339.9819  340.4549  340.7689  340.9276  340.9370  340.8024  340.5311  340.1313  339.5949  338.9998
    -0.7230   -1.2523  300.0028  302.8662  305.7740  308.6571  311.5481  314.4263  317.2689  320.0536  322.7601  325.3689  327.8626  330.2252  332.4435  334.4948  336.2986  337.8287  339.1754  340.3400  341.3215  342.1192  342.7350  343.1710  343.4316  343.5212  343.4462  343.2134  342.8197  342.2327  341.4370  340.6171
    -0.4820   -1.2523  300.0023  302.8656  305.7735  308.6567  311.5481  314.4269  317.2706  320.0568  322.7653  325.3766  327.8734  330.2395  332.4618  334.5169  336.3216  337.8558  339.2072  340.3770  341.3639  342.1675  342.7895  343.2320  343.4996  343.5966  343.5292  343.3041  342.9132  342.3189  341.5263  340.7065
    -0.2410   -1.2523  300.0037  302.8674  305.7756  308.6592  311.5509  314.4300  317.2738  320.0602  322.7687  325.3799  327.8765  330.2424  332.4644  334.5191  336.3236  337.8576  339.2090  340.3788  341.3660  342.1698  342.7920  343.2348  343.5024  343.5992  343.5315  343.3060  342.9146  342.3202  341.5282  340.7108
     0.0000   -1.2523  300.0037  302.8674  305.7756  308.6591  311.5509  314.4300  317.2740  320.0605  322.7693  325.3808  327.8775  330.2435  332.4653  334.5198  336.3237  337.8569  339.2072  340.3758  341.3614  342.1635  342.7841  343.2252  343.4915  343.5873  343.5189  343.2929  342.9019  342.3088  341.5167  340.6986
     0.2410   -1.2523  300.0040  302.8677  305.7760  308.6596  311.5513  314.4304  317.2741  320.0604  322.7688  325.3798  327.8762  330.2418  332.4634  334.5179  336.3222  337.8558  339.2067  340.3760  341.3625  342.1658  342.7875  343.2298  343.4973  343.5942  343.5268  343.3022  342.9119  342.3190  341.5279  340.7107
     0.4820   -1.2523  300.0014  302.8646  305.7724  308.6556  311.5469  314.4258  317.2696  320.0560  322.7648  325.3765  327.8737  330.2403  332.4631  334.5186  336.3233  337.8579  339.2095  340.3792  341.3658  342.1688  342.7900  343.2314  343.4975  343.5927  343.5232  343.2960  342.9034  342.3089  341.5152  340.6957
     0.7230   -1.2523  300.0011  302.8642  305.7718  308.6547  311.5455  314.4235  317.2660  320.0507  322.7573  325.3663  327.8602  330.2232  332.4421  334.4940  336.2980  337.8290  339.1766  340.3423  341.3250  342.1242  342.7417  343.1797  343.4428  343.5353  343.4634  343.2339  342.8423  342.2545  341.4601  340.6397
     0.9640   -1.2523  299.7214  302.3762  305.0754  307.7471  310.4263  313.0960  315.7360  318.3261  320.8482  323.2844  325.6189  327.8370  329.9262  331.8752  333.6537  335.1461  336.4415  337.5721  338.5378  339.3377  339.9731  340.4456  340.7590  340.9170  340.9253  340.7893  340.5164  340.1148  339.5776  338.9842
    -0.6025   -1.4610  299.7226  302.3775  305.0768  307.7485  310.4277  313.0973  315.7372  318.3273  320.8493  323.2855  325.6200  327.8381  329.9273  331.8765  333.6549  335.1472  336.4425  337.5731  338.5387  339.3385  339.9738  340.4463  340.7599  340.9183  340.9273  340.7923  340.5207  340.1203  339.5838  338.9894
    -0.3615   -1.4610  299.7226  302.3775  305.0768  307.7486  310.4278  313.0975  315.7375  318.3277  320.8498  323.2861  325.6208  327.8392  329.9287  331.8782  333.6571  335.1496  336.4455  337.5768  338.5431  339.3434  339.9791  340.4518  340.7652  340.9231  340.9313  340.7952  340.5222  340.1205  339.5831  338.9887
    -0.1205   -1.4610  299.7235  302.3787  305.0782  307.7502  310.4296  313.0994  315.7394  318.3294  320.8512  323.2869  325.6208  327.8381  329.9261  331.8740  333.6511  335.1427  336.4367  337.5660  338.5304  339.3290  339.9632  340.4347  340.7472  340.9046  340.9128  340.7770  340.5048  340.1043  339.5687  338.9778
     0.1205   -1.4610  299.7233  302.3784  305.0778  307.7498  310.4292  313.0990  315.7391  318.3293  320.8513  323.2875  325.6220  327.8400  329.9290  331.8779  333.6561  335.1482  336.4433  337.5737  338.5390  339.3384  339.9730  340.4446  340.7569  340.9138  340.9210  340.7840  340.5103  340.1080  339.5706  338.9776
     0.3615   -1.4610  299.7224  302.3773  305.0765  307.7483  310.4275  313.0972  315.7373  318.3276  320.8498  323.2863  325.6211  327.8396  329.9292  331.8788  333.6578  335.1504  336.4464  337.5776  338.5439  339.3443  339.9800  340.4527  340.7661  340.9241  340.9323  340.7963  340.5234  340.1218  339.5845  338.9900
     0.6025   -1.4610  299.7221  302.3769  305.0762  307.7479  310.4271  313.0968  315.7367  318.3269  320.8489  323.2850  325.6195  327.8374  329.9264  331.8754  333.6536  335.1460  336.4410  337.5712  338.5363  339.3355  339.9701  340.4418  340.7544  340.9118  340.9198  340.7838  340.5112  340.1101  339.5738  338.9813
