    -0.6025    1.4610  313.7089  318.3392  322.9629  327.4884  331.9309  336.2569  340.4301  344.4156  348.1813  351.6974  354.9372  357.8768  360.4964  362.7790  364.7001  366.1795  367.2185  367.8912  368.2038  368.1615  367.7740  367.0526  366.0129  364.6716  363.0493  361.1668  359.0488  356.7206  354.2048  351.6059
    -0.3615    1.4610  313.7096  318.3400  322.9638  327.4894  331.9319  336.2580  340.4313  344.4168  348.1826  351.6987  354.9385  357.8781  360.4976  362.7801  364.7009  366.1802  367.2189  367.8912  368.2033  368.1605  367.7722  367.0500  366.0094  364.6671  363.0438  361.1605  359.0418  356.7132  354.1976  351.5997
    -0.1205    1.4610  313.7103  318.3408  322.9647  327.4905  331.9332  336.2594  340.4327  344.4183  348.1839  351.6999  354.9394  357.8785  360.4974  362.7791  364.6990  366.1776  367.2151  367.8858  368.1962  368.1513  367.7608  367.0361  365.9929  364.6480  363.0220  361.1361  359.0153  356.6850  354.1686  351.5713
     0.1205    1.4610  313.7106  318.3412  322.9651  327.4909  331.9335  336.2597  340.4331  344.4186  348.1843  351.7003  354.9400  357.8794  360.4987  362.7811  364.7019  366.1812  367.2203  367.8932  368.2062  368.1646  367.7778  367.0573  366.0185  364.6781  363.0564  361.1743  359.0564  356.7279  354.2117  351.6123
     0.3615    1.4610  313.7108  318.3413  322.9653  327.4910  331.9336  336.2597  340.4329  344.4183  348.1837  351.6995  354.9387  357.8777  360.4964  362.7780  364.6980  366.1769  367.2147  367.8859  368.1970  368.1531  367.7638  367.0406  365.9990  364.6559  363.0319  361.1481  359.0292  356.7009  354.1861  351.5901
     0.6025    1.4610  313.7100  318.3404  322.9642  327.4897  331.9322  336.2582  340.4315  344.4169  348.1826  351.6986  354.9384  357.8779  360.4974  362.7800  364.7008  366.1802  367.2189  367.8911  368.2029  368.1599  367.7714  367.0490  366.0081  364.6657  363.0422  361.1587  359.0397  356.7107  354.1945  351.5958
    -0.9640    1.2523  313.7096  318.3400  322.9638  327.4894  331.9319  336.2580  340.4313  344.4169  348.1828  351.6990  354.9389  357.8786  360.4981  362.7806  364.7013  366.1803  367.2187  367.8907  368.2023  368.1589  367.7701  367.0474  366.0062  364.6636  363.0398  361.1559  359.0365  356.7070  354.1902  351.5906
    -0.7230    1.2523  314.2978  319.3492  324.3889  329.3255  334.1701  338.8836  343.4256  347.7572  351.8429  355.6497  359.1482  362.3123  365.1204  367.5502  369.5475  371.0279  372.0916  372.7511  373.0112  372.8782  372.3632  371.4791  370.2435  368.6752  366.7970  364.6317  362.2062  359.5451  356.6432  353.5877
    -0.4820    1.2523  314.2983  319.3499  324.3898  329.3268  334.1719  338.8861  343.4290  347.7617  351.8489  355.6575  359.1581  362.3245  365.1351  367.5674  369.5655  371.0479  372.1145  372.7773  373.0410  372.9118  372.4006  371.5204  370.2886  368.7240  366.8490  364.6866  362.2636  359.6021  356.6942  353.6408
    -0.2410    1.2523  314.2989  319.3506  324.3906  329.3277  334.1729  338.8872  343.4302  347.7630  351.8502  355.6589  359.1595  362.3260  365.1366  367.5687  369.5666  371.0489  372.1158  372.7792  373.0436  372.9155  372.4057  371.5274  370.2980  368.7361  366.8644  364.7054  362.2859  359.6263  356.7171  353.6645
     0.0000    1.2523  314.2987  319.3503  324.3903  329.3273  334.1724  338.8866  343.4297  347.7627  351.8503  355.6594  359.1607  362.3280  365.1395  367.5726  369.5710  371.0541  372.1219  372.7862  373.0512  372.9233  372.4134  371.5345  370.3038  368.7401  366.8660  364.7044  362.2821  359.6204  356.7102  353.6567
     0.2410    1.2523  314.2997  319.3516  324.3917  329.3290  334.1743  338.8888  343.4319  347.7648  351.8520  355.6605  359.1608  362.3267  365.1364  367.5676  369.5647  371.0456  372.1105  372.7715  373.0333  372.9022  372.3893  371.5076  370.2748  368.7096  366.8349  364.6733  362.2519  359.5927  356.6881  353.6372
     0.4820    1.2523  314.2985  319.3501  324.3900  329.3270  334.1721  338.8863  343.4292  347.7620  351.8492  355.6579  359.1585  362.3249  365.1355  367.5678  369.5658  371.0481  372.1147  372.7777  373.0413  372.9122  372.4011  371.5209  370.2893  368.7249  366.8506  364.6889  362.2672  359.6068  356.6996  353.6472
     0.7230    1.2523  314.2974  319.3486  324.3882  329.3247  334.1691  338.8826  343.4245  347.7560  351.8417  355.6486  359.1471  362.3112  365.1191  367.5488  369.5459  371.0261  372.0895  372.7487  373.0085  372.8753  372.3600  371.4757  370.2401  368.6718  366.7938  364.6287  362.2038  359.5435  356.6425  353.5880
     0.9640    1.2523  313.7103  318.3407  322.9646  327.4902  331.9327  336.2587  340.4319  344.4172  348.1828  351.6987  354.9383  357.8776  360.4970  362.7794  364.7002  366.1797  367.2185  367.8908  368.2030  368.1603  367.7722  367.0501  366.0096  364.6673  363.0439  361.1603  359.0412  356.7121  354.1959  351.5974
    -1.0845    1.0436  313.7117  318.3424  322.9665  327.4923  331.9350  336.2611  340.4344  344.4197  348.1851  351.7008  354.9400  357.8788  360.4975  362.7791  364.6990  366.1777  367.2155  367.8869  368.1980  368.1541  367.7649  367.0416  366.0000  364.6567  363.0323  361.1480  359.0283  356.6989  354.1827  351.5846
    -0.8435    1.0436  314.2991  319.3508  324.3909  329.3279  334.1731  338.8873  343.4303  347.7630  351.8502  355.6588  359.1593  362.3256  365.1360  367.5680  369.5658  371.0479  372.1142  372.7769  373.0405  372.9114  372.4004  371.5207  370.2897  368.7262  366.8529  364.6924  362.2720  359.6127  356.7061  353.6553
    -0.6025    1.0436  314.7572  320.1367  325.5004  330.7577  335.9162  340.9327  345.7637  350.3674  354.7057  358.7432  362.4485  365.7935  368.7554  371.2991  373.3249  374.8528  375.9447  376.6032  376.8327  376.6401  376.0375  375.0394  373.6648  371.9343  369.8719  367.5027  364.8242  361.8093  358.5616  355.2215
    -0.3615    1.0436  314.7599  320.1401  325.5047  330.7632  335.9232  340.9416  345.7748  350.3812  354.7225  358.7635  362.4725  365.8218  368.7881  371.3357  373.3625  374.8943  375.9912  376.6553  376.8909  376.7051  376.1098  375.1195  373.7535  372.0319  369.9790  367.6175  364.9412  361.9212  358.6790  355.3443
    -0.1205    1.0436  314.7606  320.1410  325.5058  330.7643  335.9244  340.9430  345.7763  350.3829  354.7245  358.7658  362.4753  365.8251  368.7922  371.3404  373.3676  374.9006  375.9989  376.6645  376.9017  376.7175  376.1239  375.1351  373.7705  372.0503  369.9986  367.6377  364.9611  361.9410  358.7001  355.3675
     0.1205    1.0436  314.7613  320.1418  325.5068  330.7655  335.9257  340.9443  345.7776  350.3840  354.7252  358.7660  362.4748  365.8235  368.7893  371.3362  373.3625  374.8937  375.9901  376.6538  376.8892  376.7032  376.1079  375.1177  373.7518  372.0305  369.9779  367.6170  364.9413  361.9222  358.6810  355.3479
     0.3615    1.0436  314.7601  320.1404  325.5052  330.7637  335.9237  340.9422  345.7754  350.3816  354.7228  358.7637  362.4726  365.8217  368.7880  371.3356  373.3627  374.8950  375.9925  376.6574  376.8941  376.7095  376.1157  375.1269  373.7625  372.0425  369.9910  367.6303  364.9539  361.9333  358.6912  355.3563
     0.6025    1.0436  314.7565  320.1358  325.4994  330.7566  335.9149  340.9314  345.7624  350.3661  354.7044  358.7420  362.4473  365.7925  368.7546  371.2985  373.3243  374.8524  375.9445  376.6032  376.8327  376.6402  376.0376  375.0392  373.6641  371.9329  369.8695  367.4991  364.8193  361.8030  358.5536  355.2119
     0.8435    1.0436  314.2990  319.3507  324.3907  329.3279  334.1731  338.8875  343.4304  347.7632  351.8503  355.6587  359.1589  362.3247  365.1345  367.5658  369.5634  371.0447  372.1099  372.7714  373.0337  372.9032  372.3910  371.5102  370.2783  368.7142  366.8405  364.6798  362.2591  359.5999  356.6943  353.6424
     1.0845    1.0436  313.7103  318.3407  322.9646  327.4902  331.9328  336.2589  340.4322  344.4176  348.1832  351.6991  354.9387  357.8779  360.4971  362.7792  364.6996  366.1789  367.2174  367.8896  368.2018  368.1593  367.7717  367.0505  366.0112  364.6705  363.0490  361.1675  359.0507  356.7241  354.2103  351.6143
    -1.2050    0.8348  313.7130  318.3439  322.9682  327.4942  331.9370  336.2632  340.4364  344.4217  348.1870  351.7025  354.9415  357.8800  360.4983  362.7795  364.6990  366.1777  367.2152  367.8862  368.1971  368.1532  367.7642  367.0413  366.0004  364.6581  363.0351  361.1523  359.0345  356.7072  354.1933  351.5980
    -0.9640    0.8348  314.3007  319.3527  324.3929  329.3302  334.1755  338.8899  343.4330  347.7659  351.8533  355.6621  359.1630  362.3295  365.1402  367.5725  369.5702  371.0525  372.1191  372.7821  373.0460  372.9172  372.4066  371.5271  370.2965  368.7333  366.8602  364.6999  362.2794  359.6196  356.7112  353.6590
    -0.7230    0.8348  314.7620  320.1427  325.5077  330.7665  335.9267  340.9453  345.7785  350.3846  354.7255  358.7659  362.4744  365.8229  368.7886  371.3356  373.3624  374.8940  375.9906  376.6547  376.8904  376.7047  376.1097  375.1198  373.7542  372.0331  369.9806  367.6195  364.9434  361.9233  358.6811  355.3466
    -0.4820    0.8348  315.2849  321.0398  326.7744  332.3984  337.9157  343.2784  348.4391  353.3529  357.9785  362.2779  366.2174  369.7670  372.8991  375.5525  377.6208  379.2117  380.3346  380.9899  381.1823  380.9194  380.2149  379.0852  377.5522  375.6401  373.3540  370.6592  367.6028  364.2712  360.7107  357.0647
    -0.2410    0.8348  315.2886  321.0447  326.7804  332.4058  337.9248  343.2894  348.4523  353.3684  357.9965  362.2985  366.2406  369.7927  372.9270  375.5809  377.6500  379.2426  380.3678  381.0259  381.2213  380.9619  380.2613  379.1359  377.6077  375.7011  373.4178  370.7202  367.6675  364.3399  360.7858  357.1488
     0.0000    0.8348  315.2882  321.0441  326.7797  332.4049  337.9237  343.2882  348.4512  353.3676  357.9962  362.2991  366.2422  369.7957  372.9314  375.5862  377.6568  379.2515  380.3791  381.0397  381.2380  380.9817  380.2843  379.1624  377.6376  375.7343  373.4522  370.7519  367.7003  364.3730  360.8198  357.1834
     0.2410    0.8348  315.2866  321.0421  326.7773  332.4022  337.9207  343.2850  348.4478  353.3641  357.9929  362.2961  366.2398  369.7941  372.9308  375.5862  377.6576  379.2532  380.3813  381.0421  381.2400  380.9828  380.2840  379.1601  377.6328  375.7267  373.4423  370.7410  367.6873  364.3580  360.8029  357.1644
     0.4820    0.8348  315.2849  321.0399  326.7746  332.3988  337.9163  343.2792  348.4401  353.3540  357.9795  362.2787  366.2177  369.7666  372.8978  375.5507  377.6179  379.2072  380.3282  380.9814  381.1714  380.9059  380.1988  379.0666  377.5311  375.6168  373.3298  370.6373  367.5804  364.2495  360.6892  357.0439
     0.7230    0.8348  314.7599  320.1401  325.5048  330.7633  335.9233  340.9417  345.7750  350.3813  354.7226  358.7635  362.4726  365.8218  368.7882  371.3358  373.3628  374.8949  375.9921  376.6568  376.8932  376.7083  376.1142  375.1253  373.7608  372.0410  369.9901  367.6305  364.9552  361.9359  358.6949  355.3609
     0.9640    0.8348  314.2988  319.3504  324.3904  329.3274  334.1725  338.8869  343.4299  347.7629  351.8503  355.6592  359.1602  362.3269  365.1378  367.5702  369.5682  371.0506  372.1173  372.7803  373.0440  372.9150  372.4039  371.5240  370.2927  368.7287  366.8548  364.6936  362.2723  359.6123  356.7052  353.6546
     1.2050    0.8348  313.7100  318.3404  322.9643  327.4899  331.9325  336.2587  340.4321  344.4177  348.1836  351.6999  354.9399  357.8797  360.4994  362.7821  364.7031  366.1822  367.2210  367.8934  368.2053  368.1622  367.7735  367.0505  366.0089  364.6653  363.0404  361.1552  359.0344  356.7036  354.1858  351.5859
    -1.3255    0.6261  313.7118  318.3425  322.9666  327.4923  331.9349  336.2610  340.4343  344.4196  348.1852  351.7011  354.9407  357.8801  360.4993  362.7815  364.7020  366.1808  367.2192  367.8911  368.2028  368.1596  367.7709  367.0483  366.0072  364.6647  363.0411  361.1575  359.0388  356.7103  354.1949  351.5974
    -1.0845    0.6261  314.3012  319.3533  324.3936  329.3310  334.1763  338.8907  343.4337  347.7666  351.8539  355.6625  359.1632  362.3297  365.1403  367.5726  369.5703  371.0526  372.1193  372.7825  373.0466  372.9180  372.4076  371.5284  370.2978  368.7345  366.8613  364.7006  362.2798  359.6196  356.7113  353.6601
    -0.8435    0.6261  314.7628  320.1436  325.5087  330.7675  335.9278  340.9464  345.7797  350.3859  354.7270  358.7676  362.4761  365.8245  368.7899  371.3364  373.3624  374.8930  375.9887  376.6517  376.8863  376.6996  376.1036  375.1128  373.7465  372.0251  369.9727  367.6124  364.9379  361.9200  358.6798  355.3477
    -0.6025    0.6261  315.2882  321.0440  326.7796  332.4048  337.9236  343.2880  348.4509  353.3671  357.9956  362.2983  366.2413  369.7946  372.9303  375.5852  377.6558  379.2505  380.3779  381.0384  381.2363  380.9796  380.2817  379.1593  377.6341  375.7305  373.4484  370.7488  367.6973  364.3700  360.8170  357.1807
    -0.3615    0.6261  315.6828  321.7200  327.7333  333.6332  339.4204  345.0436  350.4528  355.6002  360.4427  364.9401  369.0568  372.7617  376.0170  378.7271  380.8586  382.4984  383.6451  384.2978  384.4605  384.1408  383.3527  382.1007  380.4173  378.3580  375.8693  372.9339  369.6652  366.1317  362.3606  358.4959
    -0.1205    0.6261  315.6847  321.7225  327.7364  333.6371  339.4255  345.0500  350.4608  355.6103  360.4552  364.9553  369.0751  372.7832  376.0414  378.7521  380.8862  382.5296  383.6805  384.3377  384.5053  384.1907  383.4071  382.1521  380.4645  378.4095  375.9298  372.9991  369.7352  366.2071  362.4418  358.5850
     0.1205    0.6261  315.6851  321.7231  327.7372  333.6380  339.4265  345.0511  350.4620  355.6114  360.4562  364.9561  369.0755  372.7832  376.0410  378.7515  380.8853  382.5283  383.6789  384.3361  384.5037  384.1892  383.4063  382.1515  380.4644  378.4103  375.9330  373.0041  369.7414  366.2143  362.4497  358.5927
     0.3615    0.6261  315.6824  321.7196  327.7329  333.6327  339.4199  345.0430  350.4520  355.5993  360.4417  364.9390  369.0557  372.7605  376.0159  378.7260  380.8576  382.4977  383.6449  384.2983  384.4619  384.1431  383.3559  382.1049  380.4219  378.3631  375.8735  372.9376  369.6680  366.1331  362.3606  358.4953
     0.6025    0.6261  315.2870  321.0426  326.7781  332.4031  337.9218  343.2863  348.4492  353.3656  357.9942  362.2969  366.2399  369.7932  372.9286  375.5831  377.6532  379.2470  380.3734  381.0327  381.2293  380.9712  380.2718  379.1478  377.6209  375.7157  373.4329  370.7344  367.6823  364.3549  360.8015  357.1648
     0.8435    0.6261  314.7603  320.1406  325.5053  330.7638  335.9238  340.9423  345.7757  350.3821  354.7237  358.7650  362.4744  365.8241  368.7910  371.3390  373.3659  374.8985  375.9964  376.6617  376.8985  376.7140  376.1200  375.1310  373.7659  372.0450  369.9923  367.6304  364.9528  361.9306  358.6873  355.3517
     1.0845    0.6261  314.2992  319.3509  324.3910  329.3281  334.1734  338.8879  343.4310  347.7641  351.8515  355.6604  359.1613  362.3280  365.1388  367.5711  369.5691  371.0516  372.1184  372.7816  373.0458  372.9172  372.4067  371.5273  370.2964  368.7329  366.8594  364.6986  362.2775  359.6171  356.7087  353.6562
     1.3255    0.6261  313.7096  318.3400  322.9638  327.4895  331.9321  336.2583  340.4318  344.4175  348.1835  351.6998  354.9399  357.8796  360.4993  362.7819  364.7027  366.1819  367.2207  367.8932  368.2055  368.1630  367.7752  367.0536  366.0138  364.6724  363.0500  361.1674  359.0493  356.7212  354.2058  351.6082
    -1.4460    0.4174  313.7117  318.3424  322.9665  327.4923  331.9350  336.2612  340.4345  344.4198  348.1853  351.7009  354.9400  357.8787  360.4971  362.7783  364.6978  366.1764  367.2137  367.8844  368.1950  368.1508  367.7614  367.0383  365.9971  364.6546  363.0313  361.1483  359.0302  356.7024  354.1879  351.5917
    -1.2050    0.4174  314.3005  319.3524  324.3927  329.3299  334.1752  338.8896  343.4326  347.7655  351.8526  355.6611  359.1615  362.3276  365.1377  367.5693  369.5667  371.0484  372.1143  372.7766  373.0398  372.9104  372.3992  371.5193  370.2882  368.7248  366.8517  364.6919  362.2723  359.6139  356.7080  353.6583
    -0.9640    0.4174  314.7626  320.1434  325.5085  330.7673  335.9276  340.9463  345.7798  350.3862  354.7277  358.7686  362.4777  365.8267  368.7929  371.3401  373.3665  374.8981  375.9949  376.6591  376.8949  376.7095  376.1148  375.1254  373.7605  372.0403  369.9892  367.6293  364.9542  361.9348  358.6940  355.3603
    -0.7230    0.4174  315.2889  321.0448  326.7805  332.4057  337.9245  343.2889  348.4518  353.3682  357.9969  362.2999  366.2435  369.7976  372.9340  375.5894  377.6609  379.2568  380.3855  381.0472  381.2464  380.9906  380.2936  379.1716  377.6465  375.7428  373.4599  370.7584  367.7064  364.3791  360.8266  357.1918
    -0.4820    0.4174  315.6847  321.7225  327.7363  333.6370  339.4253  345.0498  350.4606  355.6101  360.4550  364.9553  369.0752  372.7835  376.0419  378.7527  380.8874  382.5314  383.6832  384.3419  384.5113  384.1988  383.4179  382.1636  380.4765  378.4241  375.9490  373.0214  369.7595  366.2326  362.4674  358.6089
    -0.2410    0.4174  316.0145  322.2870  328.5320  334.6620  340.6739  346.5136  352.1290  357.4703  362.4923  367.1534  371.4164  375.2492  378.6037  381.3539  383.5457  385.2262  386.3919  387.0398  387.1660  386.5559  385.3235  383.7379  381.8798  379.7473  377.3509  374.6333  371.3754  367.6871  363.7447  359.7005
     0.0000    0.4174  316.0155  322.2884  328.5337  334.6643  340.6769  346.5176  352.1342  357.4771  362.5010  367.1642  371.4297  375.2650  378.6216  381.3723  383.5659  385.2486  386.4165  387.0665  387.1933  386.5681  385.3312  383.7445  381.8862  379.7535  377.3593  374.6488  371.4047  367.7190  363.7792  359.7386
     0.2410    0.4174  316.0152  322.2879  328.5331  334.6635  340.6757  346.5158  352.1315  357.4730  362.4950  367.1558  371.4181  375.2496  378.6026  381.3519  383.5411  385.2184  386.3804  387.0240  387.1458  386.5443  385.3149  383.7297  381.8713  379.7384  377.3385  374.6103  371.3351  367.6473  363.7069  359.6664
     0.4820    0.4174  315.6848  321.7227  327.7367  333.6374  339.4258  345.0503  350.4611  355.6105  360.4552  364.9552  369.0747  372.7825  376.0405  378.7513  380.8853  382.5287  383.6797  384.3373  384.5054  384.1913  383.4084  382.1536  380.4663  378.4121  375.9341  373.0049  369.7421  366.2148  362.4500  358.5932
     0.7230    0.4174  315.2877  321.0435  326.7791  332.4043  337.9231  343.2877  348.4507  353.3672  357.9961  362.2992  366.2427  369.7967  372.9329  375.5881  377.6593  379.2547  380.3829  381.0442  381.2430  380.9869  380.2898  379.1678  377.6427  375.7391  373.4565  370.7553  367.7034  364.3756  360.8221  357.1851
     0.9640    0.4174  314.7602  320.1406  325.5053  330.7638  335.9238  340.9424  345.7757  350.3823  354.7239  358.7651  362.4745  365.8241  368.7908  371.3386  373.3654  374.8977  375.9952  376.6601  376.8966  376.7118  376.1178  375.1288  373.7641  372.0440  369.9925  367.6319  364.9558  361.9358  358.6947  355.3616
     1.2050    0.4174  314.2984  319.3500  324.3899  329.3269  334.1720  338.8862  343.4292  347.7621  351.8495  355.6584  359.1593  362.3259  365.1367  367.5691  369.5668  371.0490  372.1156  372.7786  373.0423  372.9132  372.4021  371.5220  370.2904  368.7260  366.8513  364.6891  362.2662  359.6046  356.6958  353.6413
     1.4460    0.4174  313.7099  318.3403  322.9642  327.4899  331.9325  336.2587  340.4320  344.4176  348.1834  351.6995  354.9392  357.8788  360.4983  362.7807  364.7015  366.1808  367.2195  367.8917  368.2036  368.1606  367.7721  367.0496  366.0086  364.6658  363.0420  361.1579  359.0384  356.7089  354.1924  351.5934
    -1.5665    0.2087  313.7099  318.3402  322.9640  327.4895  331.9320  336.2579  340.4311  344.4165  348.1823  351.6984  354.9382  357.8779  360.4976  362.7804  364.7015  366.1808  367.2198  367.8924  368.2047  368.1621  367.7740  367.0521  366.0118  364.6699  363.0469  361.1637  359.0451  356.7164  354.2006  351.6025
    -1.3255    0.2087  314.2986  319.3502  324.3900  329.3269  334.1718  338.8860  343.4288  347.7616  351.8490  355.6580  359.1592  362.3264  365.1381  367.5714  369.5700  371.0533  372.1211  372.7851  373.0498  372.9215  372.4110  371.5314  370.3002  368.7360  366.8615  364.6996  362.2771  359.6156  356.7060  353.6520
    -1.0845    0.2087  314.7602  320.1404  325.5050  330.7634  335.9232  340.9415  345.7747  350.3810  354.7224  358.7637  362.4732  365.8232  368.7905  371.3392  373.3667  374.9000  375.9985  376.6645  376.9020  376.7182  376.1250  375.1367  373.7726  372.0529  370.0015  367.6407  364.9638  361.9418  358.6990  355.3633
    -0.8435    0.2087  315.2885  321.0444  326.7800  332.4052  337.9240  343.2885  348.4514  353.3676  357.9960  362.2986  366.2416  369.7949  372.9306  375.5855  377.6562  379.2509  380.3784  381.0389  381.2368  380.9799  380.2817  379.1585  377.6323  375.7274  373.4441  370.7436  367.6907  364.3621  360.8076  357.1698
    -0.6025    0.2087  315.6855  321.7235  327.7375  333.6383  339.4266  345.0512  350.4618  355.6112  360.4558  364.9557  369.0752  372.7830  376.0411  378.7518  380.8861  382.5298  383.6812  384.3394  384.5082  384.1950  383.4134  382.1592  380.4723  378.4195  375.9439  373.0163  369.7545  366.2280  362.4634  358.6059
    -0.3615    0.2087  316.0158  322.2887  328.5341  334.6647  340.6774  346.5181  352.1347  357.4776  362.5014  367.1645  371.4296  375.2647  378.6210  381.3716  383.5649  385.2473  386.4148  387.0643  387.1907  386.5665  385.3299  383.7432  381.8848  379.7521  377.3575  374.6457  371.4009  367.7169  363.7792  359.7414
    -0.1205    0.2087  316.2135  322.6272  329.0112  335.2796  341.4265  347.3966  353.1364  358.5948  363.7257  368.4862  372.8384  376.7492  380.1637  382.9390  385.1677  386.8731  388.0494  388.6872  388.4732  387.4900  386.1443  384.4927  382.5796  380.3935  377.9720  375.2967  372.2914  368.6291  364.5896  360.4415
     0.1205    0.2087  316.2138  322.6275  329.0116  335.2800  341.4270  347.3971  353.1368  358.5952  363.7259  368.4863  372.8384  376.7492  380.1640  382.9395  385.1687  386.8747  388.0518  388.6904  388.4748  387.4912  386.1453  384.4936  382.5804  380.3942  377.9726  375.2975  372.2927  368.6312  364.5918  360.4436
     0.3615    0.2087  316.0143  322.2868  328.5319  334.6621  340.6745  346.5150  352.1315  357.4745  362.4987  367.1625  371.4287  375.2650  378.6228  381.3741  383.5692  385.2536  386.4232  387.0748  387.2029  386.5732  385.3349  383.7479  381.8895  379.7567  377.3634  374.6562  371.4183  367.7331  363.7934  359.7522
     0.6025    0.2087  315.6847  321.7225  327.7365  333.6372  339.4256  345.0502  350.4611  355.6106  360.4553  364.9553  369.0747  372.7823  376.0399  378.7502  380.8834  382.5257  383.6753  384.3313  384.4976  384.1818  383.3971  382.1428  380.4563  378.4008  375.9200  372.9892  369.7254  366.1974  362.4323  358.5760
     0.8435    0.2087  315.2867  321.0423  326.7776  332.4025  337.9212  343.2855  348.4484  353.3648  357.9936  362.2967  366.2403  369.7944  372.9309  375.5865  377.6581  379.2539  380.3826  381.0443  381.2435  380.9878  380.2908  379.1690  377.6442  375.7408  373.4583  370.7569  367.7048  364.3764  360.8218  357.1826
     1.0845    0.2087  314.7595  320.1396  325.5042  330.7626  335.9225  340.9408  345.7739  350.3802  354.7215  358.7625  362.4717  365.8211  368.7878  371.3358  373.3629  374.8956  375.9934  376.6585  376.8953  376.7106  376.1164  375.1270  373.7617  372.0407  369.9881  367.6265  364.9496  361.9286  358.6862  355.3513
     1.3255    0.2087  314.2982  319.3497  324.3896  329.3266  334.1717  338.8861  343.4291  347.7620  351.8494  355.6581  359.1588  362.3253  365.1358  367.5679  369.5660  371.0481  372.1143  372.7767  373.0399  372.9103  372.3988  371.5183  370.2865  368.7220  366.8477  364.6862  362.2649  359.6051  356.6989  353.6480
     1.5665    0.2087  313.7089  318.3391  322.9628  327.4884  331.9309  336.2570  340.4303  344.4159  348.1817  351.6979  354.9377  357.8773  360.4968  362.7792  364.6998  366.1788  367.2172  367.8891  368.2006  368.1571  367.7681  367.0452  366.0038  364.6608  363.0366  361.1524  359.0327  356.7032  354.1868  351.5883
    -1.4460    0.0000  314.2986  319.3501  324.3898  329.3266  334.1712  338.8847  343.4267  347.7581  351.8437  355.6503  359.1486  362.3124  365.1202  367.5498  369.5470  371.0274  372.0911  372.7509  373.0114  372.8791  372.3648  371.4816  370.2471  368.6802  366.8035  364.6399  362.2165  359.5571  356.6555  353.6015
    -1.2050    0.0000  314.7584  320.1381  325.5021  330.7597  335.9184  340.9353  345.7664  350.3702  354.7084  358.7457  362.4506  365.7952  368.7567  371.2998  373.3258  374.8531  375.9445  376.6025  376.8317  376.6390  376.0366  375.0389  373.6651  371.9356  369.8746  367.5070  364.8298  361.8157  358.5693  355.2306
    -0.9640    0.0000  315.2854  321.0405  326.7752  332.3993  337.9167  343.2794  348.4401  353.3538  357.9793  362.2786  366.2179  369.7674  372.8993  375.5528  377.6210  379.2119  380.3346  380.9898  381.1819  380.9187  380.2138  379.0837  377.5504  375.6381  373.3523  370.6585  367.6027  364.2721  360.7127  357.0685
    -0.7230    0.0000  315.6832  321.7206  327.7340  333.6340  339.4215  345.0448  350.4540  355.6016  360.4441  364.9414  369.0579  372.7625  376.0175  378.7274  380.8584  382.4978  383.6442  384.2968  384.4597  384.1405  383.3533  382.1023  380.4200  378.3623  375.8761  372.9430  369.6762  366.1441  362.3743  358.5107
    -0.4820    0.0000  316.0146  322.2871  328.5321  334.6621  340.6741  346.5139  352.1294  357.4709  362.4932  367.1545  371.4178  375.2509  378.6057  381.3561  383.5480  385.2285  386.3941  387.0417  387.1672  386.5550  385.3221  383.7364  381.8782  379.7457  377.3491  374.6308  371.3719  367.6841  363.7427  359.7003
    -0.2410    0.0000  316.2134  322.6270  329.0110  335.2793  341.4262  347.3963  353.1360  358.5945  363.7254  368.4859  372.8382  376.7492  380.1640  382.9395  385.1688  386.8749  388.0522  388.6909  388.4757  387.4922  386.1464  384.4948  382.5817  380.3956  377.9743  375.2997  372.2970  368.6378  364.5984  360.4498
     0.0000    0.0000  316.3456  322.8532  329.3297  335.6898  341.9261  347.9821  353.8034  359.3382  364.5393  369.3635  373.7721  377.7314  381.1825  383.9743  386.2248  387.9434  389.1223  389.6579  389.1041  388.0411  386.6537  384.9675  383.0206  380.7988  378.3493  375.6606  372.7085  369.1880  365.0869  360.8646
     0.2410    0.0000  316.2140  322.6279  329.0121  335.2807  341.4279  347.3982  353.1381  358.5966  363.7273  368.4874  372.8390  376.7490  380.1626  382.9372  385.1645  386.8683  388.0427  388.6784  388.4692  387.4873  386.1417  384.4899  382.5765  380.3903  377.9677  375.2899  372.2757  368.6036  364.5645  360.4180
     0.4820    0.0000  316.0136  322.2859  328.5307  334.6606  340.6724  346.5122  352.1277  357.4693  362.4917  367.1533  371.4169  375.2503  378.6053  381.3558  383.5480  385.2287  386.3943  387.0417  387.1670  386.5559  385.3230  383.7370  381.8785  379.7456  377.3482  374.6271  371.3614  367.6715  363.7282  359.6835
     0.7230    0.0000  315.6825  321.7197  327.7329  333.6327  339.4200  345.0432  350.4524  355.5999  360.4425  364.9400  369.0568  372.7619  376.0174  378.7279  380.8597  382.5000  383.6473  384.3009  384.4646  384.1460  383.3590  382.1071  380.4234  378.3651  375.8781  372.9439  369.6759  366.1431  362.3729  358.5102
     0.9640    0.0000  315.2846  321.0396  326.7742  332.3983  337.9157  343.2785  348.4394  353.3533  357.9789  362.2783  366.2175  369.7666  372.8980  375.5507  377.6178  379.2070  380.3279  380.9808  381.1704  380.9047  380.1974  379.0649  377.5292  375.6147  373.3277  370.6352  367.5780  364.2467  360.6861  357.0410
     1.2050    0.0000  314.7571  320.1365  325.5003  330.7576  335.9162  340.9328  345.7640  350.3678  354.7062  358.7438  362.4491  365.7943  368.7565  371.3004  373.3265  374.8549  375.9474  376.6067  376.8371  376.6456  376.0442  375.0473  373.6740  371.9446  369.8832  367.5147  364.8360  361.8187  358.5698  355.2267
     1.4460    0.0000  314.2974  319.3486  324.3882  329.3248  334.1693  338.8828  343.4248  347.7564  351.8422  355.6492  359.1479  362.3122  365.1205  367.5505  369.5480  371.0287  372.0927  372.7527  373.0134  372.8812  372.3669  371.4838  370.2492  368.6820  366.8048  364.6405  362.2159  359.5552  356.6523  353.5964
    -1.5665   -0.2087  313.7100  318.3403  322.9641  327.4897  331.9322  336.2582  340.4314  344.4168  348.1825  351.6986  354.9384  357.8780  360.4977  362.7806  364.7018  366.1814  367.2207  367.8937  368.2066  368.1647  367.7775  367.0565  366.0171  364.6760  363.0539  361.1716  359.0537  356.7257  354.2102  351.6120
    -1.3255   -0.2087  314.2982  319.3497  324.3895  329.3264  334.1713  338.8855  343.4285  347.7614  351.8490  355.6582  359.1596  362.3271  365.1390  367.5726  369.5715  371.0553  372.1235  372.7882  373.0537  372.9264  372.4172  371.5391  370.3093  368.7467  366.8738  364.7131  362.2919  359.6307  356.7200  353.6670
    -1.0845   -0.2087  314.7608  320.1413  325.5062  330.7648  335.9250  340.9436  345.7769  350.3833  354.7246  358.7655  362.4745  365.8236  368.7901  371.3378  373.3651  374.8975  375.9952  376.6607  376.8980  376.7144  376.1218  375.1347  373.7721  372.0542  370.0052  367.6467  364.9716  361.9518  358.7110  355.3774
    -0.8435   -0.2087  315.2876  321.0434  326.7789  332.4040  337.9227  343.2872  348.4501  353.3665  357.9952  362.2981  366.2414  369.7952  372.9313  375.5864  377.6573  379.2523  380.3799  381.0405  381.2385  380.9817  380.2839  379.1615  377.6364  375.7332  373.4518  370.7527  367.7020  364.3755  360.8232  357.1873
    -0.6025   -0.2087  315.6845  321.7223  327.7362  333.6368  339.4251  345.0496  350.4603  355.6098  360.4547  364.9549  369.0749  372.7834  376.0420  378.7530  380.8878  382.5322  383.6840  384.3425  384.5115  384.1983  383.4162  382.1611  380.4733  378.4197  375.9429  373.0141  369.7514  366.2241  362.4592  358.6022
    -0.3615   -0.2087  316.0155  322.2883  328.5337  334.6642  340.6768  346.5174  352.1340  357.4767  362.5005  367.1636  371.4290  375.2644  378.6213  381.3720  383.5663  385.2499  386.4190  387.0704  387.1986  386.5720  385.3347  383.7481  381.8901  379.7576  377.3647  374.6585  371.4240  367.7403  363.8014  359.7611
    -0.1205   -0.2087  316.2142  322.6281  329.0124  335.2810  341.4283  347.3986  353.1385  358.5970  363.7278  368.4880  372.8396  376.7497  380.1634  382.9381  385.1657  386.8698  388.0447  388.6809  388.4700  387.4876  386.1419  384.4901  382.5767  380.3906  377.9684  375.2915  372.2804  368.6117  364.5726  360.4252
     0.1205   -0.2087  316.2135  322.6272  329.0113  335.2796  341.4266  347.3967  353.1363  358.5948  363.7255  368.4860  372.8381  376.7489  380.1635  382.9388  385.1677  386.8735  388.0502  388.6883  388.4742  387.4909  386.1452  384.4934  382.5803  380.3941  377.9725  375.2971  372.2914  368.6279  364.5882  360.4390
     0.3615   -0.2087  316.0153  322.2881  328.5335  334.6640  340.6766  346.5174  352.1340  357.4769  362.5009  367.1641  371.4296  375.2649  378.6217  381.3723  383.5661  385.2491  386.4173  387.0678  387.1953  386.5701  385.3331  383.7465  381.8884  379.7560  377.3627  374.6551  371.4182  367.7349  363.7967  359.7571
     0.6025   -0.2087  315.6850  321.7230  327.7370  333.6377  339.4261  345.0508  350.4616  355.6112  360.4560  364.9562  369.0760  372.7843  376.0427  378.7537  380.8883  382.5324  383.6842  384.3427  384.5120  384.1992  383.4180  382.1631  380.4754  378.4226  375.9475  373.0194  369.7569  366.2296  362.4642  358.6059
     0.8435   -0.2087  315.2880  321.0438  326.7794  332.4046  337.9235  343.2882  348.4512  353.3676  357.9963  362.2991  366.2423  369.7957  372.9314  375.5865  377.6570  379.2513  380.3782  381.0378  381.2348  380.9769  380.2778  379.1540  377.6275  375.7229  373.4406  370.7422  367.6913  364.3652  360.8133  357.1784
     1.0845   -0.2087  314.7599  320.1402  325.5049  330.7633  335.9233  340.9417  345.7750  350.3814  354.7229  358.7640  362.4733  365.8228  368.7895  371.3375  373.3646  374.8970  375.9946  376.6594  376.8957  376.7107  376.1161  375.1265  373.7611  372.0400  369.9874  367.6260  364.9493  361.9287  358.6866  355.3527
     1.3255   -0.2087  314.2984  319.3500  324.3899  329.3270  334.1721  338.8865  343.4295  347.7625  351.8499  355.6587  359.1595  362.3260  365.1366  367.5687  369.5665  371.0485  372.1146  372.7769  373.0400  372.9103  372.3987  371.5182  370.2864  368.7221  366.8479  364.6864  362.2649  359.6048  356.6980  353.6457
     1.5665   -0.2087  313.7100  318.3404  322.9643  327.4899  331.9324  336.2585  340.4318  344.4172  348.1828  351.6987  354.9382  357.8774  360.4966  362.7787  364.6992  366.1784  367.2168  367.8889  368.2009  368.1580  367.7699  367.0479  366.0077  364.6660  363.0432  361.1604  359.0422  356.7141  354.1989  351.6015
    -1.4460   -0.4174  313.7108  318.3414  322.9653  327.4911  331.9338  336.2600  340.4334  344.4189  348.1846  351.7005  354.9400  357.8791  360.4980  362.7796  364.6996  366.1783  367.2160  367.8871  368.1979  368.1539  367.7645  367.0412  365.9998  364.6568  363.0330  361.1493  359.0306  356.7023  354.1875  351.5914
    -1.2050   -0.4174  314.2992  319.3509  324.3909  329.3280  334.1731  338.8875  343.4306  347.7637  351.8514  355.6606  359.1621  362.3295  365.1413  367.5748  369.5734  371.0568  372.1250  372.7895  373.0549  372.9276  372.4183  371.5401  370.3107  368.7486  366.8767  364.7176  362.2983  359.6388  356.7286  353.6765
    -0.9640   -0.4174  314.7617  320.1424  325.5074  330.7661  335.9263  340.9449  345.7783  350.3847  354.7262  358.7673  362.4767  365.8262  368.7931  371.3412  373.3682  374.9011  375.9993  376.6652  376.9028  376.7191  376.1261  375.1380  373.7739  372.0541  370.0024  367.6413  364.9641  361.9417  358.6988  355.3638
    -0.7230   -0.4174  315.2886  321.0446  326.7803  332.4056  337.9245  343.2891  348.4522  353.3687  357.9975  362.3006  366.2442  369.7982  372.9346  375.5898  377.6612  379.2569  380.3856  381.0473  381.2466  380.9912  380.2946  379.1732  377.6488  375.7461  373.4641  370.7629  367.7117  364.3842  360.8312  357.1941
    -0.4820   -0.4174  315.6851  321.7230  327.7371  333.6378  339.4263  345.0509  350.4618  355.6113  360.4562  364.9563  369.0761  372.7842  376.0426  378.7536  380.8880  382.5319  383.6834  384.3417  384.5107  384.1977  383.4160  382.1609  380.4734  378.4205  375.9454  373.0174  369.7551  366.2277  362.4626  358.6053
    -0.2410   -0.4174  316.0145  322.2870  328.5320  334.6621  340.6741  346.5140  352.1295  357.4711  362.4933  367.1546  371.4177  375.2506  378.6049  381.3549  383.5462  385.2260  386.3907  387.0373  387.1619  386.5532  385.3211  383.7354  381.8770  379.7443  377.3468  374.6255  371.3602  367.6712  363.7290  359.6855
     0.0000   -0.4174  316.0158  322.2887  328.5341  334.6648  340.6774  346.5182  352.1348  357.4777  362.5016  367.1648  371.4303  375.2657  378.6227  381.3736  383.5679  385.2515  386.4205  387.0717  387.1998  386.5716  385.3341  383.7474  381.8893  379.7568  377.3637  374.6571  371.4218  367.7379  363.7992  359.7593
     0.2410   -0.4174  316.0142  322.2867  328.5317  334.6617  340.6737  346.5135  352.1291  357.4707  362.4930  367.1544  371.4176  375.2505  378.6049  381.3548  383.5460  385.2256  386.3900  387.0362  387.1603  386.5524  385.3205  383.7348  381.8765  379.7437  377.3459  374.6235  371.3561  367.6672  363.7246  359.6807
     0.4820   -0.4174  315.6859  321.7241  327.7383  333.6393  339.4280  345.0527  350.4637  355.6132  360.4578  364.9576  369.0768  372.7843  376.0418  378.7522  380.8856  382.5282  383.6783  384.3350  384.5023  384.1875  383.4041  382.1494  380.4625  378.4084  375.9309  373.0021  369.7396  366.2128  362.4488  358.5936
     0.7230   -0.4174  315.2878  321.0436  326.7791  332.4043  337.9231  343.2876  348.4507  353.3674  357.9963  362.2996  366.2432  369.7972  372.9334  375.5883  377.6591  379.2540  380.3817  381.0422  381.2403  380.9837  380.2859  379.1636  377.6385  375.7352  373.4534  370.7536  367.7028  364.3763  360.8239  357.1880
     0.9640   -0.4174  314.7609  320.1413  325.5061  330.7646  335.9247  340.9432  345.7766  350.3832  354.7249  358.7664  362.4762  365.8262  368.7936  371.3420  373.3691  374.9022  376.0005  376.6662  376.9033  376.7190  376.1250  375.1359  373.7706  372.0496  369.9969  367.6351  364.9577  361.9361  358.6936  355.3589
     1.2050   -0.4174  314.2998  319.3516  324.3917  329.3289  334.1742  338.8886  343.4317  347.7646  351.8520  355.6608  359.1616  362.3282  365.1390  367.5714  369.5694  371.0519  372.1189  372.7823  373.0468  372.9187  372.4090  371.5306  370.3012  368.7393  366.8676  364.7086  362.2894  359.6302  356.7211  353.6693
     1.4460   -0.4174  313.7104  318.3409  322.9648  327.4904  331.9330  336.2591  340.4324  344.4179  348.1837  351.6999  354.9399  357.8797  360.4995  362.7823  364.7035  366.1830  367.2223  367.8952  368.2079  368.1656  367.7780  367.0563  366.0161  364.6741  363.0508  361.1672  359.0480  356.7187  354.2023  351.6037
    -1.3255   -0.6261  313.7112  318.3419  322.9659  327.4917  331.9343  336.2605  340.4338  344.4193  348.1849  351.7009  354.9406  357.8801  360.4996  362.7822  364.7032  366.1826  367.2218  367.8948  368.2077  368.1657  367.7785  367.0572  366.0175  364.6761  363.0533  361.1703  359.0516  356.7228  354.2066  351.6078
    -1.0845   -0.6261  314.3005  319.3525  324.3927  329.3301  334.1755  338.8901  343.4333  347.7664  351.8539  355.6628  359.1636  362.3302  365.1409  367.5731  369.5709  371.0531  372.1195  372.7823  373.0459  372.9168  372.4057  371.5259  370.2947  368.7310  366.8574  364.6968  362.2762  359.6168  356.7096  353.6589
    -0.8435   -0.6261  314.7621  320.1428  325.5079  330.7667  335.9269  340.9456  345.7790  350.3854  354.7269  358.7679  362.4772  365.8266  368.7934  371.3413  373.3684  374.9011  375.9992  376.6650  376.9026  376.7191  376.1265  375.1390  373.7760  372.0575  370.0077  367.6484  364.9725  361.9522  358.7113  355.3784
    -0.6025   -0.6261  315.2880  321.0439  326.7794  332.4046  337.9235  343.2880  348.4510  353.3674  357.9961  362.2991  366.2426  369.7967  372.9331  375.5886  377.6602  379.2558  380.3843  381.0459  381.2451  380.9896  380.2931  379.1719  377.6481  375.7461  373.4650  370.7648  367.7143  364.3877  360.8354  357.1996
    -0.3615   -0.6261  315.6830  321.7203  327.7337  333.6336  339.4210  345.0442  350.4534  355.6008  360.4433  364.9406  369.0573  372.7621  376.0174  378.7274  380.8589  382.4990  383.6461  384.2995  384.4632  384.1445  383.3576  382.1064  380.4234  378.3652  375.8778  372.9438  369.6761  366.1435  362.3734  358.5107
    -0.1205   -0.6261  315.6853  321.7233  327.7374  333.6382  339.4267  345.0513  350.4622  355.6118  360.4566  364.9568  369.0765  372.7846  376.0427  378.7533  380.8875  382.5309  383.6818  384.3392  384.5072  384.1930  383.4099  382.1550  380.4678  378.4140  375.9371  373.0089  369.7470  366.2206  362.4568  358.6013
     0.1205   -0.6261  315.6848  321.7227  327.7366  333.6374  339.4258  345.0504  350.4612  355.6109  360.4559  364.9563  369.0764  372.7850  376.0438  378.7546  380.8896  382.5341  383.6862  384.3449  384.5142  384.2013  383.4198  382.1649  380.4770  378.4237  375.9471  373.0181  369.7549  366.2269  362.4610  358.6025
     0.3615   -0.6261  315.6833  321.7208  327.7343  333.6343  339.4219  345.0453  350.4546  355.6022  360.4446  364.9417  369.0579  372.7620  376.0164  378.7258  380.8559  382.4942  383.6395  384.2908  384.4524  384.1318  383.3433  382.0921  380.4100  378.3512  375.8633  372.9293  369.6619  366.1299  362.3605  358.4983
     0.6025   -0.6261  315.2878  321.0436  326.7791  332.4042  337.9230  343.2874  348.4503  353.3666  357.9952  362.2981  366.2415  369.7955  372.9319  375.5874  377.6591  379.2550  380.3838  381.0457  381.2452  380.9899  380.2933  379.1718  377.6470  375.7434  373.4603  370.7580  367.7047  364.3750  360.8193  357.1798
     0.8435   -0.6261  314.7613  320.1419  325.5068  330.7655  335.9257  340.9444  345.7778  350.3844  354.7260  358.7672  362.4765  365.8260  368.7928  371.3406  373.3675  374.8998  375.9973  376.6621  376.8984  376.7132  376.1184  375.1284  373.7625  372.0410  369.9880  367.6261  364.9493  361.9286  358.6867  355.3533
     1.0845   -0.6261  314.2997  319.3515  324.3916  329.3287  334.1739  338.8882  343.4312  347.7642  351.8518  355.6609  359.1622  362.3296  365.1413  367.5749  369.5736  371.0574  372.1259  372.7911  373.0572  372.9306  372.4221  371.5447  370.3157  368.7538  366.8817  364.7219  362.3016  359.6407  356.7292  353.6765
     1.3255   -0.6261  313.7114  318.3421  322.9662  327.4920  331.9348  336.2611  340.4346  344.4202  348.1859  351.7018  354.9411  357.8801  360.4987  362.7799  364.6994  366.1779  367.2150  367.8855  368.1957  368.1508  367.7606  367.0363  365.9939  364.6500  363.0253  361.1409  359.0216  356.6931  354.1782  351.5821
    -1.2050   -0.8348  313.7111  318.3417  322.9657  327.4914  331.9341  336.2603  340.4337  344.4193  348.1852  351.7014  354.9414  357.8811  360.5008  362.7835  364.7045  366.1838  367.2228  367.8954  368.2079  368.1655  367.7777  367.0560  366.0159  364.6741  363.0511  361.1677  359.0487  356.7196  354.2033  351.6050
    -0.9640   -0.8348  314.3001  319.3520  324.3922  329.3294  334.1747  338.8892  343.4323  347.7653  351.8528  355.6617  359.1626  362.3293  365.1402  367.5727  369.5706  371.0531  372.1199  372.7830  373.0470  372.9181  372.4072  371.5273  370.2959  368.7317  366.8574  364.6958  362.2740  359.6134  356.7054  353.6533
    -0.7230   -0.8348  314.7606  320.1409  325.5057  330.7641  335.9240  340.9424  345.7755  350.3818  354.7231  358.7641  362.4735  365.8231  368.7902  371.3387  373.3661  374.8994  375.9981  376.6643  376.9023  376.7192  376.1270  375.1401  373.7775  372.0596  370.0105  367.6518  364.9761  361.9553  358.7137  355.3787
    -0.4820   -0.8348  315.2853  321.0404  326.7751  332.3993  337.9167  343.2795  348.4404  353.3543  357.9800  362.2796  366.2191  369.7688  372.9010  375.5544  377.6227  379.2136  380.3366  380.9920  381.1845  380.9219  380.2178  379.0887  377.5564  375.6452  373.3598  370.6649  367.6086  364.2768  360.7158  357.0693
    -0.2410   -0.8348  315.2886  321.0446  326.7803  332.4055  337.9244  343.2889  348.4519  353.3681  357.9967  362.2995  366.2427  369.7966  372.9329  375.5886  377.6603  379.2563  380.3853  381.0476  381.2474  380.9927  380.2969  379.1765  377.6533  375.7520  373.4712  370.7707  367.7207  364.3945  360.8424  357.2060
     0.0000   -0.8348  315.2892  321.0454  326.7812  332.4067  337.9258  343.2905  348.4536  353.3701  357.9988  362.3017  366.2448  369.7983  372.9341  375.5889  377.6596  379.2544  380.3820  381.0428  381.2410  380.9845  380.2868  379.1643  377.6390  375.7351  373.4526  370.7521  367.7003  364.3730  360.8202  357.1848
     0.2410   -0.8348  315.2880  321.0438  326.7794  332.4047  337.9235  343.2880  348.4510  353.3674  357.9962  362.2993  366.2430  369.7974  372.9342  375.5901  377.6622  379.2587  380.3880  381.0504  381.2502  380.9949  380.2982  379.1763  377.6512  375.7472  373.4638  370.7612  367.7082  364.3790  360.8242  357.1859
     0.4820   -0.8348  315.2850  321.0400  326.7747  332.3988  337.9162  343.2791  348.4401  353.3541  357.9800  362.2798  366.2195  369.7694  372.9017  375.5552  377.6236  379.2145  380.3373  380.9926  381.1847  380.9217  380.2170  379.0872  377.5542  375.6425  373.3568  370.6625  367.6069  364.2763  360.7168  357.0722
     0.7230   -0.8348  314.7596  320.1398  325.5044  330.7628  335.9227  340.9412  345.7745  350.3811  354.7227  358.7642  362.4739  365.8238  368.7911  371.3394  373.3665  374.8992  375.9969  376.6617  376.8979  376.7125  376.1176  375.1276  373.7618  372.0405  369.9880  367.6269  364.9506  361.9299  358.6876  355.3521
     0.9640   -0.8348  314.2993  319.3511  324.3911  329.3283  334.1735  338.8880  343.4312  347.7643  351.8520  355.6611  359.1624  362.3296  365.1411  367.5742  369.5728  371.0561  372.1239  372.7882  373.0535  372.9261  372.4169  371.5389  370.3096  368.7477  366.8759  364.7168  362.2976  359.6381  356.7285  353.6776
     1.2050   -0.8348  313.7111  318.3417  322.9657  327.4915  331.9342  336.2604  340.4338  344.4194  348.1852  351.7012  354.9408  357.8801  360.4992  362.7812  364.7013  366.1801  367.2181  367.8896  368.2008  368.1571  367.7680  367.0450  366.0036  364.6607  363.0367  361.1527  359.0334  356.7045  354.1888  351.5913
    -1.0845   -1.0436  313.7115  318.3422  322.9663  327.4921  331.9348  336.2610  340.4343  344.4197  348.1853  351.7012  354.9408  357.8800  360.4992  362.7813  364.7017  366.1808  367.2192  367.8912  368.2029  368.1597  367.7712  367.0488  366.0081  364.6659  363.0428  361.1597  359.0414  356.7131  354.1977  351.6000
    -0.8435   -1.0436  314.2997  319.3515  324.3915  329.3287  334.1739  338.8882  343.4313  347.7642  351.8517  355.6606  359.1617  362.3287  365.1400  367.5730  369.5716  371.0548  372.1224  372.7866  373.0516  372.9241  372.4147  371.5366  370.3071  368.7450  366.8730  364.7137  362.2941  359.6344  356.7247  353.6729
    -0.6025   -1.0436  314.7592  320.1391  325.5033  330.7610  335.9199  340.9368  345.7680  350.3718  354.7101  358.7474  362.4524  365.7970  368.7586  371.3019  373.3279  374.8555  375.9471  376.6053  376.8345  376.6417  376.0390  375.0407  373.6663  371.9360  369.8740  367.5054  364.8274  361.8128  358.5658  355.2264
    -0.3615   -1.0436  314.7605  320.1409  325.5056  330.7639  335.9238  340.9422  345.7754  350.3819  354.7235  358.7650  362.4749  365.8252  368.7930  371.3421  373.3697  374.9035  376.0026  376.6691  376.9071  376.7237  376.1307  375.1426  373.7784  372.0584  370.0068  367.6457  364.9683  361.9461  358.7033  355.3677
    -0.1205   -1.0436  314.7628  320.1437  325.5089  330.7678  335.9282  340.9469  345.7804  350.3868  354.7282  358.7690  362.4779  365.8267  368.7926  371.3395  373.3656  374.8967  375.9929  376.6563  376.8913  376.7049  376.1092  375.1186  373.7523  372.0306  369.9777  367.6165  364.9406  361.9209  358.6794  355.3466
     0.1205   -1.0436  314.7616  320.1423  325.5072  330.7659  335.9261  340.9447  345.7781  350.3847  354.7263  358.7676  362.4772  365.8268  368.7937  371.3416  373.3681  374.9005  375.9982  376.6633  376.9001  376.7156  376.1220  375.1337  373.7699  372.0509  370.0010  367.6420  364.9670  361.9468  358.7056  355.3715
     0.3615   -1.0436  314.7606  320.1410  325.5059  330.7645  335.9247  340.9433  345.7768  350.3835  354.7251  358.7664  362.4758  365.8253  368.7919  371.3397  373.3666  374.8986  375.9955  376.6597  376.8954  376.7096  376.1145  375.1244  373.7587  372.0377  369.9854  367.6246  364.9487  361.9286  358.6866  355.3518
     0.6025   -1.0436  314.7583  320.1380  325.5021  330.7598  335.9186  340.9355  345.7667  350.3705  354.7088  358.7461  362.4509  365.7955  368.7568  371.2999  373.3258  374.8532  375.9446  376.6028  376.8322  376.6398  376.0376  375.0402  373.6666  371.9371  369.8757  367.5075  364.8293  361.8139  358.5660  355.2254
     0.8435   -1.0436  314.2977  319.3491  324.3889  329.3257  334.1707  338.8850  343.4280  347.7610  351.8486  355.6578  359.1591  362.3264  365.1381  367.5713  369.5697  371.0528  372.1201  372.7836  373.0477  372.9186  372.4072  371.5265  370.2941  368.7286  366.8527  364.6894  362.2657  359.6038  356.6958  353.6425
     1.0845   -1.0436  313.7102  318.3407  322.9646  327.4903  331.9329  336.2591  340.4324  344.4179  348.1836  351.6996  354.9393  357.8787  360.4980  362.7802  364.7008  366.1798  367.2183  367.8903  368.2021  368.1591  367.7707  367.0484  366.0077  364.6654  363.0419  361.1582  359.0390  356.7097  354.1933  351.5945
    -0.9640   -1.2523  313.7106  318.3412  322.9651  327.4908  331.9334  336.2596  340.4329  344.4184  348.1841  351.7001  354.9397  357.8791  360.4984  362.7806  364.7011  366.1800  367.2183  367.8902  368.2018  368.1586  367.7699  367.0472  366.0062  364.6635  363.0397  361.1558  359.0364  356.7070  354.1906  351.5918
    -0.7230   -1.2523  314.2991  319.3507  324.3906  329.3274  334.1720  338.8857  343.4277  347.7594  351.8452  355.6521  359.1506  362.3146  365.1225  367.5520  369.5489  371.0290  372.0921  372.7511  373.0105  372.8769  372.3611  371.4763  370.2399  368.6708  366.7918  364.6257  362.1997  359.5387  356.6378  353.5835
    -0.4820   -1.2523  314.3005  319.3525  324.3928  329.3301  334.1754  338.8898  343.4329  347.7657  351.8530  355.6616  359.1621  362.3284  365.1388  367.5708  369.5688  371.0510  372.1174  372.7803  373.0440  372.9151  372.4044  371.5249  370.2940  368.7306  366.8573  364.6969  362.2765  359.6171  356.7100  353.6593
    -0.2410   -1.2523  314.3015  319.3536  324.3940  329.3315  334.1769  338.8915  343.4346  347.7675  351.8549  355.6636  359.1643  362.3308  365.1415  367.5738  369.5717  371.0542  372.1212  372.7847  373.0493  372.9214  372.4118  371.5336  370.3043  368.7426  366.8712  364.7126  362.2938  359.6350  356.7260  353.6755
     0.0000   -1.2523  314.3020  319.3543  324.3948  329.3325  334.1781  338.8928  343.4360  347.7690  351.8563  355.6649  359.1654  362.3315  365.1417  367.5735  369.5713  371.0534  372.1197  372.7825  373.0462  372.9173  372.4064  371.5268  370.2958  368.7323  366.8591  364.6989  362.2790  359.6201  356.7133  353.6632
     0.2410   -1.2523  314.2999  319.3518  324.3919  329.3291  334.1743  338.8887  343.4318  347.7649  351.8525  355.6618  359.1632  362.3308  365.1427  367.5765  369.5755  371.0595  372.1283  372.7937  373.0600  372.9337  372.4254  371.5481  370.3191  368.7571  366.8845  364.7241  362.3030  359.6414  356.7294  353.6766
     0.4820   -1.2523  314.2990  319.3507  324.3907  329.3278  334.1730  338.8874  343.4305  347.7636  351.8511  355.6600  359.1610  362.3277  365.1386  367.5710  369.5688  371.0509  372.1170  372.7791  373.0416  372.9112  372.3985  371.5167  370.2834  368.7176  366.8419  364.6793  362.2571  359.5973  356.6921  353.6412
     0.7230   -1.2523  314.2969  319.3481  324.3875  329.3241  334.1685  338.8821  343.4242  347.7561  351.8423  355.6499  359.1494  362.3146  365.1240  367.5551  369.5529  371.0344  372.0993  372.7602  373.0215  372.8897  372.3756  371.4925  370.2578  368.6904  366.8129  364.6482  362.2231  359.5616  356.6572  353.6000
     0.9640   -1.2523  313.7091  318.3394  322.9632  327.4888  331.9313  336.2575  340.4309  344.4164  348.1823  351.6985  354.9384  357.8781  360.4976  362.7801  364.7009  366.1800  367.2185  367.8904  368.2019  368.1583  367.7693  367.0463  366.0048  364.6616  363.0374  361.1530  359.0333  356.7036  354.1870  351.5881
    -0.6025   -1.4610  313.7121  318.3428  322.9669  327.4928  331.9354  336.2615  340.4347  344.4199  348.1853  351.7008  354.9399  357.8787  360.4973  362.7789  364.6987  366.1775  367.2153  367.8867  368.1979  368.1543  367.7656  367.0431  366.0023  364.6602  363.0372  361.1542  359.0358  356.7075  354.1921  351.5944
    -0.3615   -1.4610  313.7121  318.3429  322.9670  327.4928  331.9354  336.2615  340.4347  344.4200  348.1855  351.7012  354.9406  357.8798  360.4989  362.7810  364.7015  366.1807  367.2192  367.8914  368.2034  368.1607  367.7726  367.0507  366.0104  364.6687  363.0459  361.1630  359.0446  356.7161  354.2001  351.6013
    -0.1205   -1.4610  313.7122  318.3430  322.9672  327.4931  331.9358  336.2620  340.4353  344.4208  348.1864  351.7022  354.9417  357.8809  360.4999  362.7817  364.7019  366.1807  367.2187  367.8902  368.2015  368.1578  367.7688  367.0457  366.0043  364.6612  363.0370  361.1527  359.0330  356.7036  354.1875  351.5899
     0.1205   -1.4610  313.7109  318.3415  322.9654  327.4911  331.9337  336.2598  340.4331  344.4187  348.1845  351.7009  354.9410  357.8810  360.5010  362.7841  364.7056  366.1848  367.2243  367.8975  368.2103  368.1683  367.7807  367.0592  366.0191  364.6772  363.0541  361.1706  359.0516  356.7225  354.2062  351.6075
     0.3615   -1.4610  313.7113  318.3420  322.9660  327.4919  331.9346  336.2608  340.4341  344.4196  348.1852  351.7011  354.9406  357.8798  360.4989  362.7810  364.7013  366.1804  367.2187  367.8906  368.2022  368.1590  367.7704  367.0479  366.0070  364.6645  363.0410  361.1574  359.0383  356.7091  354.1926  351.5934
     0.6025   -1.4610  313.7106  318.3412  322.9651  327.4909  331.9335  336.2597  340.4330  344.4185  348.1841  351.7000  354.9396  357.8788  360.4979  362.7799  364.7003  366.1793  367.2174  367.8890  368.2003  368.1568  367.7678  367.0449  366.0037  364.6608  363.0370  361.1530  359.0337  356.7046  354.1888  351.5912
