104591.585 177063.46 247813.26 316152.887 381417.689 442972.916 500219.895 552601.858 599609.35 640785.187 675728.904 704100.646 725624.477 740091.06 747359.699 747359.699 740091.06 725624.477 704100.646 675728.904 640785.187 599609.35 552601.858 500219.895 442972.916 381417.689 316152.887 247813.26 177063.46 104591.585
104591.585 177063.46 247813.26 316152.887 381417.689 442972.916 500219.895 552601.858 599609.35 640785.187 675728.904 704100.646 725624.477 740091.06 747359.699 747359.699 740091.06 725624.477 704100.646 675728.904 640785.187 599609.35 552601.858 500219.895 442972.916 381417.689 316152.887 247813.26 177063.46 104591.585
104591.585 177063.46 247813.26 316152.887 381417.689 442972.916 500219.895 552601.858 599609.35 640785.187 675728.904 704100.646 725624.477 740091.06 747359.699 747359.699 740091.06 725624.477 704100.646 675728.904 640785.187 599609.35 552601.858 500219.895 442972.916 381417.689 316152.887 247813.26 177063.46 104591.585
104591.585 177063.46 247813.26 316152.887 381417.689 442972.916 500219.895 552601.858 599609.35 640785.187 675728.904 704100.646 725624.477 740091.06 747359.699 747359.699 740091.06 725624.477 704100.646 675728.904 640785.187 599609.35 552601.858 500219.895 442972.916 381417.689 316152.887 247813.26 177063.46 104591.585
104591.585 177063.46 247813.26 316152.887 381417.689 442972.916 500219.895 552601.858 599609.35 640785.187 675728.904 704100.646 725624.477 740091.06 747359.699 747359.699 740091.06 725624.477 704100.646 675728.904 640785.187 599609.35 552601.858 500219.895 442972.916 381417.689 316152.887 247813.26 177063.46 104591.585
104591.585 177063.46 247813.26 316152.887 381417.689 442972.916 500219.895 552601.858 599609.35 640785.187 675728.904 704100.646 725624.477 740091.06 747359.699 747359.699 740091.06 725624.477 704100.646 675728.904 640785.187 599609.35 552601.858 500219.895 442972.916 381417.689 316152.887 247813.26 177063.46 104591.585
104591.585 177063.46 247813.26 316152.887 381417.689 442972.916 500219.895 552601.858 599609.35 640785.187 675728.904 704100.646 725624.477 740091.06 747359.699 747359.699 740091.06 725624.477 704100.646 675728.904 640785.187 599609.35 552601.858 500219.895 442972.916 381417.689 316152.887 247813.26 177063.46 104591.585
115797.826 196034.545 274364.68 350026.411 422283.87 490434.299 553814.884 611809.2 663853.209 709440.743 748128.429 779540.001 803369.956 819386.531 827433.952 827433.952 819386.531 803369.956 779540.001 748128.429 709440.743 663853.209 611809.2 553814.884 490434.299 422283.87 350026.411 274364.68 196034.545 115797.826
115797.826 196034.545 274364.68 350026.411 422283.87 490434.299 553814.884 611809.2 663853.209 709440.743 748128.429 779540.001 803369.956 819386.531 827433.952 827433.952 819386.531 803369.956 779540.001 748128.429 709440.743 663853.209 611809.2 553814.884 490434.299 422283.87 350026.411 274364.68 196034.545 115797.826
115797.826 196034.545 274364.68 350026.411 422283.87 490434.299 553814.884 611809.2 663853.209 709440.743 748128.429 779540.001 803369.956 819386.531 827433.952 827433.952 819386.531 803369.956 779540.001 748128.429 709440.743 663853.209 611809.2 553814.884 490434.299 422283.87 350026.411 274364.68 196034.545 115797.826
115797.826 196034.545 274364.68 350026.411 422283.87 490434.299 553814.884 611809.2 663853.209 709440.743 748128.429 779540.001 803369.956 819386.531 827433.952 827433.952 819386.531 803369.956 779540.001 748128.429 709440.743 663853.209 611809.2 553814.884 490434.299 422283.87 350026.411 274364.68 196034.545 115797.826
115797.826 196034.545 274364.68 350026.411 422283.87 490434.299 553814.884 611809.2 663853.209 709440.743 748128.429 779540.001 803369.956 819386.531 827433.952 827433.952 819386.531 803369.956 779540.001 748128.429 709440.743 663853.209 611809.2 553814.884 490434.299 422283.87 350026.411 274364.68 196034.545 115797.826
115797.826 196034.545 274364.68 350026.411 422283.87 490434.299 553814.884 611809.2 663853.209 709440.743 748128.429 779540.001 803369.956 819386.531 827433.952 827433.952 819386.531 803369.956 779540.001 748128.429 709440.743 663853.209 611809.2 553814.884 490434.299 422283.87 350026.411 274364.68 196034.545 115797.826
115797.826 196034.545 274364.68 350026.411 422283.87 490434.299 553814.884 611809.2 663853.209 709440.743 748128.429 779540.001 803369.956 819386.531 827433.952 827433.952 819386.531 803369.956 779540.001 748128.429 709440.743 663853.209 611809.2 553814.884 490434.299 422283.87 350026.411 274364.68 196034.545 115797.826
104591.585 177063.46 247813.26 316152.887 381417.689 442972.916 500219.895 552601.858 599609.35 640785.187 675728.904 704100.646 725624.477 740091.06 747359.699 747359.699 740091.06 725624.477 704100.646 675728.904 640785.187 599609.35 552601.858 500219.895 442972.916 381417.689 316152.887 247813.26 177063.46 104591.585
104591.585 177063.46 247813.26 316152.887 381417.689 442972.916 500219.895 552601.858 599609.35 640785.187 675728.904 704100.646 725624.477 740091.06 747359.699 747359.699 740091.06 725624.477 704100.646 675728.904 640785.187 599609.35 552601.858 500219.895 442972.916 381417.689 316152.887 247813.26 177063.46 104591.585
115797.826 196034.545 274364.68 350026.411 422283.87 490434.299 553814.884 611809.2 663853.209 709440.743 748128.429 779540.001 803369.956 819386.531 827433.952 827433.952 819386.531 803369.956 779540.001 748128.429 709440.743 663853.209 611809.2 553814.884 490434.299 422283.87 350026.411 274364.68 196034.545 115797.826
124513.792 210789.834 295015.785 376372.485 454068.678 527348.709 595499.875 657859.355 713820.655 762839.509 804439.171 838215.055 863838.663 881060.786 889713.927 889713.927 881060.786 863838.663 838215.055 804439.171 762839.509 713820.655 657859.355 595499.875 527348.709 454068.678 376372.485 295015.785 210789.834 124513.792
124513.792 210789.834 295015.785 376372.485 454068.678 527348.709 595499.875 657859.355 713820.655 762839.509 804439.171 838215.055 863838.663 881060.786 889713.927 889713.927 881060.786 863838.663 838215.055 804439.171 762839.509 713820.655 657859.355 595499.875 527348.709 454068.678 376372.485 295015.785 210789.834 124513.792
124513.792 210789.834 295015.785 376372.485 454068.678 527348.709 595499.875 657859.355 713820.655 762839.509 804439.171 838215.055 863838.663 881060.786 889713.927 889713.927 881060.786 863838.663 838215.055 804439.171 762839.509 713820.655 657859.355 595499.875 527348.709 454068.678 376372.485 295015.785 210789.834 124513.792
124513.792 210789.834 295015.785 376372.485 454068.678 527348.709 595499.875 657859.355 713820.655 762839.509 804439.171 838215.055 863838.663 881060.786 889713.927 889713.927 881060.786 863838.663 838215.055 804439.171 762839.509 713820.655 657859.355 595499.875 527348.709 454068.678 376372.485 295015.785 210789.834 124513.792
124513.792 210789.834 295015.785 376372.485 454068.678 527348.709 595499.875 657859.355 713820.655 762839.509 804439.171 838215.055 863838.663 881060.786 889713.927 889713.927 881060.786 863838.663 838215.055 804439.171 762839.509 713820.655 657859.355 595499.875 527348.709 454068.678 376372.485 295015.785 210789.834 124513.792
124513.792 210789.834 295015.785 376372.485 454068.678 527348.709 595499.875 657859.355 713820.655 762839.509 804439.171 838215.055 863838.663 881060.786 889713.927 889713.927 881060.786 863838.663 838215.055 804439.171 762839.509 713820.655 657859.355 595499.875 527348.709 454068.678 376372.485 295015.785 210789.834 124513.792
115797.826 196034.545 274364.68 350026.411 422283.87 490434.299 553814.884 611809.2 663853.209 709440.743 748128.429 779540.001 803369.956 819386.531 827433.952 827433.952 819386.531 803369.956 779540.001 748128.429 709440.743 663853.209 611809.2 553814.884 490434.299 422283.87 350026.411 274364.68 196034.545 115797.826
104591.585 177063.46 247813.26 316152.887 381417.689 442972.916 500219.895 552601.858 599609.35 640785.187 675728.904 704100.646 725624.477 740091.06 747359.699 747359.699 740091.06 725624.477 704100.646 675728.904 640785.187 599609.35 552601.858 500219.895 442972.916 381417.689 316152.887 247813.26 177063.46 104591.585
104591.585 177063.46 247813.26 316152.887 381417.689 442972.916 500219.895 552601.858 599609.35 640785.187 675728.904 704100.646 725624.477 740091.06 747359.699 747359.699 740091.06 725624.477 704100.646 675728.904 640785.187 599609.35 552601.858 500219.895 442972.916 381417.689 316152.887 247813.26 177063.46 104591.585
115797.826 196034.545 274364.68 350026.411 422283.87 490434.299 553814.884 611809.2 663853.209 709440.743 748128.429 779540.001 803369.956 819386.531 827433.952 827433.952 819386.531 803369.956 779540.001 748128.429 709440.743 663853.209 611809.2 553814.884 490434.299 422283.87 350026.411 274364.68 196034.545 115797.826
124513.792 210789.834 295015.785 376372.485 454068.678 527348.709 595499.875 657859.355 713820.655 762839.509 804439.171 838215.055 863838.663 881060.786 889713.927 889713.927 881060.786 863838.663 838215.055 804439.171 762839.509 713820.655 657859.355 595499.875 527348.709 454068.678 376372.485 295015.785 210789.834 124513.792
134474.895 227653.02 318617.048 406482.284 490394.172 569536.606 643139.865 710488.103 770926.307 823866.669 868794.305 905272.259 932945.756 951545.649 960891.041 960891.041 951545.649 932945.756 905272.259 868794.305 823866.669 770926.307 710488.103 643139.865 569536.606 490394.172 406482.284 318617.048 227653.02 134474.895
134474.895 227653.02 318617.048 406482.284 490394.172 569536.606 643139.865 710488.103 770926.307 823866.669 868794.305 905272.259 932945.756 951545.649 960891.041 960891.041 951545.649 932945.756 905272.259 868794.305 823866.669 770926.307 710488.103 643139.865 569536.606 490394.172 406482.284 318617.048 227653.02 134474.895
134474.895 227653.02 318617.048 406482.284 490394.172 569536.606 643139.865 710488.103 770926.307 823866.669 868794.305 905272.259 932945.756 951545.649 960891.041 960891.041 951545.649 932945.756 905272.259 868794.305 823866.669 770926.307 710488.103 643139.865 569536.606 490394.172 406482.284 318617.048 227653.02 134474.895
134474.895 227653.02 318617.048 406482.284 490394.172 569536.606 643139.865 710488.103 770926.307 823866.669 868794.305 905272.259 932945.756 951545.649 960891.041 960891.041 951545.649 932945.756 905272.259 868794.305 823866.669 770926.307 710488.103 643139.865 569536.606 490394.172 406482.284 318617.048 227653.02 134474.895
134474.895 227653.02 318617.048 406482.284 490394.172 569536.606 643139.865 710488.103 770926.307 823866.669 868794.305 905272.259 932945.756 951545.649 960891.041 960891.041 951545.649 932945.756 905272.259 868794.305 823866.669 770926.307 710488.103 643139.865 569536.606 490394.172 406482.284 318617.048 227653.02 134474.895
124513.792 210789.834 295015.785 376372.485 454068.678 527348.709 595499.875 657859.355 713820.655 762839.509 804439.171 838215.055 863838.663 881060.786 889713.927 889713.927 881060.786 863838.663 838215.055 804439.171 762839.509 713820.655 657859.355 595499.875 527348.709 454068.678 376372.485 295015.785 210789.834 124513.792
115797.826 196034.545 274364.68 350026.411 422283.87 490434.299 553814.884 611809.2 663853.209 709440.743 748128.429 779540.001 803369.956 819386.531 827433.952 827433.952 819386.531 803369.956 779540.001 748128.429 709440.743 663853.209 611809.2 553814.884 490434.299 422283.87 350026.411 274364.68 196034.545 115797.826
104591.585 177063.46 247813.26 316152.887 381417.689 442972.916 500219.895 552601.858 599609.35 640785.187 675728.904 704100.646 725624.477 740091.06 747359.699 747359.699 740091.06 725624.477 704100.646 675728.904 640785.187 599609.35 552601.858 500219.895 442972.916 381417.689 316152.887 247813.26 177063.46 104591.585
104591.585 177063.46 247813.26 316152.887 381417.689 442972.916 500219.895 552601.858 599609.35 640785.187 675728.904 704100.646 725624.477 740091.06 747359.699 747359.699 740091.06 725624.477 704100.646 675728.904 640785.187 599609.35 552601.858 500219.895 442972.916 381417.689 316152.887 247813.26 177063.46 104591.585
115797.826 196034.545 274364.68 350026.411 422283.87 490434.299 553814.884 611809.2 663853.209 709440.743 748128.429 779540.001 803369.956 819386.531 827433.952 827433.952 819386.531 803369.956 779540.001 748128.429 709440.743 663853.209 611809.2 553814.884 490434.299 422283.87 350026.411 274364.68 196034.545 115797.826
124513.792 210789.834 295015.785 376372.485 454068.678 527348.709 595499.875 657859.355 713820.655 762839.509 804439.171 838215.055 863838.663 881060.786 889713.927 889713.927 881060.786 863838.663 838215.055 804439.171 762839.509 713820.655 657859.355 595499.875 527348.709 454068.678 376372.485 295015.785 210789.834 124513.792
134474.895 227653.02 318617.048 406482.284 490394.172 569536.606 643139.865 710488.103 770926.307 823866.669 868794.305 905272.259 932945.756 951545.649 960891.041 960891.041 951545.649 932945.756 905272.259 868794.305 823866.669 770926.307 710488.103 643139.865 569536.606 490394.172 406482.284 318617.048 227653.02 134474.895
141945.722 240300.41 336317.995 429064.633 517638.293 601177.528 678869.858 749959.665 813755.546 869637.04 917060.655 955565.162 984776.075 1004409.296 1014273.877 1014273.877 1004409.296 984776.075 955565.162 917060.655 869637.04 813755.546 749959.665 678869.858 601177.528 517638.293 429064.633 336317.995 240300.41 141945.722
141945.722 240300.41 336317.995 429064.633 517638.293 601177.528 678869.858 749959.665 813755.546 869637.04 917060.655 955565.162 984776.075 1004409.296 1014273.877 1014273.877 1004409.296 984776.075 955565.162 917060.655 869637.04 813755.546 749959.665 678869.858 601177.528 517638.293 429064.633 336317.995 240300.41 141945.722
141945.722 240300.41 336317.995 429064.633 517638.293 601177.528 678869.858 749959.665 813755.546 869637.04 917060.655 955565.162 984776.075 1004409.296 1014273.877 1014273.877 1004409.296 984776.075 955565.162 917060.655 869637.04 813755.546 749959.665 678869.858 601177.528 517638.293 429064.633 336317.995 240300.41 141945.722
141945.722 240300.41 336317.995 429064.633 517638.293 601177.528 678869.858 749959.665 813755.546 869637.04 917060.655 955565.162 984776.075 1004409.296 1014273.877 1014273.877 1004409.296 984776.075 955565.162 917060.655 869637.04 813755.546 749959.665 678869.858 601177.528 517638.293 429064.633 336317.995 240300.41 141945.722
134474.895 227653.02 318617.048 406482.284 490394.172 569536.606 643139.865 710488.103 770926.307 823866.669 868794.305 905272.259 932945.756 951545.649 960891.041 960891.041 951545.649 932945.756 905272.259 868794.305 823866.669 770926.307 710488.103 643139.865 569536.606 490394.172 406482.284 318617.048 227653.02 134474.895
124513.792 210789.834 295015.785 376372.485 454068.678 527348.709 595499.875 657859.355 713820.655 762839.509 804439.171 838215.055 863838.663 881060.786 889713.927 889713.927 881060.786 863838.663 838215.055 804439.171 762839.509 713820.655 657859.355 595499.875 527348.709 454068.678 376372.485 295015.785 210789.834 124513.792
115797.826 196034.545 274364.68 350026.411 422283.87 490434.299 553814.884 611809.2 663853.209 709440.743 748128.429 779540.001 803369.956 819386.531 827433.952 827433.952 819386.531 803369.956 779540.001 748128.429 709440.743 663853.209 611809.2 553814.884 490434.299 422283.87 350026.411 274364.68 196034.545 115797.826
104591.585 177063.46 247813.26 316152.887 381417.689 442972.916 500219.895 552601.858 599609.35 640785.187 675728.904 704100.646 725624.477 740091.06 747359.699 747359.699 740091.06 725624.477 704100.646 675728.904 640785.187 599609.35 552601.858 500219.895 442972.916 381417.689 316152.887 247813.26 177063.46 104591.585
104591.585 177063.46 247813.26 316152.887 381417.689 442972.916 500219.895 552601.858 599609.35 640785.187 675728.904 704100.646 725624.477 740091.06 747359.699 747359.699 740091.06 725624.477 704100.646 675728.904 640785.187 599609.35 552601.858 500219.895 442972.916 381417.689 316152.887 247813.26 177063.46 104591.585
115797.826 196034.545 274364.68 350026.411 422283.87 490434.299 553814.884 611809.2 663853.209 709440.743 748128.429 779540.001 803369.956 819386.531 827433.952 827433.952 819386.531 803369.956 779540.001 748128.429 709440.743 663853.209 611809.2 553814.884 490434.299 422283.87 350026.411 274364.68 196034.545 115797.826
124513.792 210789.834 295015.785 376372.485 454068.678 527348.709 595499.875 657859.355 713820.655 762839.509 804439.171 838215.055 863838.663 881060.786 889713.927 889713.927 881060.786 863838.663 838215.055 804439.171 762839.509 713820.655 657859.355 595499.875 527348.709 454068.678 376372.485 295015.785 210789.834 124513.792
134474.895 227653.02 318617.048 406482.284 490394.172 569536.606 643139.865 710488.103 770926.307 823866.669 868794.305 905272.259 932945.756 951545.649 960891.041 960891.041 951545.649 932945.756 905272.259 868794.305 823866.669 770926.307 710488.103 643139.865 569536.606 490394.172 406482.284 318617.048 227653.02 134474.895
141945.722 240300.41 336317.995 429064.633 517638.293 601177.528 678869.858 749959.665 813755.546 869637.04 917060.655 955565.162 984776.075 1004409.296 1014273.877 1014273.877 1004409.296 984776.075 955565.162 917060.655 869637.04 813755.546 749959.665 678869.858 601177.528 517638.293 429064.633 336317.995 240300.41 141945.722
148171.412 250839.902 351068.784 447883.257 540341.726 627544.964 708644.852 782852.632 849446.579 907779.015 957282.614 997475.915 1027968.008 1048462.335 1058759.573 1058759.573 1048462.335 1027968.008 997475.915 957282.614 907779.015 849446.579 782852.632 708644.852 627544.964 540341.726 447883.257 351068.784 250839.902 148171.412
148171.412 250839.902 351068.784 447883.257 540341.726 627544.964 708644.852 782852.632 849446.579 907779.015 957282.614 997475.915 1027968.008 1048462.335 1058759.573 1058759.573 1048462.335 1027968.008 997475.915 957282.614 907779.015 849446.579 782852.632 708644.852 627544.964 540341.726 447883.257 351068.784 250839.902 148171.412
148171.412 250839.902 351068.784 447883.257 540341.726 627544.964 708644.852 782852.632 849446.579 907779.015 957282.614 997475.915 1027968.008 1048462.335 1058759.573 1058759.573 1048462.335 1027968.008 997475.915 957282.614 907779.015 849446.579 782852.632 708644.852 627544.964 540341.726 447883.257 351068.784 250839.902 148171.412
141945.722 240300.41 336317.995 429064.633 517638.293 601177.528 678869.858 749959.665 813755.546 869637.04 917060.655 955565.162 984776.075 1004409.296 1014273.877 1014273.877 1004409.296 984776.075 955565.162 917060.655 869637.04 813755.546 749959.665 678869.858 601177.528 517638.293 429064.633 336317.995 240300.41 141945.722
134474.895 227653.02 318617.048 406482.284 490394.172 569536.606 643139.865 710488.103 770926.307 823866.669 868794.305 905272.259 932945.756 951545.649 960891.041 960891.041 951545.649 932945.756 905272.259 868794.305 823866.669 770926.307 710488.103 643139.865 569536.606 490394.172 406482.284 318617.048 227653.02 134474.895
124513.792 210789.834 295015.785 376372.485 454068.678 527348.709 595499.875 657859.355 713820.655 762839.509 804439.171 838215.055 863838.663 881060.786 889713.927 889713.927 881060.786 863838.663 838215.055 804439.171 762839.509 713820.655 657859.355 595499.875 527348.709 454068.678 376372.485 295015.785 210789.834 124513.792
115797.826 196034.545 274364.68 350026.411 422283.87 490434.299 553814.884 611809.2 663853.209 709440.743 748128.429 779540.001 803369.956 819386.531 827433.952 827433.952 819386.531 803369.956 779540.001 748128.429 709440.743 663853.209 611809.2 553814.884 490434.299 422283.87 350026.411 274364.68 196034.545 115797.826
104591.585 177063.46 247813.26 316152.887 381417.689 442972.916 500219.895 552601.858 599609.35 640785.187 675728.904 704100.646 725624.477 740091.06 747359.699 747359.699 740091.06 725624.477 704100.646 675728.904 640785.187 599609.35 552601.858 500219.895 442972.916 381417.689 316152.887 247813.26 177063.46 104591.585
104591.585 177063.46 247813.26 316152.887 381417.689 442972.916 500219.895 552601.858 599609.35 640785.187 675728.904 704100.646 725624.477 740091.06 747359.699 747359.699 740091.06 725624.477 704100.646 675728.904 640785.187 599609.35 552601.858 500219.895 442972.916 381417.689 316152.887 247813.26 177063.46 104591.585
115797.826 196034.545 274364.68 350026.411 422283.87 490434.299 553814.884 611809.2 663853.209 709440.743 748128.429 779540.001 803369.956 819386.531 827433.952 827433.952 819386.531 803369.956 779540.001 748128.429 709440.743 663853.209 611809.2 553814.884 490434.299 422283.87 350026.411 274364.68 196034.545 115797.826
124513.792 210789.834 295015.785 376372.485 454068.678 527348.709 595499.875 657859.355 713820.655 762839.509 804439.171 838215.055 863838.663 881060.786 889713.927 889713.927 881060.786 863838.663 838215.055 804439.171 762839.509 713820.655 657859.355 595499.875 527348.709 454068.678 376372.485 295015.785 210789.834 124513.792
134474.895 227653.02 318617.048 406482.284 490394.172 569536.606 643139.865 710488.103 770926.307 823866.669 868794.305 905272.259 932945.756 951545.649 960891.041 960891.041 951545.649 932945.756 905272.259 868794.305 823866.669 770926.307 710488.103 643139.865 569536.606 490394.172 406482.284 318617.048 227653.02 134474.895
141945.722 240300.41 336317.995 429064.633 517638.293 601177.528 678869.858 749959.665 813755.546 869637.04 917060.655 955565.162 984776.075 1004409.296 1014273.877 1014273.877 1004409.296 984776.075 955565.162 917060.655 869637.04 813755.546 749959.665 678869.858 601177.528 517638.293 429064.633 336317.995 240300.41 141945.722
148171.412 250839.902 351068.784 447883.257 540341.726 627544.964 708644.852 782852.632 849446.579 907779.015 957282.614 997475.915 1027968.008 1048462.335 1058759.573 1058759.573 1048462.335 1027968.008 997475.915 957282.614 907779.015 849446.579 782852.632 708644.852 627544.964 540341.726 447883.257 351068.784 250839.902 148171.412
151906.826 257163.597 359919.258 459174.432 553963.787 643365.425 726509.848 802588.413 870861.199 930664.201 981415.789 1022622.367 1053883.168 1074894.159 1085450.991 1085450.991 1074894.159 1053883.168 1022622.367 981415.789 930664.201 870861.199 802588.413 726509.848 643365.425 553963.787 459174.432 359919.258 257163.597 151906.826
151906.826 257163.597 359919.258 459174.432 553963.787 643365.425 726509.848 802588.413 870861.199 930664.201 981415.789 1022622.367 1053883.168 1074894.159 1085450.991 1085450.991 1074894.159 1053883.168 1022622.367 981415.789 930664.201 870861.199 802588.413 726509.848 643365.425 553963.787 459174.432 359919.258 257163.597 151906.826
148171.412 250839.902 351068.784 447883.257 540341.726 627544.964 708644.852 782852.632 849446.579 907779.015 957282.614 997475.915 1027968.008 1048462.335 1058759.573 1058759.573 1048462.335 1027968.008 997475.915 957282.614 907779.015 849446.579 782852.632 708644.852 627544.964 540341.726 447883.257 351068.784 250839.902 148171.412
141945.722 240300.41 336317.995 429064.633 517638.293 601177.528 678869.858 749959.665 813755.546 869637.04 917060.655 955565.162 984776.075 1004409.296 1014273.877 1014273.877 1004409.296 984776.075 955565.162 917060.655 869637.04 813755.546 749959.665 678869.858 601177.528 517638.293 429064.633 336317.995 240300.41 141945.722
134474.895 227653.02 318617.048 406482.284 490394.172 569536.606 643139.865 710488.103 770926.307 823866.669 868794.305 905272.259 932945.756 951545.649 960891.041 960891.041 951545.649 932945.756 905272.259 868794.305 823866.669 770926.307 710488.103 643139.865 569536.606 490394.172 406482.284 318617.048 227653.02 134474.895
124513.792 210789.834 295015.785 376372.485 454068.678 527348.709 595499.875 657859.355 713820.655 762839.509 804439.171 838215.055 863838.663 881060.786 889713.927 889713.927 881060.786 863838.663 838215.055 804439.171 762839.509 713820.655 657859.355 595499.875 527348.709 454068.678 376372.485 295015.785 210789.834 124513.792
115797.826 196034.545 274364.68 350026.411 422283.87 490434.299 553814.884 611809.2 663853.209 709440.743 748128.429 779540.001 803369.956 819386.531 827433.952 827433.952 819386.531 803369.956 779540.001 748128.429 709440.743 663853.209 611809.2 553814.884 490434.299 422283.87 350026.411 274364.68 196034.545 115797.826
104591.585 177063.46 247813.26 316152.887 381417.689 442972.916 500219.895 552601.858 599609.35 640785.187 675728.904 704100.646 725624.477 740091.06 747359.699 747359.699 740091.06 725624.477 704100.646 675728.904 640785.187 599609.35 552601.858 500219.895 442972.916 381417.689 316152.887 247813.26 177063.46 104591.585
115797.826 196034.545 274364.68 350026.411 422283.87 490434.299 553814.884 611809.2 663853.209 709440.743 748128.429 779540.001 803369.956 819386.531 827433.952 827433.952 819386.531 803369.956 779540.001 748128.429 709440.743 663853.209 611809.2 553814.884 490434.299 422283.87 350026.411 274364.68 196034.545 115797.826
124513.792 210789.834 295015.785 376372.485 454068.678 527348.709 595499.875 657859.355 713820.655 762839.509 804439.171 838215.055 863838.663 881060.786 889713.927 889713.927 881060.786 863838.663 838215.055 804439.171 762839.509 713820.655 657859.355 595499.875 527348.709 454068.678 376372.485 295015.785 210789.834 124513.792
134474.895 227653.02 318617.048 406482.284 490394.172 569536.606 643139.865 710488.103 770926.307 823866.669 868794.305 905272.259 932945.756 951545.649 960891.041 960891.041 951545.649 932945.756 905272.259 868794.305 823866.669 770926.307 710488.103 643139.865 569536.606 490394.172 406482.284 318617.048 227653.02 134474.895
141945.722 240300.41 336317.995 429064.633 517638.293 601177.528 678869.858 749959.665 813755.546 869637.04 917060.655 955565.162 984776.075 1004409.296 1014273.877 1014273.877 1004409.296 984776.075 955565.162 917060.655 869637.04 813755.546 749959.665 678869.858 601177.528 517638.293 429064.633 336317.995 240300.41 141945.722
148171.412 250839.902 351068.784 447883.257 540341.726 627544.964 708644.852 782852.632 849446.579 907779.015 957282.614 997475.915 1027968.008 1048462.335 1058759.573 1058759.573 1048462.335 1027968.008 997475.915 957282.614 907779.015 849446.579 782852.632 708644.852 627544.964 540341.726 447883.257 351068.784 250839.902 148171.412
151906.826 257163.597 359919.258 459174.432 553963.787 643365.425 726509.848 802588.413 870861.199 930664.201 981415.789 1022622.367 1053883.168 1074894.159 1085450.991 1085450.991 1074894.159 1053883.168 1022622.367 981415.789 930664.201 870861.199 802588.413 726509.848 643365.425 553963.787 459174.432 359919.258 257163.597 151906.826
154397.102 261379.394 365819.574 466701.881 563045.16 653912.399 738419.845 815745.6 885137.612 945920.991 997504.572 1039386.668 1071159.942 1092515.375 1103245.269 1103245.269 1092515.375 1071159.942 1039386.668 997504.572 945920.991 885137.612 815745.6 738419.845 653912.399 563045.16 466701.881 365819.574 261379.394 154397.102
151906.826 257163.597 359919.258 459174.432 553963.787 643365.425 726509.848 802588.413 870861.199 930664.201 981415.789 1022622.367 1053883.168 1074894.159 1085450.991 1085450.991 1074894.159 1053883.168 1022622.367 981415.789 930664.201 870861.199 802588.413 726509.848 643365.425 553963.787 459174.432 359919.258 257163.597 151906.826
148171.412 250839.902 351068.784 447883.257 540341.726 627544.964 708644.852 782852.632 849446.579 907779.015 957282.614 997475.915 1027968.008 1048462.335 1058759.573 1058759.573 1048462.335 1027968.008 997475.915 957282.614 907779.015 849446.579 782852.632 708644.852 627544.964 540341.726 447883.257 351068.784 250839.902 148171.412
141945.722 240300.41 336317.995 429064.633 517638.293 601177.528 678869.858 749959.665 813755.546 869637.04 917060.655 955565.162 984776.075 1004409.296 1014273.877 1014273.877 1004409.296 984776.075 955565.162 917060.655 869637.04 813755.546 749959.665 678869.858 601177.528 517638.293 429064.633 336317.995 240300.41 141945.722
134474.895 227653.02 318617.048 406482.284 490394.172 569536.606 643139.865 710488.103 770926.307 823866.669 868794.305 905272.259 932945.756 951545.649 960891.041 960891.041 951545.649 932945.756 905272.259 868794.305 823866.669 770926.307 710488.103 643139.865 569536.606 490394.172 406482.284 318617.048 227653.02 134474.895
124513.792 210789.834 295015.785 376372.485 454068.678 527348.709 595499.875 657859.355 713820.655 762839.509 804439.171 838215.055 863838.663 881060.786 889713.927 889713.927 881060.786 863838.663 838215.055 804439.171 762839.509 713820.655 657859.355 595499.875 527348.709 454068.678 376372.485 295015.785 210789.834 124513.792
115797.826 196034.545 274364.68 350026.411 422283.87 490434.299 553814.884 611809.2 663853.209 709440.743 748128.429 779540.001 803369.956 819386.531 827433.952 827433.952 819386.531 803369.956 779540.001 748128.429 709440.743 663853.209 611809.2 553814.884 490434.299 422283.87 350026.411 274364.68 196034.545 115797.826
104591.585 177063.46 247813.26 316152.887 381417.689 442972.916 500219.895 552601.858 599609.35 640785.187 675728.904 704100.646 725624.477 740091.06 747359.699 747359.699 740091.06 725624.477 704100.646 675728.904 640785.187 599609.35 552601.858 500219.895 442972.916 381417.689 316152.887 247813.26 177063.46 104591.585
115797.826 196034.545 274364.68 350026.411 422283.87 490434.299 553814.884 611809.2 663853.209 709440.743 748128.429 779540.001 803369.956 819386.531 827433.952 827433.952 819386.531 803369.956 779540.001 748128.429 709440.743 663853.209 611809.2 553814.884 490434.299 422283.87 350026.411 274364.68 196034.545 115797.826
124513.792 210789.834 295015.785 376372.485 454068.678 527348.709 595499.875 657859.355 713820.655 762839.509 804439.171 838215.055 863838.663 881060.786 889713.927 889713.927 881060.786 863838.663 838215.055 804439.171 762839.509 713820.655 657859.355 595499.875 527348.709 454068.678 376372.485 295015.785 210789.834 124513.792
134474.895 227653.02 318617.048 406482.284 490394.172 569536.606 643139.865 710488.103 770926.307 823866.669 868794.305 905272.259 932945.756 951545.649 960891.041 960891.041 951545.649 932945.756 905272.259 868794.305 823866.669 770926.307 710488.103 643139.865 569536.606 490394.172 406482.284 318617.048 227653.02 134474.895
141945.722 240300.41 336317.995 429064.633 517638.293 601177.528 678869.858 749959.665 813755.546 869637.04 917060.655 955565.162 984776.075 1004409.296 1014273.877 1014273.877 1004409.296 984776.075 955565.162 917060.655 869637.04 813755.546 749959.665 678869.858 601177.528 517638.293 429064.633 336317.995 240300.41 141945.722
148171.412 250839.902 351068.784 447883.257 540341.726 627544.964 708644.852 782852.632 849446.579 907779.015 957282.614 997475.915 1027968.008 1048462.335 1058759.573 1058759.573 1048462.335 1027968.008 997475.915 957282.614 907779.015 849446.579 782852.632 708644.852 627544.964 540341.726 447883.257 351068.784 250839.902 148171.412
151906.826 257163.597 359919.258 459174.432 553963.787 643365.425 726509.848 802588.413 870861.199 930664.201 981415.789 1022622.367 1053883.168 1074894.159 1085450.991 1085450.991 1074894.159 1053883.168 1022622.367 981415.789 930664.201 870861.199 802588.413 726509.848 643365.425 553963.787 459174.432 359919.258 257163.597 151906.826
151906.826 257163.597 359919.258 459174.432 553963.787 643365.425 726509.848 802588.413 870861.199 930664.201 981415.789 1022622.367 1053883.168 1074894.159 1085450.991 1085450.991 1074894.159 1053883.168 1022622.367 981415.789 930664.201 870861.199 802588.413 726509.848 643365.425 553963.787 459174.432 359919.258 257163.597 151906.826
148171.412 250839.902 351068.784 447883.257 540341.726 627544.964 708644.852 782852.632 849446.579 907779.015 957282.614 997475.915 1027968.008 1048462.335 1058759.573 1058759.573 1048462.335 1027968.008 997475.915 957282.614 907779.015 849446.579 782852.632 708644.852 627544.964 540341.726 447883.257 351068.784 250839.902 148171.412
141945.722 240300.41 336317.995 429064.633 517638.293 601177.528 678869.858 749959.665 813755.546 869637.04 917060.655 955565.162 984776.075 1004409.296 1014273.877 1014273.877 1004409.296 984776.075 955565.162 917060.655 869637.04 813755.546 749959.665 678869.858 601177.528 517638.293 429064.633 336317.995 240300.41 141945.722
134474.895 227653.02 318617.048 406482.284 490394.172 569536.606 643139.865 710488.103 770926.307 823866.669 868794.305 905272.259 932945.756 951545.649 960891.041 960891.041 951545.649 932945.756 905272.259 868794.305 823866.669 770926.307 710488.103 643139.865 569536.606 490394.172 406482.284 318617.048 227653.02 134474.895
124513.792 210789.834 295015.785 376372.485 454068.678 527348.709 595499.875 657859.355 713820.655 762839.509 804439.171 838215.055 863838.663 881060.786 889713.927 889713.927 881060.786 863838.663 838215.055 804439.171 762839.509 713820.655 657859.355 595499.875 527348.709 454068.678 376372.485 295015.785 210789.834 124513.792
115797.826 196034.545 274364.68 350026.411 422283.87 490434.299 553814.884 611809.2 663853.209 709440.743 748128.429 779540.001 803369.956 819386.531 827433.952 827433.952 819386.531 803369.956 779540.001 748128.429 709440.743 663853.209 611809.2 553814.884 490434.299 422283.87 350026.411 274364.68 196034.545 115797.826
104591.585 177063.46 247813.26 316152.887 381417.689 442972.916 500219.895 552601.858 599609.35 640785.187 675728.904 704100.646 725624.477 740091.06 747359.699 747359.699 740091.06 725624.477 704100.646 675728.904 640785.187 599609.35 552601.858 500219.895 442972.916 381417.689 316152.887 247813.26 177063.46 104591.585
104591.585 177063.46 247813.26 316152.887 381417.689 442972.916 500219.895 552601.858 599609.35 640785.187 675728.904 704100.646 725624.477 740091.06 747359.699 747359.699 740091.06 725624.477 704100.646 675728.904 640785.187 599609.35 552601.858 500219.895 442972.916 381417.689 316152.887 247813.26 177063.46 104591.585
115797.826 196034.545 274364.68 350026.411 422283.87 490434.299 553814.884 611809.2 663853.209 709440.743 748128.429 779540.001 803369.956 819386.531 827433.952 827433.952 819386.531 803369.956 779540.001 748128.429 709440.743 663853.209 611809.2 553814.884 490434.299 422283.87 350026.411 274364.68 196034.545 115797.826
124513.792 210789.834 295015.785 376372.485 454068.678 527348.709 595499.875 657859.355 713820.655 762839.509 804439.171 838215.055 863838.663 881060.786 889713.927 889713.927 881060.786 863838.663 838215.055 804439.171 762839.509 713820.655 657859.355 595499.875 527348.709 454068.678 376372.485 295015.785 210789.834 124513.792
134474.895 227653.02 318617.048 406482.284 490394.172 569536.606 643139.865 710488.103 770926.307 823866.669 868794.305 905272.259 932945.756 951545.649 960891.041 960891.041 951545.649 932945.756 905272.259 868794.305 823866.669 770926.307 710488.103 643139.865 569536.606 490394.172 406482.284 318617.048 227653.02 134474.895
141945.722 240300.41 336317.995 429064.633 517638.293 601177.528 678869.858 749959.665 813755.546 869637.04 917060.655 955565.162 984776.075 1004409.296 1014273.877 1014273.877 1004409.296 984776.075 955565.162 917060.655 869637.04 813755.546 749959.665 678869.858 601177.528 517638.293 429064.633 336317.995 240300.41 141945.722
148171.412 250839.902 351068.784 447883.257 540341.726 627544.964 708644.852 782852.632 849446.579 907779.015 957282.614 997475.915 1027968.008 1048462.335 1058759.573 1058759.573 1048462.335 1027968.008 997475.915 957282.614 907779.015 849446.579 782852.632 708644.852 627544.964 540341.726 447883.257 351068.784 250839.902 148171.412
148171.412 250839.902 351068.784 447883.257 540341.726 627544.964 708644.852 782852.632 849446.579 907779.015 957282.614 997475.915 1027968.008 1048462.335 1058759.573 1058759.573 1048462.335 1027968.008 997475.915 957282.614 907779.015 849446.579 782852.632 708644.852 627544.964 540341.726 447883.257 351068.784 250839.902 148171.412
148171.412 250839.902 351068.784 447883.257 540341.726 627544.964 708644.852 782852.632 849446.579 907779.015 957282.614 997475.915 1027968.008 1048462.335 1058759.573 1058759.573 1048462.335 1027968.008 997475.915 957282.614 907779.015 849446.579 782852.632 708644.852 627544.964 540341.726 447883.257 351068.784 250839.902 148171.412
141945.722 240300.41 336317.995 429064.633 517638.293 601177.528 678869.858 749959.665 813755.546 869637.04 917060.655 955565.162 984776.075 1004409.296 1014273.877 1014273.877 1004409.296 984776.075 955565.162 917060.655 869637.04 813755.546 749959.665 678869.858 601177.528 517638.293 429064.633 336317.995 240300.41 141945.722
134474.895 227653.02 318617.048 406482.284 490394.172 569536.606 643139.865 710488.103 770926.307 823866.669 868794.305 905272.259 932945.756 951545.649 960891.041 960891.041 951545.649 932945.756 905272.259 868794.305 823866.669 770926.307 710488.103 643139.865 569536.606 490394.172 406482.284 318617.048 227653.02 134474.895
124513.792 210789.834 295015.785 376372.485 454068.678 527348.709 595499.875 657859.355 713820.655 762839.509 804439.171 838215.055 863838.663 881060.786 889713.927 889713.927 881060.786 863838.663 838215.055 804439.171 762839.509 713820.655 657859.355 595499.875 527348.709 454068.678 376372.485 295015.785 210789.834 124513.792
115797.826 196034.545 274364.68 350026.411 422283.87 490434.299 553814.884 611809.2 663853.209 709440.743 748128.429 779540.001 803369.956 819386.531 827433.952 827433.952 819386.531 803369.956 779540.001 748128.429 709440.743 663853.209 611809.2 553814.884 490434.299 422283.87 350026.411 274364.68 196034.545 115797.826
104591.585 177063.46 247813.26 316152.887 381417.689 442972.916 500219.895 552601.858 599609.35 640785.187 675728.904 704100.646 725624.477 740091.06 747359.699 747359.699 740091.06 725624.477 704100.646 675728.904 640785.187 599609.35 552601.858 500219.895 442972.916 381417.689 316152.887 247813.26 177063.46 104591.585
104591.585 177063.46 247813.26 316152.887 381417.689 442972.916 500219.895 552601.858 599609.35 640785.187 675728.904 704100.646 725624.477 740091.06 747359.699 747359.699 740091.06 725624.477 704100.646 675728.904 640785.187 599609.35 552601.858 500219.895 442972.916 381417.689 316152.887 247813.26 177063.46 104591.585
115797.826 196034.545 274364.68 350026.411 422283.87 490434.299 553814.884 611809.2 663853.209 709440.743 748128.429 779540.001 803369.956 819386.531 827433.952 827433.952 819386.531 803369.956 779540.001 748128.429 709440.743 663853.209 611809.2 553814.884 490434.299 422283.87 350026.411 274364.68 196034.545 115797.826
124513.792 210789.834 295015.785 376372.485 454068.678 527348.709 595499.875 657859.355 713820.655 762839.509 804439.171 838215.055 863838.663 881060.786 889713.927 889713.927 881060.786 863838.663 838215.055 804439.171 762839.509 713820.655 657859.355 595499.875 527348.709 454068.678 376372.485 295015.785 210789.834 124513.792
134474.895 227653.02 318617.048 406482.284 490394.172 569536.606 643139.865 710488.103 770926.307 823866.669 868794.305 905272.259 932945.756 951545.649 960891.041 960891.041 951545.649 932945.756 905272.259 868794.305 823866.669 770926.307 710488.103 643139.865 569536.606 490394.172 406482.284 318617.048 227653.02 134474.895
141945.722 240300.41 336317.995 429064.633 517638.293 601177.528 678869.858 749959.665 813755.546 869637.04 917060.655 955565.162 984776.075 1004409.296 1014273.877 1014273.877 1004409.296 984776.075 955565.162 917060.655 869637.04 813755.546 749959.665 678869.858 601177.528 517638.293 429064.633 336317.995 240300.41 141945.722
141945.722 240300.41 336317.995 429064.633 517638.293 601177.528 678869.858 749959.665 813755.546 869637.04 917060.655 955565.162 984776.075 1004409.296 1014273.877 1014273.877 1004409.296 984776.075 955565.162 917060.655 869637.04 813755.546 749959.665 678869.858 601177.528 517638.293 429064.633 336317.995 240300.41 141945.722
141945.722 240300.41 336317.995 429064.633 517638.293 601177.528 678869.858 749959.665 813755.546 869637.04 917060.655 955565.162 984776.075 1004409.296 1014273.877 1014273.877 1004409.296 984776.075 955565.162 917060.655 869637.04 813755.546 749959.665 678869.858 601177.528 517638.293 429064.633 336317.995 240300.41 141945.722
141945.722 240300.41 336317.995 429064.633 517638.293 601177.528 678869.858 749959.665 813755.546 869637.04 917060.655 955565.162 984776.075 1004409.296 1014273.877 1014273.877 1004409.296 984776.075 955565.162 917060.655 869637.04 813755.546 749959.665 678869.858 601177.528 517638.293 429064.633 336317.995 240300.41 141945.722
134474.895 227653.02 318617.048 406482.284 490394.172 569536.606 643139.865 710488.103 770926.307 823866.669 868794.305 905272.259 932945.756 951545.649 960891.041 960891.041 951545.649 932945.756 905272.259 868794.305 823866.669 770926.307 710488.103 643139.865 569536.606 490394.172 406482.284 318617.048 227653.02 134474.895
124513.792 210789.834 295015.785 376372.485 454068.678 527348.709 595499.875 657859.355 713820.655 762839.509 804439.171 838215.055 863838.663 881060.786 889713.927 889713.927 881060.786 863838.663 838215.055 804439.171 762839.509 713820.655 657859.355 595499.875 527348.709 454068.678 376372.485 295015.785 210789.834 124513.792
115797.826 196034.545 274364.68 350026.411 422283.87 490434.299 553814.884 611809.2 663853.209 709440.743 748128.429 779540.001 803369.956 819386.531 827433.952 827433.952 819386.531 803369.956 779540.001 748128.429 709440.743 663853.209 611809.2 553814.884 490434.299 422283.87 350026.411 274364.68 196034.545 115797.826
104591.585 177063.46 247813.26 316152.887 381417.689 442972.916 500219.895 552601.858 599609.35 640785.187 675728.904 704100.646 725624.477 740091.06 747359.699 747359.699 740091.06 725624.477 704100.646 675728.904 640785.187 599609.35 552601.858 500219.895 442972.916 381417.689 316152.887 247813.26 177063.46 104591.585
104591.585 177063.46 247813.26 316152.887 381417.689 442972.916 500219.895 552601.858 599609.35 640785.187 675728.904 704100.646 725624.477 740091.06 747359.699 747359.699 740091.06 725624.477 704100.646 675728.904 640785.187 599609.35 552601.858 500219.895 442972.916 381417.689 316152.887 247813.26 177063.46 104591.585
115797.826 196034.545 274364.68 350026.411 422283.87 490434.299 553814.884 611809.2 663853.209 709440.743 748128.429 779540.001 803369.956 819386.531 827433.952 827433.952 819386.531 803369.956 779540.001 748128.429 709440.743 663853.209 611809.2 553814.884 490434.299 422283.87 350026.411 274364.68 196034.545 115797.826
124513.792 210789.834 295015.785 376372.485 454068.678 527348.709 595499.875 657859.355 713820.655 762839.509 804439.171 838215.055 863838.663 881060.786 889713.927 889713.927 881060.786 863838.663 838215.055 804439.171 762839.509 713820.655 657859.355 595499.875 527348.709 454068.678 376372.485 295015.785 210789.834 124513.792
134474.895 227653.02 318617.048 406482.284 490394.172 569536.606 643139.865 710488.103 770926.307 823866.669 868794.305 905272.259 932945.756 951545.649 960891.041 960891.041 951545.649 932945.756 905272.259 868794.305 823866.669 770926.307 710488.103 643139.865 569536.606 490394.172 406482.284 318617.048 227653.02 134474.895
134474.895 227653.02 318617.048 406482.284 490394.172 569536.606 643139.865 710488.103 770926.307 823866.669 868794.305 905272.259 932945.756 951545.649 960891.041 960891.041 951545.649 932945.756 905272.259 868794.305 823866.669 770926.307 710488.103 643139.865 569536.606 490394.172 406482.284 318617.048 227653.02 134474.895
134474.895 227653.02 318617.048 406482.284 490394.172 569536.606 643139.865 710488.103 770926.307 823866.669 868794.305 905272.259 932945.756 951545.649 960891.041 960891.041 951545.649 932945.756 905272.259 868794.305 823866.669 770926.307 710488.103 643139.865 569536.606 490394.172 406482.284 318617.048 227653.02 134474.895
134474.895 227653.02 318617.048 406482.284 490394.172 569536.606 643139.865 710488.103 770926.307 823866.669 868794.305 905272.259 932945.756 951545.649 960891.041 960891.041 951545.649 932945.756 905272.259 868794.305 823866.669 770926.307 710488.103 643139.865 569536.606 490394.172 406482.284 318617.048 227653.02 134474.895
134474.895 227653.02 318617.048 406482.284 490394.172 569536.606 643139.865 710488.103 770926.307 823866.669 868794.305 905272.259 932945.756 951545.649 960891.041 960891.041 951545.649 932945.756 905272.259 868794.305 823866.669 770926.307 710488.103 643139.865 569536.606 490394.172 406482.284 318617.048 227653.02 134474.895
124513.792 210789.834 295015.785 376372.485 454068.678 527348.709 595499.875 657859.355 713820.655 762839.509 804439.171 838215.055 863838.663 881060.786 889713.927 889713.927 881060.786 863838.663 838215.055 804439.171 762839.509 713820.655 657859.355 595499.875 527348.709 454068.678 376372.485 295015.785 210789.834 124513.792
115797.826 196034.545 274364.68 350026.411 422283.87 490434.299 553814.884 611809.2 663853.209 709440.743 748128.429 779540.001 803369.956 819386.531 827433.952 827433.952 819386.531 803369.956 779540.001 748128.429 709440.743 663853.209 611809.2 553814.884 490434.299 422283.87 350026.411 274364.68 196034.545 115797.826
104591.585 177063.46 247813.26 316152.887 381417.689 442972.916 500219.895 552601.858 599609.35 640785.187 675728.904 704100.646 725624.477 740091.06 747359.699 747359.699 740091.06 725624.477 704100.646 675728.904 640785.187 599609.35 552601.858 500219.895 442972.916 381417.689 316152.887 247813.26 177063.46 104591.585
104591.585 177063.46 247813.26 316152.887 381417.689 442972.916 500219.895 552601.858 599609.35 640785.187 675728.904 704100.646 725624.477 740091.06 747359.699 747359.699 740091.06 725624.477 704100.646 675728.904 640785.187 599609.35 552601.858 500219.895 442972.916 381417.689 316152.887 247813.26 177063.46 104591.585
115797.826 196034.545 274364.68 350026.411 422283.87 490434.299 553814.884 611809.2 663853.209 709440.743 748128.429 779540.001 803369.956 819386.531 827433.952 827433.952 819386.531 803369.956 779540.001 748128.429 709440.743 663853.209 611809.2 553814.884 490434.299 422283.87 350026.411 274364.68 196034.545 115797.826
124513.792 210789.834 295015.785 376372.485 454068.678 527348.709 595499.875 657859.355 713820.655 762839.509 804439.171 838215.055 863838.663 881060.786 889713.927 889713.927 881060.786 863838.663 838215.055 804439.171 762839.509 713820.655 657859.355 595499.875 527348.709 454068.678 376372.485 295015.785 210789.834 124513.792
124513.792 210789.834 295015.785 376372.485 454068.678 527348.709 595499.875 657859.355 713820.655 762839.509 804439.171 838215.055 863838.663 881060.786 889713.927 889713.927 881060.786 863838.663 838215.055 804439.171 762839.509 713820.655 657859.355 595499.875 527348.709 454068.678 376372.485 295015.785 210789.834 124513.792
124513.792 210789.834 295015.785 376372.485 454068.678 527348.709 595499.875 657859.355 713820.655 762839.509 804439.171 838215.055 863838.663 881060.786 889713.927 889713.927 881060.786 863838.663 838215.055 804439.171 762839.509 713820.655 657859.355 595499.875 527348.709 454068.678 376372.485 295015.785 210789.834 124513.792
124513.792 210789.834 295015.785 376372.485 454068.678 527348.709 595499.875 657859.355 713820.655 762839.509 804439.171 838215.055 863838.663 881060.786 889713.927 889713.927 881060.786 863838.663 838215.055 804439.171 762839.509 713820.655 657859.355 595499.875 527348.709 454068.678 376372.485 295015.785 210789.834 124513.792
124513.792 210789.834 295015.785 376372.485 454068.678 527348.709 595499.875 657859.355 713820.655 762839.509 804439.171 838215.055 863838.663 881060.786 889713.927 889713.927 881060.786 863838.663 838215.055 804439.171 762839.509 713820.655 657859.355 595499.875 527348.709 454068.678 376372.485 295015.785 210789.834 124513.792
124513.792 210789.834 295015.785 376372.485 454068.678 527348.709 595499.875 657859.355 713820.655 762839.509 804439.171 838215.055 863838.663 881060.786 889713.927 889713.927 881060.786 863838.663 838215.055 804439.171 762839.509 713820.655 657859.355 595499.875 527348.709 454068.678 376372.485 295015.785 210789.834 124513.792
115797.826 196034.545 274364.68 350026.411 422283.87 490434.299 553814.884 611809.2 663853.209 709440.743 748128.429 779540.001 803369.956 819386.531 827433.952 827433.952 819386.531 803369.956 779540.001 748128.429 709440.743 663853.209 611809.2 553814.884 490434.299 422283.87 350026.411 274364.68 196034.545 115797.826
104591.585 177063.46 247813.26 316152.887 381417.689 442972.916 500219.895 552601.858 599609.35 640785.187 675728.904 704100.646 725624.477 740091.06 747359.699 747359.699 740091.06 725624.477 704100.646 675728.904 640785.187 599609.35 552601.858 500219.895 442972.916 381417.689 316152.887 247813.26 177063.46 104591.585
104591.585 177063.46 247813.26 316152.887 381417.689 442972.916 500219.895 552601.858 599609.35 640785.187 675728.904 704100.646 725624.477 740091.06 747359.699 747359.699 740091.06 725624.477 704100.646 675728.904 640785.187 599609.35 552601.858 500219.895 442972.916 381417.689 316152.887 247813.26 177063.46 104591.585
115797.826 196034.545 274364.68 350026.411 422283.87 490434.299 553814.884 611809.2 663853.209 709440.743 748128.429 779540.001 803369.956 819386.531 827433.952 827433.952 819386.531 803369.956 779540.001 748128.429 709440.743 663853.209 611809.2 553814.884 490434.299 422283.87 350026.411 274364.68 196034.545 115797.826
115797.826 196034.545 274364.68 350026.411 422283.87 490434.299 553814.884 611809.2 663853.209 709440.743 748128.429 779540.001 803369.956 819386.531 827433.952 827433.952 819386.531 803369.956 779540.001 748128.429 709440.743 663853.209 611809.2 553814.884 490434.299 422283.87 350026.411 274364.68 196034.545 115797.826
115797.826 196034.545 274364.68 350026.411 422283.87 490434.299 553814.884 611809.2 663853.209 709440.743 748128.429 779540.001 803369.956 819386.531 827433.952 827433.952 819386.531 803369.956 779540.001 748128.429 709440.743 663853.209 611809.2 553814.884 490434.299 422283.87 350026.411 274364.68 196034.545 115797.826
115797.826 196034.545 274364.68 350026.411 422283.87 490434.299 553814.884 611809.2 663853.209 709440.743 748128.429 779540.001 803369.956 819386.531 827433.952 827433.952 819386.531 803369.956 779540.001 748128.429 709440.743 663853.209 611809.2 553814.884 490434.299 422283.87 350026.411 274364.68 196034.545 115797.826
115797.826 196034.545 274364.68 350026.411 422283.87 490434.299 553814.884 611809.2 663853.209 709440.743 748128.429 779540.001 803369.956 819386.531 827433.952 827433.952 819386.531 803369.956 779540.001 748128.429 709440.743 663853.209 611809.2 553814.884 490434.299 422283.87 350026.411 274364.68 196034.545 115797.826
115797.826 196034.545 274364.68 350026.411 422283.87 490434.299 553814.884 611809.2 663853.209 709440.743 748128.429 779540.001 803369.956 819386.531 827433.952 827433.952 819386.531 803369.956 779540.001 748128.429 709440.743 663853.209 611809.2 553814.884 490434.299 422283.87 350026.411 274364.68 196034.545 115797.826
115797.826 196034.545 274364.68 350026.411 422283.87 490434.299 553814.884 611809.2 663853.209 709440.743 748128.429 779540.001 803369.956 819386.531 827433.952 827433.952 819386.531 803369.956 779540.001 748128.429 709440.743 663853.209 611809.2 553814.884 490434.299 422283.87 350026.411 274364.68 196034.545 115797.826
104591.585 177063.46 247813.26 316152.887 381417.689 442972.916 500219.895 552601.858 599609.35 640785.187 675728.904 704100.646 725624.477 740091.06 747359.699 747359.699 740091.06 725624.477 704100.646 675728.904 640785.187 599609.35 552601.858 500219.895 442972.916 381417.689 316152.887 247813.26 177063.46 104591.585
104591.585 177063.46 247813.26 316152.887 381417.689 442972.916 500219.895 552601.858 599609.35 640785.187 675728.904 704100.646 725624.477 740091.06 747359.699 747359.699 740091.06 725624.477 704100.646 675728.904 640785.187 599609.35 552601.858 500219.895 442972.916 381417.689 316152.887 247813.26 177063.46 104591.585
104591.585 177063.46 247813.26 316152.887 381417.689 442972.916 500219.895 552601.858 599609.35 640785.187 675728.904 704100.646 725624.477 740091.06 747359.699 747359.699 740091.06 725624.477 704100.646 675728.904 640785.187 599609.35 552601.858 500219.895 442972.916 381417.689 316152.887 247813.26 177063.46 104591.585
104591.585 177063.46 247813.26 316152.887 381417.689 442972.916 500219.895 552601.858 599609.35 640785.187 675728.904 704100.646 725624.477 740091.06 747359.699 747359.699 740091.06 725624.477 704100.646 675728.904 640785.187 599609.35 552601.858 500219.895 442972.916 381417.689 316152.887 247813.26 177063.46 104591.585
104591.585 177063.46 247813.26 316152.887 381417.689 442972.916 500219.895 552601.858 599609.35 640785.187 675728.904 704100.646 725624.477 740091.06 747359.699 747359.699 740091.06 725624.477 704100.646 675728.904 640785.187 599609.35 552601.858 500219.895 442972.916 381417.689 316152.887 247813.26 177063.46 104591.585
104591.585 177063.46 247813.26 316152.887 381417.689 442972.916 500219.895 552601.858 599609.35 640785.187 675728.904 704100.646 725624.477 740091.06 747359.699 747359.699 740091.06 725624.477 704100.646 675728.904 640785.187 599609.35 552601.858 500219.895 442972.916 381417.689 316152.887 247813.26 177063.46 104591.585
104591.585 177063.46 247813.26 316152.887 381417.689 442972.916 500219.895 552601.858 599609.35 640785.187 675728.904 704100.646 725624.477 740091.06 747359.699 747359.699 740091.06 725624.477 704100.646 675728.904 640785.187 599609.35 552601.858 500219.895 442972.916 381417.689 316152.887 247813.26 177063.46 104591.585
