      -0.60      1.46  50060.00  50125.67  50239.48  50337.89  50452.41  50577.40  50714.74  50867.93  51041.24  51238.83  51466.16  51727.66  52029.48  52375.56  52771.49  53197.90  53608.51  54079.40  54594.03  55146.73  55735.86  56354.47  56997.88  57656.41  58323.06  58986.48  59638.29  60267.14  60861.65  61450.03
      -0.36      1.46  50075.02  50140.24  50253.76  50351.41  50464.75  50588.42  50724.17  50875.63  51046.85  51242.16  51466.83  51725.47  52024.08  52366.90  52759.26  53182.47  53589.27  54056.39  54566.93  55115.74  55700.82  56315.78  56955.62  57611.23  58275.48  58937.46  59588.92  60218.58  60815.26  61406.33
      -0.12      1.46  50086.23  50151.61  50264.74  50362.04  50474.83  50597.76  50732.48  50882.76  51052.69  51246.74  51470.22  51727.89  52025.73  52368.06  52760.14  53183.11  53590.15  54057.62  54568.64  55118.08  55703.98  56319.82  56960.69  57617.38  58282.85  58946.03  59598.91  60229.86  60827.86  61420.14
       0.12      1.46  50074.71  50140.13  50253.46  50351.07  50464.35  50587.96  50723.55  50874.83  51045.87  51241.24  51466.24  51725.68  52025.57  52370.19  52764.92  53190.67  53600.78  54071.32  54585.71  55138.37  55727.81  56346.83  56991.19  57650.74  58319.27  58984.57  59639.43  60271.03  60869.09  61459.41
       0.36      1.46  50057.12  50123.09  50235.35  50333.50  50446.94  50572.04  50708.52  50861.89  51034.37  51232.11  51458.75  51720.46  52021.78  52368.12  52763.64  53190.39  53600.61  54070.99  54584.52  55135.86  55723.59  56340.47  56982.83  57640.17  58307.26  58971.16  59626.03  60257.87  60858.30  61451.86
       0.60      1.46  50079.18  50145.19  50258.51  50357.16  50471.28  50596.57  50733.39  50886.69  51059.23  51256.65  51482.91  51743.79  52044.03  52388.76  52782.33  53206.46  53613.60  54080.76  54590.86  55138.55  55722.31  56335.15  56973.13  57626.09  58288.35  58947.45  59596.88  60223.28  60817.56  61405.04
      -0.96      1.25  50038.97  50105.27  50220.22  50320.62  50437.35  50564.77  50704.45  50859.94  51035.47  51235.13  51464.56  51727.92  52031.71  52379.48  52777.18  53204.98  53616.97  54088.86  54604.59  55157.97  55747.97  56367.08  57011.23  57670.23  58337.63  59001.48  59653.93  60283.03  60877.91  61466.56
      -0.72      1.25  50032.12  50098.77  50213.98  50315.58  50434.65  50565.78  50711.13  50875.08  51062.15  51277.57  51527.15  51816.43  52151.81  52538.11  52977.14  53396.80  53867.32  54398.47  54979.51  55605.28  56272.37  56972.53  57699.44  58441.58  59190.27  59931.86  60656.49  61350.49  62000.28  62634.97
      -0.48      1.25  50048.44  50115.66  50230.80  50332.80  50452.19  50583.69  50729.22  50893.16  51080.09  51295.08  51544.30  51833.00  52168.15  52554.34  52993.75  53412.25  53884.01  54415.40  54997.21  55623.93  56292.77  56994.98  57724.90  58470.36  59223.36  59969.53  60699.73  61399.62  62055.51  62696.85
      -0.24      1.25  50070.84  50137.94  50252.06  50352.29  50468.77  50596.85  50737.84  50897.36  51078.92  51289.30  51533.18  51817.80  52148.37  52531.69  52968.00  53385.73  53855.64  54386.71  54967.99  55595.42  56265.10  56969.07  57700.95  58448.88  59204.64  59953.69  60687.20  61390.32  62049.74  62694.12
       0.00      1.25  50060.21  50127.44  50240.99  50341.59  50458.57  50587.98  50730.40  50891.94  51075.69  51288.59  51535.29  51822.86  52156.81  52543.31  52983.22  53403.23  53876.78  54410.32  54994.45  55623.54  56295.24  56999.95  57732.98  58480.72  59236.96  59985.26  60718.89  61420.91  62080.22  62723.32
       0.24      1.25  50073.44  50140.67  50254.11  50354.48  50471.36  50600.67  50742.97  50904.27  51087.47  51299.69  51545.22  51831.53  52163.52  52548.00  52985.06  53402.81  53872.56  54402.56  54982.06  55606.84  56273.16  56972.99  57700.42  58443.60  59194.95  59939.90  60670.50  61371.69  62030.90  62676.16
       0.48      1.25  50066.17  50132.95  50247.27  50348.55  50467.01  50597.97  50742.62  50906.07  51092.01  51306.41  51554.44  51842.29  52175.88  52560.76  52998.11  53414.98  53884.04  54412.59  54990.88  55613.84  56278.38  56976.08  57701.25  58441.99  59190.51  59932.50  60659.34  61356.55  62010.92  62650.92
       0.72      1.25  50082.31  50149.60  50264.85  50366.75  50486.15  50617.60  50762.92  50926.49  51112.75  51326.95  51575.02  51862.42  52195.65  52579.35  53015.52  53430.79  53897.62  54424.11  55000.25  55619.99  56280.82  56973.41  57692.81  58426.27  59166.88  59899.54  60616.63  61302.89  61947.43  62577.95
       0.96      1.25  50061.00  50126.79  50240.87  50340.01  50455.24  50581.44  50719.86  50874.42  51048.82  51247.63  51475.85  51738.21  52040.49  52386.86  52782.56  53208.46  53618.04  54087.51  54600.21  55150.53  55737.05  56352.75  56993.38  57649.06  58313.49  58974.82  59625.69  60253.67  60848.59  61437.10
      -1.08      1.04  50054.87  50120.13  50233.59  50331.37  50444.39  50567.68  50702.53  50853.31  51023.61  51218.60  51442.94  51702.16  52001.47  52346.00  52740.23  53166.52  53576.35  54047.19  54561.51  55114.74  55704.29  56324.08  56968.72  57629.15  58297.96  58964.08  59619.26  60251.95  60851.31  61444.91
      -0.84      1.04  50038.63  50105.38  50219.70  50320.60  50438.14  50567.82  50710.91  50873.02  51057.70  51271.45  51519.06  51807.35  52141.77  52528.50  52968.20  53388.68  53861.44  54394.85  54978.29  55607.22  56277.89  56982.28  57713.86  58461.07  59215.31  59962.65  60693.75  61394.65  62052.02  62695.61
      -0.60      1.04  50015.77  50083.80  50200.27  50304.65  50426.98  50562.45  50713.29  50885.22  51082.71  51312.51  51580.44  51893.66  52258.56  52680.47  53135.57  53583.08  54112.57  54701.79  55347.74  56044.95  56788.94  57570.20  58381.00  59207.85  60040.44  60862.40  61662.47  62407.86  62995.06  63553.02
      -0.36      1.04  50041.29  50109.64  50225.05  50328.20  50448.75  50582.26  50730.56  50899.93  51094.55  51321.80  51587.33  51898.89  52262.94  52685.39  53140.06  53590.72  54123.86  54716.45  55366.78  56068.96  56819.26  57607.25  58426.15  59261.19  60103.43  60935.32  61747.06  62500.17  63075.29  63647.83
      -0.12      1.04  50031.02  50099.26  50215.20  50319.29  50440.77  50575.60  50725.27  50896.23  51092.40  51321.19  51588.20  51901.12  52266.48  52690.07  53145.84  53597.28  54130.64  54722.88  55372.44  56073.56  56822.64  57609.38  58426.97  59261.11  60102.58  60934.38  61746.02  62499.22  63070.62  63643.14
       0.12      1.04  50068.06  50137.06  50253.12  50357.25  50479.15  50613.82  50763.13  50932.80  51127.37  51353.73  51618.09  51927.76  52289.69  52709.47  53160.96  53608.15  54137.19  54725.04  55370.08  56066.76  56811.25  57593.70  58407.02  59237.37  60075.51  60904.90  61715.09  62468.21  63041.38  63616.24
       0.36      1.04  50083.72  50152.20  50269.23  50373.66  50496.39  50631.54  50782.02  50952.48  51148.40  51375.51  51640.94  51950.83  52313.07  52732.14  53182.83  53628.07  54155.53  54741.16  55384.14  56078.03  56819.76  57598.73  58408.45  59234.61  60068.12  60892.27  61696.71  62443.09  63007.70  63576.82
       0.60      1.04  50057.81  50125.56  50242.00  50346.24  50468.48  50603.90  50754.55  50926.12  51122.86  51351.53  51617.88  51928.99  52291.28  52709.93  53161.15  53604.02  54128.61  54712.26  55352.28  56042.83  56780.13  57554.13  58357.92  59177.43  60003.23  60818.27  61612.24  62351.01  62929.81  63483.14
       0.84      1.04  50075.41  50142.44  50257.51  50358.59  50476.46  50605.77  50748.37  50909.18  51092.22  51303.62  51548.42  51833.39  52163.87  52546.36  52981.16  53397.01  53864.15  54392.23  54969.72  55593.07  56257.82  56956.86  57683.22  58426.10  59176.71  59921.64  60651.60  61352.75  62011.41  62656.41
       1.08      1.04  50038.02  50104.22  50217.96  50317.72  50433.54  50560.87  50700.29  50856.34  51032.14  51232.75  51462.69  51727.09  52031.37  52379.91  52777.79  53205.89  53617.42  54088.38  54602.29  55153.28  55740.10  56355.50  56995.48  57650.02  58313.22  58973.28  59623.22  60250.84  60846.25  61436.45
      -1.21      0.83  50047.40  50113.60  50226.98  50326.05  50440.72  50566.45  50703.76  50857.28  51030.27  51227.92  51454.97  51716.64  52018.56  52365.20  52761.79  53189.14  53600.64  54072.21  54587.55  55140.65  55730.43  56349.35  56993.59  57652.63  58320.59  58985.17  59639.34  60270.50  60868.71  61460.62
      -0.96      0.83  50057.79  50125.08  50240.49  50342.14  50460.84  50591.06  50734.95  50897.00  51081.90  51295.02  51542.52  51830.03  52164.38  52550.55  52990.49  53410.06  53882.94  54415.49  54998.60  55626.55  56296.78  57000.09  57731.01  58477.04  59230.31  59976.18  60705.68  61404.66  62059.14  62699.35
      -0.72      0.83  50024.99  50093.63  50210.49  50315.61  50439.31  50576.20  50728.82  50902.11  51101.24  51332.06  51601.51  51915.74  52282.66  52706.63  53162.44  53613.32  54146.77  54738.70  55388.33  56089.37  56838.63  57625.67  58443.79  59278.68  60121.00  60953.88  61766.52  62520.19  63090.52  63664.12
      -0.48      0.83  50020.22  50089.24  50206.28  50312.39  50436.98  50576.08  50731.77  50911.33  51119.18  51363.85  51651.43  51990.97  52389.33  52850.83  53301.52  53812.27  54403.58  55061.86  55785.20  56567.58  57403.71  58282.20  59193.80  60121.97  61055.23  61959.48  62737.67  63396.92  63993.19  64573.31
      -0.24      0.83  50039.16  50109.58  50229.38  50338.57  50467.87  50610.66  50771.09  50953.64  51165.35  51411.95  51702.51  52043.29  52444.48  52907.58  53357.39  53871.18  54464.37  55123.15  55847.97  56631.38  57469.46  58350.04  59264.63  60196.81  61135.89  62043.40  62805.02  63475.85  64073.88  64666.02
       0.00      0.83  50036.67  50106.20  50222.89  50329.03  50453.61  50592.62  50747.83  50926.71  51133.50  51377.06  51663.47  52002.21  52400.34  52862.55  53312.05  53825.93  54418.26  55077.63  55802.23  56586.80  57425.53  58307.94  59224.33  60159.35  61101.88  62014.07  62783.30  63458.89  64061.97  64657.93
       0.24      0.83  50046.02  50116.36  50235.09  50343.69  50471.86  50614.30  50773.71  50956.05  51166.83  51413.25  51702.90  52043.42  52443.65  52906.33  53355.62  53868.76  54461.23  55119.59  55844.03  56627.17  57465.25  58345.57  59260.14  60191.38  61129.46  62034.01  62790.27  63457.16  64050.60  64638.02
       0.48      0.83  50063.93  50133.64  50251.80  50358.97  50485.28  50625.24  50781.80  50961.06  51168.29  51411.18  51696.53  52032.81  52427.25  52883.96  53328.81  53833.26  54417.37  55067.94  55782.44  56555.63  57381.34  58249.21  59149.28  60066.31  60988.12  61882.86  62655.56  63308.05  63900.94  64480.94
       0.72      0.83  50037.98  50106.40  50223.49  50328.67  50452.34  50588.90  50740.98  50913.40  51111.45  51340.92  51608.82  51921.27  52286.13  52707.87  53161.57  53609.83  54140.21  54729.00  55375.10  56072.47  56817.71  57600.64  58414.30  59244.88  60082.62  60911.43  61720.11  62471.06  63040.65  63613.25
       0.96      0.83  50047.72  50114.57  50229.85  50331.32  50450.09  50580.63  50725.20  50888.29  51074.39  51288.92  51537.70  51826.50  52161.72  52548.65  52988.73  53408.49  53880.84  54412.82  54994.63  55621.30  56289.64  56991.26  57720.13  58464.74  59216.83  59962.53  60692.74  61393.51  62050.43  62693.29
       1.21      0.83  50036.01  50101.93  50216.59  50316.50  50432.69  50559.90  50699.53  50855.24  51030.94  51230.87  51460.28  51723.58  52026.85  52373.99  52770.47  53197.18  53607.12  54076.60  54589.01  55138.98  55724.88  56340.12  56980.14  57635.73  58300.07  58962.22  59614.10  60244.24  60841.33  61433.13
      -1.33      0.63  50068.40  50134.33  50247.50  50345.48  50459.02  50582.98  50718.49  50869.82  51040.51  51235.74  51460.27  51719.59  52019.07  52363.79  52758.42  53184.52  53594.77  54066.03  54581.00  55134.73  55725.10  56345.48  56991.06  57652.09  58321.89  58988.58  59644.72  60277.83  60877.90  61471.44
      -1.08      0.63  50030.30  50097.12  50211.62  50313.23  50431.98  50563.34  50708.39  50872.35  51058.83  51273.96  51522.91  51812.13  52147.61  52535.14  52975.82  53396.70  53870.16  54403.60  54987.01  55615.65  56286.15  56990.17  57721.61  58468.79  59223.50  59971.76  60704.85  61408.71  62069.75  62717.41
      -0.84      0.63  50052.91  50121.27  50237.25  50340.84  50462.45  50596.79  50746.20  50916.06  51111.21  51338.22  51603.50  51914.15  52277.34  52698.52  53151.67  53600.69  54131.83  54722.07  55369.79  56069.64  56817.64  57604.08  58421.60  59256.51  60098.97  60932.73  61746.74  62502.70  63074.29  63651.53
      -0.60      0.63  50009.65  50080.16  50198.27  50306.94  50435.31  50578.55  50738.90  50922.68  51135.02  51383.49  51675.31  52018.51  52421.51  52887.39  53339.87  53856.71  54452.42  55114.09  55841.42  56627.37  57467.80  58350.29  59266.75  60199.86  61140.01  62048.34  62815.49  63485.64  64086.14  64679.06
      -0.36      0.63  49996.31  50067.31  50184.89  50294.17  50422.83  50567.69  50730.17  50919.14  51138.62  51399.00  51706.33  52071.56  52501.26  52986.39  53456.41  54024.75  54671.27  55391.69  56184.36  57042.17  57959.44  58922.52  59921.29  60937.42  61937.21  62778.60  63537.76  64227.81  64867.80  65496.23
      -0.12      0.63  50027.48  50098.60  50218.40  50328.52  50458.89  50603.83  50767.11  50954.93  51173.88  51431.80  51737.47  52099.62  52527.62  53008.92  53477.90  54045.01  54690.58  55410.18  56203.49  57063.16  57983.89  58952.16  59957.63  60982.99  61989.73  62821.29  63588.74  64289.21  64935.64  65571.33
       0.12      0.63  50035.72  50106.72  50226.54  50336.35  50466.45  50610.96  50774.01  50961.55  51180.60  51438.60  51744.88  52107.51  52536.56  53018.37  53488.58  54056.43  54703.27  55423.41  56217.49  57076.85  57997.07  58963.52  59966.59  60988.24  61990.67  62817.43  63579.87  64274.72  64914.89  65544.08
       0.36      0.63  50027.03  50097.94  50218.08  50328.83  50460.02  50606.09  50770.56  50959.71  51179.83  51438.74  51744.84  52106.69  52533.07  53012.96  53477.60  54039.16  54678.90  55391.74  56176.65  57026.64  57935.76  58891.36  59882.08  60891.48  61883.50  62718.08  63470.62  64157.44  64793.72  65421.64
       0.60      0.63  50035.53  50105.30  50223.90  50331.45  50458.07  50598.27  50755.15  50934.71  51142.54  51386.16  51672.83  52010.84  52408.32  52869.01  53317.30  53829.11  54420.00  55077.73  55800.95  56584.08  57421.53  58302.62  59217.45  60150.75  61090.66  62000.12  62766.92  63438.81  64038.54  64630.97
       0.84      0.63  50038.43  50106.40  50222.90  50326.82  50448.60  50583.01  50732.68  50902.88  51098.61  51326.28  51592.43  51903.90  52268.13  52690.26  53144.96  53595.08  54127.40  54718.68  55367.54  56068.27  56817.07  57604.01  58421.80  59256.79  60099.01  60932.58  61745.76  62500.85  63070.92  63645.75
       1.08      0.63  50026.24  50093.58  50208.10  50309.88  50428.33  50559.25  50703.40  50866.69  51052.22  51266.86  51515.06  51804.05  52138.89  52526.24  52966.31  53387.73  53860.38  54393.47  54976.06  55604.04  56273.48  56976.64  57707.09  58453.49  59207.37  59954.83  60686.70  61388.69  62046.84  62690.77
       1.33      0.63  50028.16  50094.13  50208.03  50307.56  50423.12  50550.09  50689.36  50845.29  51021.31  51222.21  51452.94  51718.19  52023.95  52374.07  52774.20  53204.38  53618.69  54092.43  54609.72  55163.95  55754.56  56373.48  57017.42  57675.55  58342.43  59005.56  59658.03  60287.10  60882.61  61471.54
      -1.45      0.42  50054.02  50120.19  50234.28  50333.79  50449.66  50576.39  50715.44  50870.29  51045.26  51244.24  51473.28  51736.19  52040.06  52387.91  52786.45  53214.44  53627.89  54101.07  54618.77  55173.77  55765.98  56386.72  57032.84  57692.90  58361.30  59025.17  59677.57  60305.93  60900.10  61487.40
      -1.21      0.42  50036.43  50102.95  50216.88  50317.44  50434.85  50564.73  50708.18  50870.55  51055.48  51269.18  51516.89  51804.98  52139.57  52526.27  52966.40  53387.09  53860.59  54394.11  54977.89  55606.96  56277.98  56982.52  57714.34  58461.81  59216.47  59964.68  60697.09  61400.47  62060.33  62706.77
      -0.96      0.42  50026.27  50094.96  50210.99  50315.53  50437.79  50573.37  50723.82  50895.34  51092.11  51321.33  51588.98  51902.47  52268.86  52693.53  53150.65  53603.73  54139.65  54734.56  55387.79  56092.80  56846.77  57638.45  58461.75  59301.24  60148.18  60984.70  61800.53  62555.61  63121.72  63696.22
      -0.72      0.42  50024.36  50094.35  50212.62  50320.23  50446.66  50587.02  50743.83  50923.68  51131.58  51375.71  51662.77  52001.83  52400.40  52862.99  53312.71  53827.46  54421.01  55082.14  55808.97  56596.47  57438.68  58325.26  59246.29  60186.27  61133.90  62050.35  62820.58  63499.97  64105.16  64703.04
      -0.48      0.42  50037.63  50108.84  50228.57  50338.21  50467.51  50610.96  50772.28  50958.13  51174.90  51431.02  51734.88  52095.76  52522.52  53003.17  53471.39  54038.19  54683.39  55402.83  56195.64  57054.77  57974.27  58941.16  59944.37  60967.42  61971.90  62803.46  63569.07  64268.65  64914.70  65551.40
      -0.24      0.42  50000.49  50072.44  50192.33  50303.76  50435.47  50583.06  50749.59  50943.17  51169.65  51439.02  51759.40  52141.61  52593.33  53081.39  53582.11  54190.20  54880.02  55650.16  56499.14  57419.35  58403.98  59438.13  60510.28  61586.03  62545.39  63379.51  64164.60  64912.10  65592.16  66256.96
       0.00      0.42  50019.10  50090.93  50211.53  50322.72  50454.35  50600.92  50766.49  50958.19  51182.75  51449.46  51767.15  52146.45  52595.58  53080.28  53579.28  54185.51  54873.24  55642.25  56490.36  57411.26  58396.93  59434.04  60509.78  61590.36  62544.76  63386.93  64180.54  64936.73  65623.99  66297.86
       0.24      0.42  49998.92  50071.12  50191.35  50303.78  50436.74  50585.86  50753.90  50949.05  51176.95  51447.55  51768.89  52151.73  52603.80  53091.71  53591.94  54199.25  54888.09  55656.83  56504.28  57422.68  58405.38  59437.43  60507.31  61580.50  62535.50  63366.17  64147.94  64892.37  65569.21  66231.65
       0.48      0.42  50016.90  50087.44  50206.65  50315.91  50444.77  50588.39  50749.94  50936.60  51154.04  51411.22  51715.80  52077.65  52505.00  52986.94  53455.88  54023.43  54669.05  55389.16  56182.45  57042.42  57962.81  58931.00  59935.70  60960.51  61966.60  62800.65  63567.79  64267.69  64913.17  65547.48
       0.72      0.42  50011.98  50082.44  50202.14  50311.83  50441.68  50585.52  50746.91  50930.78  51143.74  51391.88  51684.07  52026.80  52430.21  52895.88  53348.67  53865.81  54462.48  55124.74  55853.33  56640.41  57482.35  58366.40  59284.63  60219.90  61162.44  62072.81  62837.12  63510.58  64110.31  64703.81
       0.96      0.42  50025.11  50093.40  50208.95  50312.75  50433.81  50568.26  50717.30  50887.71  51083.13  51311.32  51577.61  51890.02  52254.89  52678.35  53134.42  53586.27  54120.24  54713.49  55364.36  56067.17  56818.15  57607.20  58427.19  59264.10  60108.18  60943.04  61757.12  62512.37  63083.25  63656.64
       1.21      0.42  50044.27  50111.87  50227.58  50330.30  50450.66  50583.13  50729.83  50894.78  51082.96  51298.97  51549.60  51839.46  52176.34  52564.05  53005.56  53425.05  53898.63  54430.90  55013.63  55640.38  56309.18  57010.54  57739.48  58483.59  59235.36  59980.47  60710.10  61410.13  62066.37  62708.92
       1.45      0.42  50005.44  50071.51  50184.08  50282.87  50396.73  50522.55  50659.70  50814.29  50988.14  51187.93  51416.89  51681.67  51986.37  52336.90  52736.96  53169.35  53585.19  54061.67  54581.42  55139.52  55733.74  56357.48  57006.11  57669.94  58342.59  59012.21  59671.49  60307.60  60910.48  61506.37
      -1.57      0.21  50067.18  50132.74  50246.34  50344.45  50458.13  50582.20  50718.08  50869.63  51040.80  51236.15  51461.01  51720.10  52019.53  52363.49  52757.55  53182.68  53592.34  54062.60  54576.99  55129.83  55719.50  56338.92  56983.38  57643.11  58311.14  58975.95  59629.40  60259.84  60856.24  61446.42
      -1.33      0.21  50049.07  50115.76  50229.23  50329.39  50445.63  50573.95  50714.97  50874.83  51056.47  51267.12  51511.00  51795.75  52126.13  52509.28  52945.10  53363.34  53832.89  54364.26  54945.50  55573.59  56243.40  56948.48  57680.74  58430.33  59186.94  59938.36  60673.32  61379.59  62041.30  62689.07
      -1.08      0.21  50055.24  50123.33  50240.14  50343.69  50465.18  50598.65  50747.34  50915.83  51109.93  51335.37  51599.55  51908.73  52271.04  52691.09  53143.99  53592.69  54124.91  54716.76  55367.39  56070.52  56822.84  57613.73  58436.26  59275.85  60122.81  60960.06  61776.34  62532.56  63101.88  63676.65
      -0.84      0.21  50038.78  50108.71  50226.68  50333.47  50459.00  50597.92  50753.33  50931.41  51137.91  51380.45  51666.59  52004.57  52402.91  52865.01  53314.94  53830.03  54425.13  55087.59  55816.76  56605.97  57450.38  58338.12  59260.14  60199.70  61145.90  62059.81  62828.22  63503.35  64104.81  64698.37
      -0.60      0.21  50025.85  50096.68  50216.03  50325.63  50454.83  50598.76  50760.60  50947.36  51165.02  51422.17  51727.06  52088.99  52516.91  52998.61  53468.23  54036.40  54683.47  55404.82  56200.21  57061.90  57984.84  58955.02  59962.46  60989.35  61997.62  62829.42  63597.97  64298.96  64946.04  65581.39
      -0.36      0.21  50024.46  50095.88  50216.48  50327.50  50458.89  50605.21  50770.55  50962.05  51186.50  51453.08  51770.73  52149.96  52599.10  53083.55  53582.62  54188.79  54876.58  55645.52  56493.59  57414.35  58399.87  59436.65  60511.98  61591.81  62545.54  63386.65  64178.77  64932.76  65617.57  66287.66
      -0.12      0.21  50015.17  50087.78  50209.10  50322.21  50456.72  50606.94  50777.35  50975.01  51207.43  51483.68  51813.86  52208.14  52675.42  53161.25  53689.50  54322.30  55041.22  55844.15  56730.41  57691.12  58719.02  59798.40  60918.46  62024.85  62905.51  63769.69  64593.17  65370.61  66074.54  66761.49
       0.12      0.21  50010.36  50082.60  50203.28  50315.47  50448.24  50596.84  50764.92  50960.70  51190.49  51464.70  51791.88  52183.88  52647.91  53132.62  53657.40  54288.04  55003.87  55804.88  56688.60  57648.23  58674.83  59754.58  60875.31  61984.21  62870.40  63738.33  64565.71  65347.98  66056.43  66747.71
       0.36      0.21  50008.25  50081.06  50203.05  50316.72  50452.04  50602.82  50773.45  50970.06  51200.34  51472.08  51795.66  52179.79  52634.66  53122.35  53626.75  54236.51  54928.86  55700.53  56552.19  57474.30  58461.72  59497.86  60572.63  61648.78  62594.73  63429.21  64215.33  64962.27  65641.01  66305.95
       0.60      0.21  50007.96  50079.08  50198.23  50308.00  50437.30  50581.63  50743.61  50930.96  51148.80  51406.66  51711.64  52074.25  52502.10  52984.89  53454.53  54023.26  54669.87  55391.37  56186.00  57047.67  57969.82  58940.15  59947.26  60974.84  61984.10  62821.13  63591.69  64295.18  64944.85  65583.57
       0.84      0.21  50013.91  50084.07  50202.02  50309.81  50436.56  50577.77  50735.52  50916.63  51125.88  51371.47  51660.08  52000.51  52400.43  52863.91  53314.69  53829.65  54423.47  55084.17  55810.35  56596.29  57436.67  58320.51  59238.50  60174.75  61118.34  62031.65  62805.05  63480.37  64085.23  64681.28
       1.08      0.21  50042.31  50110.93  50227.56  50331.88  50454.32  50589.39  50739.69  50910.39  51106.66  51334.76  51601.45  51913.42  52278.16  52700.70  53155.53  53606.03  54139.27  54731.72  55382.09  56084.24  56834.67  57622.81  58441.94  59277.40  60119.96  60952.25  61763.71  62515.92  63087.57  63657.02
       1.33      0.21  50038.59  50105.67  50219.37  50319.95  50437.00  50566.35  50708.92  50870.68  51054.97  51268.67  51516.54  51805.65  52141.46  52530.21  52972.70  53395.79  53872.77  54410.40  54998.79  55632.40  56308.25  57016.96  57753.20  58503.94  59262.12  60012.15  60746.30  61448.73  62107.60  62750.30
       1.57      0.21  50018.29  50084.25  50198.26  50297.73  50413.15  50539.88  50678.71  50834.01  51009.18  51209.15  51438.78  51703.09  52007.80  52357.30  52756.86  53187.55  53602.64  54078.27  54597.89  55155.67  55750.28  56374.29  57023.61  57687.80  58360.85  59030.20  59688.85  60323.52  60924.48  61517.63
      -1.45      0.00  50084.61  50151.44  50266.13  50366.87  50484.61  50613.70  50756.30  50916.66  51099.63  51310.33  51555.21  51839.52  52170.47  52552.48  52988.24  53403.73  53872.88  54403.12  54985.03  55612.07  56282.16  56985.23  57716.34  58461.92  59214.62  59958.80  60685.83  61380.35  62030.08  62662.82
      -1.21      0.00  50033.17  50101.56  50217.41  50321.57  50443.56  50578.79  50728.88  50899.83  51095.99  51324.33  51590.91  51902.87  52267.12  52688.52  53143.39  53591.33  54122.77  54714.06  55363.45  56063.89  56812.28  57597.26  58412.47  59242.44  60078.23  60901.77  61703.08  62447.20  63028.69  63585.26
      -0.96      0.00  50009.15  50078.30  50195.75  50302.82  50428.88  50569.57  50727.04  50908.11  51117.49  51363.30  51652.09  51992.44  52391.72  52853.76  53304.68  53815.89  54407.66  55066.33  55789.98  56572.61  57408.55  58286.82  59197.54  60125.13  61057.26  61961.43  62739.68  63399.92  63997.75  64582.38
      -0.72      0.00  50031.48  50102.78  50222.50  50332.69  50462.68  50607.29  50769.71  50956.81  51174.52  51431.41  51735.48  52096.02  52521.36  53000.83  53465.62  54028.38  54669.98  55385.51  56173.78  57027.63  57941.21  58901.34  59897.01  60911.02  61908.29  62747.82  63504.63  64194.12  64832.59  65460.99
      -0.48      0.00  50020.29  50092.59  50213.19  50325.26  50457.99  50606.21  50773.46  50967.19  51193.84  51462.76  51782.68  52163.92  52614.67  53100.79  53600.24  54206.80  54895.36  55664.24  56512.35  57431.84  58416.05  59449.93  60522.01  61597.09  62551.64  63384.51  64168.98  64915.43  65594.27  66257.73
      -0.24      0.00  50008.14  50081.04  50203.26  50317.71  50454.02  50606.33  50779.19  50979.31  51214.34  51492.99  51825.57  52221.92  52691.24  53178.29  53708.34  54342.51  55062.98  55867.11  56754.75  57716.37  58745.33  59825.05  60945.28  62050.13  62926.01  63787.29  64608.15  65382.67  66084.30  66769.57
       0.00      0.00  49986.93  50060.19  50181.00  50295.32  50430.55  50582.92  50755.21  50956.62  51192.91  51475.41  51812.50  52216.65  52694.58  53182.54  53728.82  54379.69  55119.00  55945.71  56858.06  57847.16  58905.74  60017.68  61163.39  62251.98  63148.85  64024.51  64873.52  65669.32  66389.06  67088.33
       0.24      0.00  50017.73  50089.44  50210.10  50321.57  50453.74  50601.48  50769.11  50964.26  51193.91  51467.84  51795.34  52187.53  52652.36  53137.35  53663.48  54295.09  55012.34  55814.37  56699.28  57659.43  58686.40  59765.67  60885.25  61992.18  62876.66  63741.91  64565.53  65343.82  66048.28  66735.85
       0.48      0.00  49988.55  50060.72  50180.75  50293.13  50426.08  50575.43  50743.86  50939.66  51168.38  51440.04  51762.58  52146.83  52600.38  53089.72  53591.74  54200.77  54891.22  55661.55  56510.38  57430.18  58414.04  59447.43  60518.59  61593.59  62551.60  63384.48  64168.53  64915.13  65594.29  66258.82
       0.72      0.00  50026.35  50097.20  50215.84  50325.25  50454.55  50599.12  50761.83  50949.81  51168.84  51427.38  51733.63  52096.46  52524.75  53006.95  53475.40  54041.41  54686.93  55405.64  56197.91  57054.74  57971.94  58934.34  59932.58  60947.47  61944.83  62779.40  63534.63  64221.45  64857.14  65482.18
       0.96      0.00  50032.73  50102.31  50219.62  50326.32  50451.96  50591.77  50748.25  50927.92  51135.90  51380.07  51667.36  52006.16  52404.22  52865.13  53314.99  53825.71  54417.43  55076.16  55800.50  56583.86  57421.28  58300.94  59213.80  60143.19  61077.72  61982.91  62760.02  63420.69  64017.69  64599.56
       1.21      0.00  50024.01  50091.96  50207.03  50310.31  50431.05  50565.38  50714.37  50884.75  51080.06  51308.06  51573.89  51885.58  52248.90  52669.88  53124.24  53571.72  54101.39  54691.34  55338.33  56036.93  56782.76  57566.09  58379.45  59209.06  60044.92  60870.22  61674.18  62422.99  63012.31  63573.71
       1.45      0.00  50052.31  50119.23  50233.67  50334.41  50451.92  50581.23  50724.06  50885.39  51069.43  51282.04  51528.92  51816.14  52149.97  52535.62  52974.83  53394.86  53867.60  54401.55  54986.45  55616.33  56288.48  56993.37  57725.70  58472.38  59226.09  59971.27  60699.82  61395.77  62047.45  62681.97
      -1.57     -0.21  50055.97  50121.68  50234.31  50331.95  50444.74  50568.24  50702.95  50853.69  51023.52  51218.06  51441.68  51700.18  51998.73  52342.52  52736.30  53162.27  53572.51  54044.20  54560.14  55115.25  55707.30  56329.63  56977.20  57640.43  58312.17  58981.03  59638.79  60273.77  60874.94  61469.85
      -1.33     -0.21  50042.46  50109.32  50223.45  50324.44  50442.23  50572.35  50715.83  50878.03  51062.65  51275.89  51523.06  51810.59  52144.61  52530.84  52970.64  53390.74  53864.94  54399.83  54985.73  55617.52  56291.85  56999.99  57735.89  58487.32  59245.97  59997.38  60732.46  61436.74  62096.59  62741.27
      -1.08     -0.21  50047.24  50115.36  50231.65  50335.34  50457.11  50591.58  50741.32  50911.37  51106.97  51334.23  51600.18  51911.24  52275.43  52697.24  53151.72  53601.87  54135.84  54729.01  55381.21  56085.24  56838.63  57629.61  58452.37  59291.02  60137.20  60972.56  61787.13  62540.67  63107.24  63679.49
      -0.84     -0.21  50025.83  50095.80  50213.44  50320.94  50447.33  50588.06  50745.32  50925.95  51134.81  51380.04  51668.49  52008.82  52409.08  52872.97  53324.18  53840.19  54435.91  55098.66  55827.88  56616.84  57460.94  58348.15  59269.66  60208.68  61154.54  62067.60  62831.45  63506.07  64104.90  64696.51
      -0.60     -0.21  50011.70  50082.76  50201.49  50311.23  50440.64  50585.66  50748.52  50936.90  51155.97  51414.88  51721.25  52084.82  52514.11  52997.36  53468.30  54037.51  54685.39  55407.27  56203.12  57064.89  57987.87  58957.64  59964.61  60990.50  61998.21  62830.35  63598.19  64298.20  64944.39  65579.19
      -0.36     -0.21  50006.04  50077.87  50197.57  50308.81  50440.10  50587.37  50753.32  50946.55  51172.40  51441.36  51761.08  52143.14  52594.88  53082.42  53584.56  54193.86  54884.68  55656.54  56507.53  57430.78  58418.83  59457.46  60534.70  61615.39  62568.37  63409.69  64202.53  64956.66  65642.10  66313.44
      -0.12     -0.21  49998.61  50071.36  50191.84  50305.06  50439.45  50590.59  50761.60  50960.70  51194.19  51472.13  51803.58  52199.56  52668.18  53155.82  53685.62  54320.08  55040.55  55845.12  56733.02  57695.32  58724.88  59805.63  60927.06  62034.23  62916.08  63780.49  64603.81  65380.35  66083.43  66768.90
       0.12     -0.21  50008.53  50081.32  50202.24  50315.16  50448.95  50598.78  50768.21  50965.33  51196.63  51472.29  51801.23  52194.85  52660.85  53146.57  53673.69  54306.15  55024.25  55827.09  56713.05  57674.33  58702.85  59783.67  60905.51  62014.14  62899.19  63766.19  64592.69  65373.16  66080.91  66771.79
       0.36     -0.21  50017.71  50089.93  50210.41  50322.05  50454.34  50601.82  50768.50  50961.51  51187.87  51456.54  51776.99  52159.19  52612.32  53099.91  53604.46  54215.65  54910.00  55684.81  56540.29  57467.10  58459.88  59501.75  60582.81  61664.36  62613.12  63452.64  64244.16  64995.13  65677.68  66344.12
       0.60     -0.21  50033.20  50103.83  50221.82  50329.63  50456.33  50597.53  50755.90  50939.36  51152.98  51406.58  51707.09  52065.47  52488.97  52968.07  53433.88  53999.43  54642.88  55362.06  56154.43  57014.83  57935.91  58906.17  59913.50  60942.23  61953.33  62795.08  63568.40  64274.52  64926.29  65566.04
       0.84     -0.21  50041.18  50111.25  50228.74  50335.49  50461.12  50600.59  50756.57  50935.52  51142.74  51386.07  51672.74  52011.17  52409.65  52871.79  53321.29  53835.79  54429.91  55091.23  55818.90  56606.58  57449.38  58335.69  59256.39  60195.03  61140.70  62054.56  62822.93  63498.48  64100.87  64695.80
       1.08     -0.21  50075.25  50143.47  50258.69  50361.32  50481.56  50614.32  50761.94  50929.88  51123.11  51348.12  51611.70  51920.60  52282.62  52702.53  53154.93  53603.32  54135.50  54727.00  55377.33  56079.49  56830.83  57619.76  58440.18  59276.49  60119.93  60952.45  61764.06  62515.62  63083.87  63655.07
       1.33     -0.21  50077.37  50143.72  50258.03  50357.36  50473.15  50599.69  50739.48  50896.98  51076.90  51284.90  51526.85  51809.07  52137.75  52518.92  52953.62  53369.78  53839.06  54370.20  54952.16  55581.07  56252.45  56959.04  57693.42  58444.82  59203.55  59956.45  60693.00  61399.88  62062.04  62709.22
       1.57     -0.21  50046.60  50112.30  50225.51  50323.64  50437.25  50561.60  50697.63  50849.77  51021.53  51218.00  51444.05  51704.87  52006.20  52352.54  52749.16  53177.23  53589.98  54063.57  54581.57  55137.99  55731.48  56354.50  57002.82  57666.01  58337.68  59005.54  59662.09  60294.76  60893.24  61484.46
      -1.45     -0.42  50084.31  50149.50  50263.18  50360.47  50473.47  50596.22  50731.00  50880.86  51050.63  51244.13  51467.47  51724.87  52023.11  52365.97  52759.56  53184.12  53594.18  54065.28  54581.25  55136.13  55728.60  56351.15  56999.43  57662.96  58335.22  59003.84  59661.14  60294.42  60892.96  61483.35
      -1.21     -0.42  50064.63  50132.12  50246.40  50347.31  50464.84  50594.09  50736.16  50896.53  51078.67  51289.39  51533.40  51818.09  52148.68  52532.13  52968.66  53386.28  53857.06  54389.21  54971.72  55600.67  56271.82  56977.35  57710.48  58459.80  59216.73  59967.36  60702.63  61408.34  62070.83  62719.90
      -0.96     -0.42  50054.96  50123.26  50238.61  50341.81  50462.38  50595.96  50744.03  50912.82  51106.28  51331.82  51595.03  51903.84  52264.69  52683.83  53134.92  53582.06  54111.07  54699.75  55345.83  56044.59  56791.47  57577.32  58394.30  59229.34  60072.24  60907.37  61722.99  62481.69  63058.01  63636.99
      -0.72     -0.42  50045.04  50115.70  50234.94  50343.75  50472.24  50614.41  50773.51  50954.86  51164.56  51409.33  51697.32  52035.97  52434.51  52895.63  53343.57  53855.58  54446.71  55103.98  55827.17  56609.64  57446.81  58327.12  59241.51  60174.17  61114.07  62023.56  62787.58  63460.31  64059.14  64651.81
      -0.48     -0.42  50024.52  50095.64  50214.46  50324.11  50453.55  50598.22  50760.78  50948.65  51167.19  51425.42  51730.94  52093.59  52521.66  53003.62  53473.02  54040.93  54687.17  55407.74  56201.94  57062.51  57984.03  58952.86  59958.60  60983.91  61990.45  62820.90  63588.58  64289.14  64935.98  65571.73
      -0.24     -0.42  50057.34  50129.07  50249.22  50359.58  50490.26  50635.52  50799.54  50989.24  51211.45  51475.31  51789.68  52165.04  52609.49  53089.69  53582.31  54182.57  54864.34  55627.19  56468.99  57383.46  58362.84  59393.69  60463.38  61538.63  62497.89  63333.63  64121.52  64872.74  65556.72  66226.10
       0.00     -0.42  50034.83  50107.47  50228.46  50340.84  50474.19  50622.57  50790.19  50983.73  51210.53  51479.07  51799.25  52180.47  52632.42  53117.65  53619.93  54228.22  54919.38  55690.65  56542.25  57465.26  58454.03  59492.47  60570.09  61649.33  62595.42  63433.38  64223.49  64973.97  65655.69  66323.06
       0.24     -0.42  50026.28  50097.75  50217.46  50327.96  50458.55  50604.45  50769.14  50960.43  51184.47  51451.02  51768.38  52147.43  52595.82  53080.58  53577.87  54182.89  54869.45  55636.76  56482.68  57400.48  58382.35  59414.50  60484.17  61558.67  62517.64  63350.76  64134.46  64881.43  65561.00  66226.92
       0.48     -0.42  50033.94  50104.28  50222.82  50330.61  50457.63  50598.81  50757.73  50941.33  51155.73  51409.64  51711.11  52069.92  52494.47  52973.98  53440.89  54007.06  54651.51  55371.32  56164.50  57025.41  57946.94  58917.50  59924.90  60953.84  61964.81  62805.94  63579.14  64285.94  64938.31  65580.30
       0.72     -0.42  50048.32  50117.77  50235.06  50340.88  50465.20  50602.95  50757.23  50934.31  51139.96  51381.75  51667.43  52005.07  52403.63  52866.19  53317.08  53833.12  54429.56  55093.04  55823.72  56614.11  57460.24  58349.21  59272.81  60213.48  61161.12  62075.59  62840.79  63516.72  64116.74  64709.85
       0.96     -0.42  50082.93  50151.01  50265.74  50367.35  50485.70  50616.18  50760.77  50925.56  51115.06  51336.48  51596.01  51901.32  52259.47  52676.39  53126.07  53572.57  54102.17  54692.08  55340.58  56042.40  56793.44  57583.93  58406.39  59246.90  60095.36  60935.14  61754.63  62514.81  63087.98  63666.14
       1.21     -0.42  50091.09  50157.75  50271.78  50371.26  50487.29  50614.32  50754.73  50912.81  51093.58  51302.19  51545.31  51828.28  52158.67  52541.03  52977.99  53394.47  53866.39  54398.55  54982.56  55612.16  56285.12  56991.74  57726.70  58476.98  59234.91  59985.48  60719.92  61423.70  62082.96  62727.16
       1.45     -0.42  50086.32  50151.47  50263.50  50359.12  50469.33  50589.11  50719.92  50866.16  51031.62  51221.57  51440.98  51695.45  51990.55  52331.36  52722.76  53146.89  53555.68  54026.22  54541.30  55095.96  55687.78  56310.35  56958.22  57622.10  58294.27  58963.69  59621.47  60256.33  60856.50  61450.06
      -1.33     -0.63  50054.55  50120.62  50234.11  50333.03  50447.72  50573.37  50710.70  50864.10  51036.87  51234.09  51460.50  51721.33  52022.23  52367.78  52763.16  53189.46  53600.06  54071.04  54585.80  55138.73  55728.30  56347.34  56991.53  57650.86  58319.04  58984.17  59638.93  60270.90  60869.77  61462.64
      -1.08     -0.63  50053.69  50120.15  50234.59  50335.42  50452.98  50582.67  50725.81  50887.66  51071.80  51284.48  51530.70  51817.16  52149.52  52534.03  52971.45  53389.40  53859.99  54391.07  54972.36  55599.53  56268.89  56972.56  57704.24  58452.40  59208.82  59959.30  60694.87  61400.65  62062.28  62708.36
      -0.84     -0.63  50055.51  50123.88  50239.76  50344.04  50466.40  50602.02  50752.76  50924.16  51120.86  51349.25  51616.04  51927.82  52292.56  52714.76  53168.96  53618.90  54152.32  54744.20  55394.78  56096.56  56847.42  57635.35  58454.88  59290.08  60133.15  60965.92  61778.85  62531.16  63093.69  63668.05
      -0.60     -0.63  50061.09  50130.84  50248.85  50355.65  50481.43  50620.73  50776.60  50955.09  51161.60  51403.82  51688.88  52025.34  52421.24  52880.58  53326.81  53837.74  54427.84  55085.35  55808.82  56592.75  57431.64  58314.62  59232.05  60168.14  61111.61  62023.80  62789.63  63464.30  64065.13  64659.31
      -0.36     -0.63  50015.95  50087.31  50206.65  50317.50  50448.72  50595.55  50760.71  50951.10  51172.56  51433.29  51741.64  52106.15  52536.02  53019.03  53488.37  54054.89  54700.89  55419.77  56212.14  57068.83  57985.79  58947.72  59945.35  60959.39  61955.39  62786.24  63540.37  64226.78  64862.42  65488.21
      -0.12     -0.63  50033.52  50103.85  50221.78  50329.54  50456.11  50597.36  50755.78  50939.52  51153.43  51407.50  51708.46  52067.32  52491.26  52970.73  53436.88  54002.51  54645.90  55364.69  56156.36  57015.53  57934.76  58902.50  59906.26  60930.90  61936.89  62774.48  63542.75  64244.77  64892.53  65530.79
       0.12     -0.63  50049.67  50120.72  50239.41  50348.16  50476.41  50619.06  50779.39  50964.27  51179.92  51434.78  51737.32  52096.76  52522.21  53001.27  53468.57  54034.49  54679.27  55398.43  56191.61  57051.25  57972.10  58940.46  59945.99  60971.40  61978.49  62811.21  63579.94  64281.68  64929.77  65567.17
       0.36     -0.63  50017.81  50088.63  50206.20  50314.81  50442.67  50586.14  50747.18  50934.09  51151.67  51409.58  51714.93  52077.76  52505.96  52989.25  53458.67  54026.39  54673.74  55395.08  56190.16  57050.57  57971.62  58938.51  59941.50  60961.59  61963.53  62799.71  63558.26  64248.04  64885.38  65510.98
       0.60     -0.63  50056.17  50126.29  50243.32  50349.41  50474.29  50612.61  50767.59  50945.20  51151.60  51393.90  51680.46  52018.68  52418.22  52881.32  53332.18  53849.13  54446.91  55111.53  55843.71  56634.99  57482.09  58371.16  59294.69  60234.15  61180.29  62092.42  62857.01  63529.67  64128.10  64718.17
       0.84     -0.63  50050.43  50118.75  50233.20  50335.76  50455.23  50587.86  50734.94  50903.11  51096.38  51322.12  51586.32  51896.35  52259.46  52680.94  53135.08  53585.45  54118.77  54711.30  55362.04  56064.68  56815.84  57605.01  58425.20  59262.33  60106.81  60942.44  61758.03  62515.74  63090.33  63667.97
       1.08     -0.63  50043.05  50110.06  50223.38  50323.70  50440.04  50569.06  50711.09  50872.53  51056.29  51269.34  51516.34  51804.15  52138.55  52525.35  52965.90  53387.16  53861.28  54395.47  54980.36  55610.21  56282.46  56987.76  57720.63  58468.38  59223.24  59970.61  60701.53  61402.11  62058.17  62700.03
       1.33     -0.63  50074.74  50140.49  50253.36  50350.68  50463.36  50586.25  50720.84  50870.99  51040.90  51234.95  51458.91  51717.14  52016.37  52360.22  52754.90  53180.37  53591.10  54062.26  54577.92  55131.89  55722.95  56343.72  56989.74  57651.17  58321.05  58988.26  59644.39  60278.34  60878.42  61473.07
      -1.21     -0.83  50082.99  50148.68  50262.25  50360.40  50474.34  50598.59  50734.66  50886.31  51057.40  51252.53  51476.81  51735.21  52033.52  52376.34  52768.78  53192.14  53599.54  54067.43  54578.89  55128.81  55715.26  56331.69  56973.35  57630.80  58297.41  58961.77  59616.03  60247.87  60846.32  61437.95
      -0.96     -0.83  50089.13  50156.36  50271.77  50373.23  50491.79  50621.75  50765.35  50926.91  51111.09  51323.23  51569.40  51855.22  52187.56  52571.39  53008.67  53424.58  53894.56  54423.93  55003.67  55627.93  56294.13  56993.01  57719.23  58460.28  59208.82  59950.33  60676.60  61373.07  62026.30  62665.78
      -0.72     -0.83  50085.12  50153.03  50269.52  50372.35  50492.85  50625.06  50772.08  50938.75  51130.32  51353.12  51613.66  51919.19  52276.57  52691.89  53138.87  53581.84  54106.61  54691.60  55333.62  56028.88  56771.82  57554.49  58367.97  59200.37  60040.62  60873.90  61688.00  62445.77  63022.20  63600.31
      -0.48     -0.83  50023.80  50093.60  50211.16  50318.64  50445.16  50586.20  50743.88  50924.86  51134.02  51379.32  51667.64  52007.29  52406.23  52867.76  53318.26  53829.49  54422.00  55081.22  55806.50  56590.40  57428.81  58308.93  59222.56  60151.94  61086.58  61990.49  62764.05  63424.26  64019.91  64601.55
      -0.24     -0.83  50040.58  50110.05  50227.36  50333.47  50458.23  50596.72  50751.61  50929.33  51135.22  51377.13  51662.32  51999.30  52396.28  52857.12  53305.87  53819.38  54412.62  55073.42  55800.52  56588.07  57430.67  58317.19  59237.97  60177.17  61123.27  62038.08  62806.92  63483.87  64086.75  64682.44
       0.00     -0.83  50058.20  50128.01  50245.78  50352.44  50478.34  50617.78  50774.14  50953.02  51160.68  51404.00  51691.38  52030.11  52429.85  52892.81  53343.21  53858.94  54454.96  55117.23  55846.64  56634.93  57478.95  58365.00  59285.61  60222.39  61166.01  62075.13  62832.90  63503.20  64097.35  64685.52
       0.24     -0.83  50067.01  50137.01  50255.02  50361.50  50487.01  50625.60  50780.79  50958.00  51163.61  51404.42  51688.74  52024.05  52419.61  52878.25  53324.35  53835.18  54425.82  55083.48  55807.50  56591.51  57430.45  58313.05  59229.66  60164.63  61106.25  62017.12  62783.46  63456.41  64056.12  64649.27
       0.48     -0.83  50079.58  50148.58  50264.90  50368.97  50491.26  50626.44  50777.84  50951.57  51153.55  51391.24  51672.37  52004.93  52397.35  52852.94  53298.27  53805.17  54394.06  55050.73  55773.96  56556.95  57394.79  58275.38  59189.61  60120.62  61056.74  61963.40  62741.45  63403.61  64001.21  64585.04
       0.72     -0.83  50056.64  50124.21  50238.35  50339.36  50456.52  50586.24  50729.86  50894.54  51083.87  51306.06  51566.12  51872.68  52231.48  52649.44  53100.45  53547.89  54077.57  54667.95  55316.02  56017.45  56767.11  57556.23  58376.37  59214.77  60060.50  60898.05  61715.15  62475.21  63056.15  63632.72
       0.96     -0.83  50091.13  50157.70  50271.85  50370.85  50486.01  50611.86  50751.10  50908.13  51088.06  51296.09  51538.75  51821.53  52151.64  52534.00  52970.88  53387.98  53859.74  54392.15  54975.98  55605.66  56278.21  56984.66  57719.02  58469.06  59226.45  59977.08  60711.58  61416.00  62075.73  62720.85
       1.21     -0.83  50071.05  50136.44  50248.27  50344.60  50455.66  50577.29  50710.28  50859.53  51028.38  51222.18  51445.67  51704.19  52003.46  52347.99  52743.09  53169.70  53581.25  54053.70  54570.50  55125.86  55718.41  56340.77  56988.66  57651.84  58323.95  58992.77  59650.84  60285.44  60886.11  61478.97
      -1.08     -1.04  50058.55  50124.43  50237.77  50336.60  50451.28  50577.18  50714.95  50869.14  51042.81  51241.20  51468.71  51730.75  52032.59  52379.02  52774.89  53201.40  53611.79  54082.29  54596.15  55147.80  55735.87  56353.05  56995.47  57652.80  58319.49  58982.99  59636.96  60267.86  60866.52  61458.31
      -0.84     -1.04  50044.77  50111.66  50225.73  50326.93  50444.75  50575.23  50718.93  50881.93  51066.98  51281.19  51528.53  51816.55  52149.79  52535.33  52972.84  53391.40  53861.09  54391.53  54970.99  55596.12  56262.19  56962.29  57689.32  58432.76  59183.75  59929.17  60659.61  61361.32  62020.68  62667.24
      -0.60     -1.04  50054.45  50122.24  50238.21  50341.68  50463.10  50597.35  50746.76  50916.71  51112.02  51339.09  51604.35  51914.53  52276.78  52695.83  53148.16  53593.10  54121.04  54708.61  55353.77  56049.90  56793.69  57574.17  58384.91  59210.85  60043.14  60863.95  61663.52  62406.58  62986.62  63544.10
      -0.36     -1.04  50046.40  50114.59  50230.02  50332.90  50453.04  50585.72  50732.95  50900.83  51093.75  51319.05  51582.59  51892.18  52254.44  52675.44  53129.01  53579.09  54111.86  54704.73  55355.46  56058.78  56810.26  57600.24  58420.86  59258.44  60102.67  60937.41  61751.29  62506.99  63080.93  63656.02
      -0.12     -1.04  50063.42  50131.82  50248.62  50352.26  50473.86  50607.39  50756.04  50924.38  51118.22  51343.33  51607.13  51915.93  52277.88  52697.71  53150.04  53598.34  54129.50  54719.86  55368.18  56068.65  56817.49  57604.69  58422.83  59258.26  60100.88  60934.84  61748.60  62504.59  63075.21  63652.74
       0.12     -1.04  50050.92  50118.87  50233.30  50335.57  50454.73  50586.90  50733.39  50900.86  51093.18  51318.01  51580.92  51889.88  52251.46  52671.72  53124.54  53573.77  54105.51  54696.97  55346.34  56048.23  56798.59  57587.59  58407.80  59245.50  60090.72  60927.30  61743.75  62501.88  63074.40  63653.04
       0.36     -1.04  50064.47  50132.24  50246.95  50348.90  50467.97  50599.53  50745.76  50912.52  51104.66  51328.90  51591.86  51900.47  52262.33  52682.37  53135.47  53584.69  54117.62  54710.23  55361.70  56065.38  56818.17  57609.02  58431.33  59270.24  60116.43  60952.47  61767.47  62521.93  63089.94  63662.75
       0.60     -1.04  50093.38  50161.05  50275.43  50376.22  50493.53  50622.47  50765.37  50928.26  51115.75  51335.18  51592.37  51895.25  52250.02  52662.90  53109.32  53550.15  54074.22  54660.02  55303.70  56000.51  56745.27  57528.83  58342.95  59174.11  60011.96  60839.47  61645.83  62396.42  62987.55  63549.80
       0.84     -1.04  50044.27  50111.66  50224.88  50325.59  50442.42  50571.95  50714.60  50876.58  51061.29  51275.19  51523.53  51812.42  52148.38  52536.28  52978.32  53399.93  53876.17  54412.00  54999.26  55631.01  56305.63  57012.60  57747.68  58496.95  59254.06  60002.85  60735.93  61437.25  62094.73  62736.30
       1.08     -1.04  50094.07  50159.59  50270.74  50366.13  50475.84  50595.94  50727.07  50874.50  51041.32  51233.28  51454.84  51711.74  52009.34  52352.58  52746.44  53172.18  53582.89  54054.69  54570.96  55125.76  55717.71  56339.14  56986.05  57647.72  58318.26  58985.08  59641.35  60274.06  60873.46  61465.78
      -0.96     -1.25  50079.36  50145.21  50259.16  50357.96  50473.05  50598.82  50736.91  50890.84  51064.65  51262.55  51489.88  51751.05  52052.10  52396.97  52791.19  53215.19  53622.89  54090.14  54600.50  55148.14  55731.82  56344.35  56981.72  57633.99  58295.18  58953.44  59601.64  60227.35  60820.47  61407.80
      -0.72     -1.25  50058.05  50125.00  50240.05  50341.59  50460.39  50591.17  50735.73  50898.85  51084.66  51298.87  51546.83  51834.59  52167.96  52552.36  52988.88  53405.70  53873.08  54400.98  54978.14  55599.86  56262.48  56958.01  57680.23  58417.78  59162.40  59900.22  60622.14  61313.77  61962.59  62596.93
      -0.48     -1.25  50052.94  50119.51  50234.49  50335.20  50452.90  50582.01  50724.91  50886.10  51070.18  51282.73  51529.51  51816.56  52150.07  52535.65  52974.46  53393.78  53865.72  54398.23  54980.82  55608.99  56278.91  56982.69  57713.59  58460.50  59214.34  59961.77  60692.86  61394.36  62051.58  62694.81
      -0.24     -1.25  50063.41  50129.95  50244.25  50344.35  50461.40  50589.90  50732.31  50892.80  51076.55  51288.44  51535.29  51822.08  52156.43  52542.58  52983.22  53402.83  53877.56  54411.89  54997.53  55628.13  56301.55  57008.17  57742.84  58492.64  59249.87  59999.60  60732.98  61435.34  62092.60  62734.15
       0.00     -1.25  50053.82  50120.54  50233.86  50333.58  50449.73  50577.84  50719.04  50878.98  51061.26  51272.52  51517.75  51803.87  52136.53  52522.05  52961.06  53381.13  53854.30  54388.27  54972.49  55602.68  56274.90  56981.25  57715.06  58464.92  59222.14  59972.90  60707.85  61413.40  62075.30  62723.77
       0.24     -1.25  50083.12  50148.99  50262.16  50359.95  50473.37  50597.58  50734.68  50890.08  51067.86  51274.65  51515.51  51797.61  52126.37  52508.54  52944.40  53362.54  53833.34  54366.05  54949.14  55579.00  56250.81  56957.48  57691.35  58441.91  59199.36  59950.80  60685.75  61391.36  62052.23  62699.07
       0.48     -1.25  50074.58  50141.50  50255.25  50354.90  50470.76  50597.90  50738.15  50896.56  51077.64  51287.22  51531.28  51815.73  52147.33  52531.25  52969.40  53387.68  53860.86  54394.71  54980.08  55611.05  56284.96  56992.26  57727.62  58478.04  59236.06  59986.31  60720.52  61423.47  62082.41  62726.07
       0.72     -1.25  50055.13  50121.79  50235.07  50334.95  50450.79  50578.86  50719.99  50880.23  51063.08  51275.02  51521.22  51807.95  52141.32  52526.47  52965.31  53385.11  53857.60  54391.19  54975.97  55605.69  56277.86  56982.83  57715.32  58462.32  59216.31  59961.91  60690.55  61386.60  62037.91  62672.20
       0.96     -1.25  50052.57  50118.52  50230.69  50328.42  50440.81  50564.50  50699.47  50851.44  51023.01  51220.09  51446.75  51708.68  52011.01  52358.50  52756.08  53184.79  53598.07  54071.98  54589.93  55145.78  55738.40  56359.99  57006.80  57668.03  58338.22  59004.44  59660.28  60292.11  60890.91  61482.17
      -0.60     -1.46  50043.21  50109.11  50222.96  50321.99  50437.18  50563.41  50701.95  50856.79  51031.70  51231.32  51460.70  51724.59  52028.79  52377.42  52775.79  53204.49  53617.25  54089.88  54605.99  55159.56  55749.49  56368.25  57012.08  57670.41  58337.48  59000.68  59653.07  60281.69  60876.95  61465.46
      -0.36     -1.46  50033.44  50099.14  50212.83  50311.70  50426.26  50551.70  50689.12  50842.82  51016.40  51214.77  51442.74  51705.36  52008.13  52355.56  52752.53  53180.75  53592.20  54063.66  54578.13  55130.60  55718.86  56336.80  56979.09  57637.00  58302.91  58966.39  59618.44  60248.52  60844.68  61435.85
      -0.12     -1.46  50056.51  50122.13  50235.38  50333.03  50446.41  50569.98  50705.61  50856.93  51028.39  51224.26  51450.33  51711.02  52012.77  52359.41  52756.68  53184.97  53598.00  54071.49  54588.89  55144.53  55736.72  56358.55  57005.13  57667.02  58336.93  59003.85  59659.14  60291.84  60890.22  61482.63
       0.12     -1.46  50088.64  50153.91  50266.63  50363.02  50474.97  50596.55  50730.10  50878.89  51047.79  51240.75  51463.95  51721.57  52020.39  52364.13  52758.80  53184.42  53595.54  54067.52  54583.95  55138.85  55730.88  56352.47  56999.37  57661.17  58331.48  58998.00  59653.42  60285.24  60883.32  61474.56
       0.36     -1.46  50058.81  50124.68  50237.43  50335.34  50448.66  50572.75  50708.53  50860.26  51031.79  51227.67  51453.46  51713.55  52014.58  52360.11  52756.39  53183.40  53595.76  54068.54  54585.84  55141.36  55733.97  56356.15  57003.61  57666.24  58337.40  59005.43  59662.24  60295.98  60895.55  61488.63
       0.60     -1.46  50074.19  50139.54  50251.47  50347.60  50458.07  50578.70  50710.38  50858.07  51025.29  51217.45  51439.41  51696.55  51994.54  52338.05  52732.29  53158.74  53570.30  54043.35  54561.15  55118.03  55712.28  56336.75  56986.81  57652.48  58326.99  58998.37  59658.53  60294.86  60896.34  61489.77
