         -0.6025         1.4610  15798815.3069  15794513.9556  15792077.2801  15787746.2989  15785292.0126  15780933.8314  15778455.0572  15774065.6123  15771550.8918  15767117.1371  15764552.2693  15760058.8791  15757428.9255  15752859.7078  15750148.9440  15745482.5694  15742670.6536  15737878.5718  15734952.9233  15730045.2173  15727020.9843  15722005.4531  15718895.7085  15713790.4994  15710617.1190  15705446.8190  15702234.4361  15697023.7450  15693792.2477  15688569.7828
         -0.3615         1.4610  15798856.8375  15794636.4919  15792299.6318  15788076.8207  15785748.4273  15781525.2363  15779198.2978  15774968.0533  15772624.0393  15768362.5179  15765971.9163  15761645.8261  15759173.7682  15754746.6946  15752157.2918  15747588.4842  15744843.9320  15740090.7346  15737168.0596  15732232.5371  15729141.7622  15724029.0914  15720783.6295  15715514.0901  15712140.8277  15706746.4053  15703280.0437  15697797.5357  15694271.2077  15688737.5916
         -0.1205         1.4610  15798725.4977  15794248.6477  15791645.1019  15787164.3323  15784583.9976  15780128.2499  15777582.2653  15773158.5822  15770641.0587  15766237.4914  15763731.2690  15759325.1625  15756803.6819  15752363.1251  15749791.4595  15745274.2798  15742612.1486  15737967.1733  15735175.5555  15730387.3262  15727460.1612  15722517.8287  15719451.5503  15714359.2456  15711166.1771  15705944.0764  15702651.0706  15697334.7435  15693983.0784  15688632.6177
          0.1205         1.4610  15798783.9738  15794421.0438  15791938.2375  15787582.1245  15785132.1095  15780808.5324  15778398.3631  15774108.8275  15771723.8188  15767444.7946  15765053.6992  15760747.6719  15758309.1432  15753930.4001  15751397.9258  15746895.7522  15744224.1912  15739546.2315  15736699.5690  15731836.2679  15728815.8661  15723764.3161  15720575.5289  15715349.0774  15712013.8275  15706642.5345  15703197.9999  15697728.1060  15694224.1634  15688715.8158
          0.3615         1.4610  15798829.7416  15794563.9146  15792146.0956  15787834.3752  15785393.7184  15781057.5783  15778598.0932  15774237.2792  15771748.7112  15767350.8613  15764820.2757  15760370.7294  15757782.7947  15753262.7260  15750597.6527  15745979.7547  15743211.3561  15738459.5930  15735565.4141  15730678.0076  15727661.3176  15722634.3519  15719497.0605  15714339.1023  15711097.3959  15705833.6841  15702522.1240  15697200.1301  15693877.2993  15688583.4185
          0.6025         1.4610  15799214.4611  15795707.1124  15794067.0585  15790518.4081  15788829.7020  15785206.0534  15783428.8462  15779695.0456  15777789.5797  15773907.4838  15771836.5079  15767768.9037  15765495.6878  15761204.4926  15758691.3832  15754133.5830  15751339.2628  15746469.7508  15743370.3080  15738191.1878  15734795.7951  15729312.2324  15725634.9155  15719870.2734  15715944.0767  15709941.5099  15705818.9137  15699640.5315  15695388.2160  15689111.9397
         -0.9640         1.2523  15798701.9452  15794180.0025  15791536.3310  15787019.6523  15784406.6869  15779919.8731  15777346.0840  15772894.6900  15770354.1883  15765926.8895  15763401.9978  15758975.3685  15756438.1527  15751979.2945  15749394.4625  15744860.9177  15742185.7328  15737526.7991  15734728.0879  15729935.6463  15727012.5447  15722081.4325  15719037.2391  15713979.1116  15710832.5024  15705670.9473  15702445.8935  15697204.0462  15693916.9189  15688618.0934
         -0.7230         1.2523  15798775.1236  15794392.1521  15791864.8085  15787437.1087  15784874.2800  15780396.7054  15777785.1526  15773253.9143  15770589.4783  15766003.6907  15763286.7164  15758646.9357  15755879.3586  15751187.0410  15748367.6928  15743618.7544  15740741.2272  15735916.8494  15732989.3404  15728110.5564  15725148.0461  15720226.5882  15717243.7719  15712296.2138  15709310.3949  15704353.3404  15701376.0710  15696414.1392  15693436.3371  15688457.1254
         -0.4820         1.2523  15798734.2557  15794276.8000  15791670.4996  15787173.2889  15784553.5277  15780043.9227  15777419.9661  15772902.8970  15770268.7389  15765734.6621  15763078.5307  15758514.0804  15755823.2888  15751214.4854  15748472.8770  15743799.6376  15740986.1084  15736219.0372  15733334.5130  15728485.5040  15725537.2908  15720613.2580  15717613.6761  15712630.3926  15709597.7674  15704575.4909  15701530.0788  15696490.8340  15693454.8134  15688443.7446
         -0.2410         1.2523  15799130.8983  15795452.1805  15793635.1656  15789898.4499  15788007.6370  15784166.9151  15782155.1736  15778172.9869  15776001.6122  15771844.5696  15769485.5114  15765131.2117  15762568.9223  15758006.2599  15755232.9484  15750453.0030  15747461.0691  15742453.6690  15739268.3027  15734068.9053  15730720.6047  15725359.4284  15721883.5964  15716398.0844  15712833.9428  15707264.0149  15703649.8636  15698032.6401  15694400.4629  15688772.5885
          0.0000         1.2523  15799093.4402  15795344.8098  15793451.1601  15789645.2973  15787693.1575  15783807.1501  15781762.1382  15777764.5454  15775590.9280  15771449.3770  15769119.0773  15764809.2271  15762302.4934  15757806.1178  15755105.4893  15750402.4429  15747488.5015  15742554.5851  15739437.2496  15734294.3491  15730992.1315  15725659.8649  15722199.0237  15716708.0575  15713123.3562  15707512.6562  15703846.6953  15698164.8691  15694470.0775  15688788.0417
          0.2410         1.2523  15798947.0573  15794906.2044  15792743.0205  15788692.2025  15786532.0411  15782475.7719  15780308.9803  15776235.3594  15774037.3503  15769916.0928  15767651.5017  15763442.9621  15761069.8386  15756728.7780  15754199.2551  15749673.5908  15746936.7613  15742174.0206  15739215.1784  15734215.5248  15731034.5212  15725802.3571  15722413.9205  15716971.5445  15713405.8725  15707791.2379  15704093.5808  15698361.9359  15694596.6993  15688834.2961
          0.4820         1.2523  15798848.5679  15794617.4221  15792235.1495  15787957.0267  15785553.4540  15781253.9305  15778836.0168  15774516.5529  15772074.7521  15767722.6837  15765242.2687  15760840.2408  15758302.0176  15753826.9719  15751202.6992  15746621.1651  15743875.6731  15739144.0046  15736263.1935  15731379.4762  15728356.5466  15723314.2306  15720149.6878  15714956.7314  15711666.7154  15706347.7724  15702962.8969  15697555.1263  15694115.9094  15688676.0862
          0.7230         1.2523  15798835.1608  15794574.9366  15792187.1930  15787910.0166  15785518.5750  15781228.1120  15778822.6511  15774509.3209  15772073.7189  15767721.5627  15765239.5656  15760830.9564  15758283.8574  15753796.8882  15751158.2502  15746560.6546  15743796.5442  15739048.2287  15736150.6722  15731254.3620  15728220.6296  15723173.3688  15720007.1123  15714818.3806  15711535.7661  15706228.6826  15702858.5507  15697469.5672  15694054.8638  15688651.3635
          0.9640         1.2523  15798795.6675  15794458.9656  15791985.9623  15787622.3635  15785133.3835  15780740.9927  15778222.7648  15773792.8912  15771232.8395  15766754.9741  15764144.1711  15759609.8562  15756940.9048  15752341.0348  15749604.6882  15744924.0316  15742106.4582  15737320.8901  15734411.5143  15729530.8285  15726542.6103  15721569.5062  15718507.8940  15713450.7027  15710327.5010  15705201.9410  15702036.4481  15696868.7094  15693691.2098  15688529.6838
         -1.0845         1.0436  15798661.3355  15794060.2044  15791336.0693  15786740.8483  15784045.4187  15779474.8198  15776808.9494  15772265.1055  15769624.6328  15765102.3186  15762479.2018  15757966.0880  15755344.7686  15750819.6206  15748176.1115  15743605.8922  15740906.1940  15736246.0140  15733460.4055  15728702.8377  15725830.0606  15720967.5043  15718007.6722  15713047.2696  15710013.6496  15704972.9987  15701883.5417  15696780.8052  15693650.5171  15688519.1409
         -0.8435         1.0436  15798869.0345  15794673.5050  15792340.3129  15788103.1233  15785728.6084  15781433.2609  15778995.0784  15774625.1579  15772103.8282  15767643.4270  15765025.9472  15760464.3672  15757743.6664  15753075.4888  15750246.8768  15745465.0545  15742521.9573  15737613.7606  15734575.9512  15729572.1500  15726466.1644  15721392.5420  15718249.2462  15713138.1834  15709990.0561  15704871.8393  15701743.2758  15696636.6366  15693539.3584  15688473.3871
         -0.6025         1.0436  15798618.5739  15793926.7412  15791110.1022  15786421.4794  15783633.2850  15778971.0926  15776217.8181  15771591.4494  15768874.2396  15764280.1992  15761589.4957  15757012.6862  15754330.4305  15749747.7038  15747047.8769  15742428.0704  15739677.5507  15734987.2294  15732185.5546  15727427.0943  15724572.4304  15719747.2137  15716847.1372  15711967.2047  15709038.4173  15704124.5314  15701189.1498  15696261.8351  15693334.6019  15688417.0711
         -0.3615         1.0436  15798909.9073  15794797.7509  15792538.9751  15788373.4220  15786062.4824  15781828.5602  15779445.7251  15775131.4170  15772662.5445  15768256.3400  15765692.2300  15761186.3724  15758521.8651  15753909.6733  15751136.4707  15746402.4561  15743505.0382  15738637.9459  15735635.4530  15730652.1263  15727554.3027  15722466.4360  15719289.6167  15714117.0681  15710884.3947  15705653.2845  15702391.6855  15697126.6461  15693856.6593  15688589.0847
         -0.1205         1.0436  15798852.8595  15794628.6487  15792267.8388  15788017.2149  15785641.8265  15781363.3215  15778956.7696  15774637.8518  15772183.0120  15767807.8908  15765289.6906  15760842.8468  15758246.5211  15753709.5331  15751013.5467  15746358.3915  15743536.0851  15738739.9766  15735799.4360  15730869.8673  15727813.3985  15722755.6512  15719594.3148  15714423.9732  15711178.0934  15705919.8903  15702616.6862  15697296.9760  15693962.7549  15688624.6508
          0.1205         1.0436  15798984.1730  15795016.1242  15792912.7191  15788905.9856  15786767.7162  15782710.4624  15780515.8874  15776389.2286  15774112.8147  15769891.8555  15767508.9448  15763169.2339  15760657.1185  15756174.1576  15753506.3676  15748847.1876  15745993.4158  15741135.9358  15738107.4724  15733063.9393  15729869.8794  15724654.5267  15721315.6436  15715953.4314  15712498.6601  15707022.0564  15703486.6551  15697931.1099  15694349.7912  15688759.3753
          0.3615         1.0436  15798882.8685  15794715.6298  15792423.6017  15788244.9713  15785954.5782  15781768.4199  15779471.1098  15775270.1051  15772950.8458  15768718.1977  15766356.9059  15762068.5818  15759637.7950  15755259.3480  15752718.1300  15748198.7170  15745495.4852  15740790.3143  15737913.1316  15733010.7499  15729944.3922  15724835.8348  15721579.8123  15716272.8663  15712843.7934  15707364.0943  15703795.7643  15698182.6964  15694516.8709  15688821.4854
          0.6025         1.0436  15798759.5390  15794343.1161  15791818.9180  15787422.1472  15784937.3943  15780576.5822  15778133.6941  15773811.4095  15771401.0302  15767100.9012  15764698.1031  15760387.4646  15757953.9517  15753587.5455  15751071.3668  15746588.9158  15743930.4431  15739279.2906  15736462.0913  15731630.5328  15728641.9609  15723625.1378  15720469.6895  15715278.9418  15711974.8312  15706634.9388  15703213.2472  15697760.7560  15694259.3042  15688738.1435
          0.8435         1.0436  15798793.2535  15794445.7459  15791976.9455  15787619.0338  15785150.9075  15780786.9309  15778315.8344  15773944.3812  15771460.8564  15767070.4089  15764559.7662  15760132.3773  15757574.2037  15753085.1495  15750450.1951  15745864.0903  15743114.7231  15738388.0640  15735514.5440  15730649.8478  15727651.0796  15722647.7739  15719529.4220  15714397.0935  15711173.2606  15705930.9659  15702626.2576  15697307.1477  15693962.0375  15688625.1375
          1.0845         1.0436  15798823.9779  15794542.9014  15792116.5342  15787793.6457  15785343.1197  15780989.6721  15778513.0122  15774127.5439  15771616.1911  15767189.3545  15764633.3855  15760153.8439  15757541.3977  15752994.0721  15750308.5003  15745669.6249  15742887.1129  15738124.0286  15735227.0645  15730344.4528  15727342.0809  15722341.2280  15719238.7120  15714128.5220  15710937.8137  15705734.0949  15702474.3798  15697202.3449  15693902.0929  15688606.0313
         -1.2050         0.8348  15798941.5224  15794896.0459  15792706.3487  15788615.7231  15786386.6120  15782239.6409  15779949.0903  15775727.8718  15773354.5621  15769040.2386  15766567.3406  15762143.7966  15759556.2353  15755006.8080  15752289.4481  15747593.8314  15744728.0090  15739861.3231  15736840.9221  15731820.3144  15728667.8146  15723509.6170  15720247.7042  15714979.6456  15711638.9492  15706292.7402  15702901.9111  15697503.4698  15694082.8737  15688664.6762
         -0.9640         0.8348  15798945.3000  15794901.8612  15792723.6974  15788644.3897  15786428.1837  15782287.8669  15780002.0563  15775778.3042  15773400.5543  15769076.4314  15766593.8997  15762159.3352  15759564.4861  15755011.2304  15752293.4368  15747605.9581  15744746.5579  15739898.2347  15736901.5855  15731907.0366  15728781.3465  15723648.4311  15720407.6281  15715155.0754  15711821.3999  15706473.9696  15703070.6452  15697649.5845  15694190.6284  15688711.2555
         -0.7230         0.8348  15798841.3577  15794589.8636  15792192.3829  15787891.3345  15785455.4842  15781107.2681  15778628.2476  15774234.2673  15771709.4958  15767267.0820  15764692.0034  15760193.8940  15757559.8242  15752992.5735  15750281.7871  15745619.2425  15742802.3637  15738017.4581  15735098.3335  15730194.9871  15727172.4965  15722154.2533  15719039.0597  15713922.9921  15710738.2489  15705552.6640  15702328.3975  15697099.5996  15693854.5241  15688598.0836
         -0.4820         0.8348  15798765.0570  15794365.7319  15791828.6030  15787404.2733  15784858.2094  15780420.7000  15777867.4410  15773420.9325  15770857.0064  15766395.1870  15763810.7372  15759319.9187  15756699.5414  15752156.5508  15749475.7043  15744844.9326  15742068.6904  15737331.8705  15734463.3740  15729615.5668  15726650.5961  15721691.7920  15718637.1041  15713579.9583  15710454.1469  15705321.6772  15702150.0516  15696966.8983  15693764.0341  15688563.0738
         -0.2410         0.8348  15799067.0316  15795259.4202  15793311.8156  15789449.3055  15787436.7949  15783481.1749  15781362.2471  15777283.2684  15775027.7271  15770800.8724  15768388.3006  15763997.0447  15761415.4598  15756845.7659  15754082.9843  15749313.3434  15746355.2570  15741395.3770  15738271.2346  15733140.3173  15729870.7605  15724593.0284  15721207.5124  15715815.8900  15712351.6972  15706884.3767  15703375.4859  15697854.8607  15694309.4577  15688754.1046
          0.0000         0.8348  15798789.2763  15794439.3811  15791931.9118  15787522.0341  15784974.1336  15780521.9522  15777937.0575  15773444.9571  15770818.8275  15766283.2407  15763613.1929  15759031.1243  15756314.4255  15751675.9604  15748901.1565  15744182.0370  15741327.4827  15736525.9566  15733608.5337  15728730.0420  15725754.3656  15720805.4858  15717781.9615  15712776.4701  15709723.4623  15704681.5248  15701618.8307  15696555.2487  15693494.7742  15688461.9879
          0.2410         0.8348  15798854.3575  15794626.5195  15792270.1766  15788016.5875  15785639.4160  15781352.0254  15778939.1222  15774608.0791  15772143.7923  15767753.5396  15765221.3488  15760754.7758  15758138.4640  15753574.3381  15750851.6522  15746155.4291  15743299.1306  15738469.0986  15735498.0353  15730543.5978  15727469.7692  15722406.7455  15719250.7067  15714102.0809  15710889.0635  15705678.8945  15702429.4443  15697169.0612  15693886.7457  15688606.6251
          0.4820         0.8348  15798846.1558  15794603.7739  15792220.5064  15787932.7859  15785510.8464  15781173.2147  15778699.9451  15774305.1969  15771770.7374  15767312.4480  15764712.1010  15760186.4476  15757517.6035  15752915.5764  15750166.7971  15745463.2807  15742611.4497  15737801.6360  15734861.6140  15729949.8111  15726925.5906  15721917.9052  15718819.4866  15713727.9986  15710570.0150  15705410.9236  15702209.7368  15696999.1805  15693768.7240  15688557.1035
          0.7230         0.8348  15798598.3735  15793868.2383  15791005.2665  15786266.0414  15783425.7679  15778714.8632  15775917.3965  15771253.0994  15768506.5291  15763892.5890  15761195.5506  15756624.8902  15753965.5106  15749418.1551  15746769.0307  15742207.4233  15739526.3682  15734908.9963  15732184.8711  15727500.6004  15724716.1113  15719951.1492  15717098.3656  15712249.5877  15709330.4387  15704405.9539  15701434.8384  15696454.1858  15693455.6086  15688458.1824
          0.9640         0.8348  15798825.1509  15794540.7585  15792105.4817  15787760.6544  15785273.2397  15780865.5679  15778316.8305  15773842.9636  15771225.3708  15766679.4625  15763989.4369  15759369.7412  15756608.4947  15751916.5846  15749084.6879  15744318.4847  15741413.2365  15736559.6634  15733596.2721  15728680.2091  15725675.7431  15720709.1458  15717675.8918  15712670.2479  15709619.9621  15704588.3858  15701535.7656  15696497.3631  15693462.9587  15688452.4522
          1.2050         0.8348  15798772.0651  15794385.2480  15791873.4794  15787479.0176  15784974.4271  15780579.2932  15778079.3453  15773683.9028  15771180.3024  15766772.7651  15764249.6071  15759810.1773  15757245.4141  15752748.3777  15750114.4384  15745525.8114  15742789.9430  15738069.2127  15735207.3165  15730355.1270  15727374.8478  15722392.3931  15719300.2525  15714199.0002  15711010.7526  15705810.3992  15702548.4115  15697273.8924  15693958.4919  15688633.1909
         -1.3255         0.6261  15799035.9614  15795171.2611  15793170.4369  15789260.2177  15787205.9058  15783214.7361  15781064.8297  15776959.8600  15774681.8942  15770437.2907  15768010.6655  15763608.9692  15761019.5407  15756447.5736  15753686.1035  15748931.0955  15745988.7158  15741036.0422  15737918.0896  15732796.5114  15729537.4605  15724274.1400  15720906.7022  15715537.6392  15712099.3919  15706660.7812  15703182.4010  15697700.5342  15694200.8675  15688704.3334
         -1.0845         0.6261  15798720.7785  15794234.7493  15791620.9961  15787133.4174  15784546.8612  15780088.0728  15777538.4820  15773113.2202  15770592.4245  15766186.2601  15763673.1666  15759258.7909  15756722.2173  15752264.0182  15749664.4683  15745118.1899  15742410.9267  15737726.9402  15734896.7595  15730073.2752  15727116.8028  15722153.4386  15719078.9430  15713990.4181  15710818.4726  15705629.8293  15702387.6793  15697130.1923  15693852.6330  15688583.0007
         -0.8435         0.6261  15798943.8625  15794894.6134  15792699.8086  15788596.5257  15786356.9029  15782202.2693  15779915.3182  15775708.2825  15773364.3254  15769092.5421  15766675.7068  15762319.9099  15759809.0521  15755343.2495  15752708.6866  15748096.5779  15745301.3417  15740509.6032  15737552.2615  15732581.0923  15729458.6112  15724311.0569  15721035.1313  15715729.9858  15712326.0145  15706894.3652  15703397.9189  15697876.9359  15694324.7546  15688754.8046
         -0.6025         0.6261  15798818.1380  15794524.7161  15792088.4251  15787762.3597  15785317.0807  15780983.2559  15778538.3108  15774202.9422  15771752.6894  15767404.9049  15764932.7834  15760550.4363  15758031.0555  15753579.7927  15750975.7493  15746404.3241  15743669.5866  15738953.7966  15736082.9658  15731208.6042  15728192.1530  15723156.0829  15719999.7592  15714815.4732  15711540.5812  15706234.6160  15702871.3354  15697475.1029  15694058.9334  15688651.6058
         -0.3615         0.6261  15798839.6995  15794588.3886  15792182.9230  15787877.2842  15785435.3336  15781089.9460  15778612.9914  15774229.8159  15771712.1420  15767283.9839  15764716.1485  15760230.9090  15757599.4304  15753035.3253  15750316.0569  15745634.0918  15742800.7584  15738001.2653  15735064.1583  15730144.8572  15727107.4170  15722076.0231  15718952.4206  15713829.4089  15710643.4091  15705456.2893  15702228.4992  15696992.1631  15693761.5176  15688550.2911
         -0.1205         0.6261  15798831.8494  15794561.6948  15792153.6280  15787847.9687  15785411.7707  15781066.9276  15778590.9291  15774199.8806  15771672.2783  15767224.3863  15764634.3104  15760118.5418  15757455.3909  15752854.9239  15750101.0339  15745384.2736  15742521.2895  15737696.1503  15734740.3313  15729810.6056  15726770.7970  15721748.5841  15718641.6754  15713548.0946  15710395.6120  15705254.5831  15702073.3693  15696893.3366  15693711.8047  15688542.1461
          0.1205         0.6261  15798647.4080  15794008.8489  15791236.6327  15786575.2832  15783797.3866  15779125.8096  15776343.6449  15771667.2955  15768881.1694  15764201.2088  15761411.6256  15756727.8998  15753933.8927  15749239.1181  15746432.9578  15741702.8189  15738868.8940  15734113.8231  15731270.9907  15726494.9817  15723649.1745  15718858.8411  15716018.0462  15711222.6471  15708393.6632  15703601.9623  15700786.0036  15695982.1581  15693173.2436  15688368.7943
          0.3615         0.6261  15798883.8258  15794716.8643  15792416.8573  15788218.7678  15785890.7560  15781646.4410  15779266.2914  15774958.6551  15772507.7804  15768122.5046  15765588.5599  15761114.8725  15758488.0302  15753909.5440  15751171.0319  15746457.4164  15743590.7979  15738751.9591  15735775.5991  15730817.6228  15727741.6538  15722677.2079  15719517.9813  15714366.7864  15711142.1391  15705919.4411  15702634.5907  15697337.5723  15694003.9159  15688654.3647
          0.6025         0.6261  15798653.4349  15794030.4220  15791282.5324  15786655.4150  15783926.3562  15779320.2360  15776623.1216  15772050.2696  15769386.7716  15764844.1048  15762205.6697  15757679.6630  15755048.4516  15750511.3842  15747855.5215  15743263.1902  15740542.9391  15735876.1795  15733090.5168  15728338.7850  15725479.4275  15720638.6453  15717706.8172  15712782.3339  15709787.6319  15704790.6333  15701746.0956  15696689.9154  15693605.7846  15688518.1938
          0.8435         0.6261  15798795.3840  15794451.2384  15791973.0869  15787598.6636  15785094.8169  15780679.2421  15778133.0690  15773669.4424  15771072.9339  15766556.7712  15763907.3361  15759336.6367  15756633.1029  15752003.1341  15749237.5588  15744532.6669  15741685.8931  15736888.1796  15733973.1494  15729094.6439  15726115.6112  15721161.5039  15718126.8119  15713107.7658  15710030.7240  15704962.8066  15701862.2963  15696763.8401  15693651.4189  15688530.2347
          1.0845         0.6261  15798805.9324  15794486.7073  15792023.2386  15787661.2776  15785167.7338  15780766.4212  15778234.6790  15773789.2076  15771209.6521  15766711.9501  15764077.8466  15759521.8609  15756828.3422  15752207.0363  15749444.1431  15744742.0307  15741892.1334  15737083.9202  15734152.2711  15729253.5681  15726250.8105  15721271.1352  15718210.2698  15713163.9046  15710060.6520  15704965.6758  15701840.3226  15696721.1907  15693598.4965  15688496.1485
          1.3255         0.6261  15798885.1728  15794729.5476  15792429.5182  15788238.7236  15785921.5312  15781708.6778  15779375.6269  15775140.3106  15772779.9291  15768504.5814  15766094.5802  15761752.7416  15759264.5061  15754824.4864  15752225.9497  15747649.9590  15744905.1231  15740151.3279  15737236.6325  15732306.2825  15729228.8708  15724123.2711  15720890.8072  15715623.8666  15712255.4156  15706852.2034  15703376.7682  15697870.4006  15694318.4362  15688749.0645
         -1.4460         0.4174  15799026.4663  15795142.5513  15793116.1743  15789177.0649  15787091.3813  15783068.4831  15780888.7983  15776754.0337  15774449.6047  15770176.2983  15767724.1130  15763292.6118  15760676.8669  15756074.0162  15753286.3973  15748502.3041  15745537.6522  15740562.5437  15737430.8895  15732299.7127  15729042.1096  15723788.9350  15720443.6650  15715108.4309  15711714.2215  15706332.1201  15702917.2211  15697510.3155  15694086.3007  15688669.4329
         -1.2050         0.4174  15798542.5944  15793705.0920  15790723.0869  15785866.3465  15782910.9916  15778100.4542  15775215.4678  15770484.3250  15767685.6293  15763039.8462  15760324.6013  15755752.3457  15753101.8290  15748576.7829  15745957.1385  15741439.2721  15738807.9622  15734240.4681  15731566.6506  15726932.7903  15724197.5975  15719479.4717  15716672.9718  15711868.1690  15708995.0950  15704115.6354  15701193.9512  15696266.2120  15693329.4407  15688407.9575
         -0.9640         0.4174  15798989.8670  15795034.3597  15792931.4852  15788918.7587  15786759.6710  15782672.2695  15780432.5261  15776251.8169  15773909.6335  15769616.8892  15767155.8072  15762735.7914  15760142.5656  15755580.5317  15752839.3715  15748113.9809  15745205.3478  15740303.7643  15737247.0571  15732188.8363  15728998.7450  15723802.7128  15720504.0259  15715199.1734  15711823.6041  15706442.8473  15703022.1079  15697593.3366  15694149.5234  15688694.5815
         -0.7230         0.4174  15798789.7840  15794437.5817  15791960.9806  15787603.0657  15785135.5970  15780780.5661  15778319.8141  15773968.4572  15771506.4491  15767147.5724  15764668.4017  15760280.6023  15757758.7924  15753306.7887  15750703.7328  15746136.2051  15743406.5519  15738700.3911  15735841.0396  15730983.6838  15727985.2604  15722972.8768  15719840.4095  15714685.1161  15711438.0196  15706162.9490  15702827.6563  15697460.1515  15694065.0929  15688664.1379
         -0.4820         0.4174  15798982.8653  15795013.2429  15792903.8229  15788889.9762  15786735.5132  15782660.1206  15780439.8003  15776289.1120  15773985.4714  15769743.5236  15767340.3426  15762989.8601  15760468.8352  15755983.6795  15753316.9373  15748655.8471  15745816.0871  15740978.3913  15737973.5699  15732955.4112  15729787.6277  15724596.3905  15721280.4663  15715938.7217  15712500.5130  15707038.5383  15703504.4025  15697945.8363  15694362.4979  15688767.6146
         -0.2410         0.4174  15798491.4310  15793550.4188  15790469.9204  15785518.6853  15782468.7421  15777564.7739  15774583.2700  15769759.8802  15766867.7954  15762140.2722  15759345.7657  15754713.6146  15752006.8093  15747448.0231  15744800.7940  15740262.1096  15737632.7011  15733093.4293  15730461.6817  15725887.8635  15723224.6924  15718590.5631  15715876.9661  15711167.8472  15708398.5703  15703618.6763  15700795.9148  15695960.2796  15693136.3372  15688336.4605
          0.0000         0.4174  15798873.9598  15794682.7461  15792361.9433  15788138.4563  15785781.0486  15781501.6227  15779081.6996  15774730.2906  15772229.8403  15767792.9441  15765200.9527  15760670.0307  15757978.5137  15753341.7139  15750538.2511  15745769.0869  15742849.5020  15737968.9180  15734956.0489  15729975.6586  15726886.8802  15721826.4779  15718685.9653  15713569.9114  15710403.1075  15705251.1763  15702068.8750  15696897.3534  15693725.9238  15688556.0772
          0.2410         0.4174  15798665.4263  15794066.8130  15791328.7146  15786703.9624  15783964.2738  15779339.6560  15776608.3367  15771992.6891  15769270.5969  15764663.8416  15761948.5958  15757345.8320  15754629.2572  15750013.5220  15747273.7735  15742607.3000  15739825.1537  15735109.2799  15732286.6559  15727512.7736  15724647.2663  15719817.0904  15716916.0311  15712038.6412  15709111.0660  15704190.9336  15701237.5051  15696288.1948  15693343.0926  15688415.2853
          0.4820         0.4174  15798675.0212  15794093.7386  15791384.3205  15786791.6863  15784086.7236  15779494.0683  15776793.9785  15772205.4283  15769508.3923  15764921.9556  15762223.9849  15757633.5496  15754926.3386  15750314.8082  15747579.0179  15742910.9005  15740121.1357  15735395.6227  15732559.3730  15727770.9744  15724888.0169  15720039.7828  15717117.9917  15712221.0729  15709269.5252  15704334.5818  15701360.9347  15696388.0825  15693409.0964  15688440.2721
          0.7230         0.4174  15798669.5127  15794084.0285  15791356.3272  15786747.3226  15784024.2357  15779419.0478  15776706.4775  15772108.7550  15769402.9627  15764808.4444  15762103.7168  15757504.6819  15754791.8196  15750171.1768  15747431.5300  15742759.1910  15739965.4551  15735233.4235  15732395.8450  15727603.8783  15724722.4313  15719872.7046  15716953.7515  15712055.8982  15709112.7416  15704181.7809  15701232.9029  15696285.9002  15693339.4073  15688412.5394
          0.9640         0.4174  15798865.9862  15794667.3336  15792338.3685  15788123.3006  15785795.5659  15781577.3578  15779251.2419  15775028.3386  15772690.4346  15768443.0937  15766067.3215  15761763.9517  15759315.1239  15754915.1901  15752348.1245  15747799.5347  15745064.6422  15740326.9883  15737418.7060  15732490.0615  15729404.8137  15724288.9454  15721039.0468  15715755.2070  15712366.5438  15706947.0651  15703457.1952  15697939.6598  15694376.9000  15688779.8526
          1.2050         0.4174  15799039.7989  15795185.8859  15793196.3344  15789304.2274  15787273.2289  15783317.4352  15781215.1398  15777172.1043  15774970.1506  15770811.8071  15768482.2887  15764181.1291  15761698.3160  15757229.5164  15754568.1846  15749903.8997  15747036.3278  15742147.4341  15739081.0434  15733987.8612  15730738.1564  15725457.0627  15722046.0828  15716603.5343  15713062.5446  15707495.3647  15703864.9408  15698215.4296  15694528.8941  15688824.0630
          1.4460         0.4174  15798942.3089  15794903.9353  15792696.5730  15788582.6062  15786308.0912  15782110.5900  15779749.1943  15775453.1282  15772988.2291  15768580.8445  15766004.4129  15761481.2001  15758793.2107  15754154.3601  15751356.9990  15746599.4216  15743691.3403  15738802.7647  15735783.1277  15730782.4056  15727672.5216  15722569.8904  15719381.0113  15714190.7038  15710940.8573  15705686.8233  15702404.9976  15697122.1685  15693841.8898  15688576.1831
         -1.5665         0.2087  15798601.7066  15793878.9754  15791034.7887  15786320.6119  15783513.4459  15778837.6015  15776079.5662  15771453.0351  15768745.2974  15764165.0943  15761499.0750  15756950.2634  15754305.8268  15749761.9413  15747109.8057  15742535.0094  15739841.3138  15735192.6361  15732429.1394  15727702.0056  15724872.1449  15720063.7677  15717170.5828  15712289.7374  15709346.5591  15704409.3527  15701431.6223  15696453.0559  15693451.4686  15688455.2020
         -1.3255         0.2087  15798866.1158  15794666.7518  15792322.0617  15788076.7718  15785699.9472  15781411.9871  15778991.2478  15774649.3490  15772167.8870  15767756.9366  15765200.1985  15760705.0338  15758058.1640  15753462.8479  15750708.4521  15745993.2626  15743112.4316  15738254.2836  15735257.7286  15730280.6717  15727189.3174  15722115.1406  15718956.1560  15713814.4942  15710618.0472  15705437.4783  15702226.1138  15697022.5975  15693800.8308  15688577.7871
         -1.0845         0.2087  15798945.9386  15794896.7189  15792725.3196  15788649.1540  15786437.7816  15782295.7317  15780007.4134  15775775.3156  15773385.0034  15769041.7861  15766529.8104  15762056.7483  15759407.2756  15754788.6368  15751987.0947  15747205.5244  15744239.7386  15739291.0029  15736191.9086  15731108.5444  15727905.6366  15722720.7730  15719452.8121  15714207.0290  15710915.3650  15705648.0443  15702366.7516  15697102.2544  15693843.3569  15688589.6097
         -0.8435         0.2087  15798710.1546  15794201.1454  15791548.8833  15787003.8799  15784335.4249  15779773.0819  15777093.7153  15772520.1628  15769828.8201  15765242.3587  15762535.5617  15757929.6077  15755199.6162  15750559.4010  15747792.1744  15743092.9119  15740266.0149  15735502.6037  15732630.1061  15727806.0531  15724891.7975  15720012.3338  15717065.0606  15712141.4918  15709175.5049  15704222.8651  15701255.5577  15696291.1188  15693334.9924  15688406.6486
         -0.6025         0.2087  15798807.1353  15794492.4416  15792056.5918  15787741.8035  15785316.8220  15781003.4741  15778579.0375  15774259.3467  15771820.1427  15767477.2664  15765002.9958  15760612.8061  15758076.0266  15753601.2045  15750962.1140  15746350.2711  15743573.7850  15738818.2800  15735907.5368  15731000.1337  15727955.2383  15722902.4390  15719738.0826  15714561.0791  15711299.8615  15706024.1986  15702689.0246  15697336.4089  15693975.9933  15688625.5089
         -0.3615         0.2087  15798666.2346  15794071.7903  15791360.2369  15786784.0088  15784118.3813  15779591.5713  15776985.4242  15772517.5146  15769967.5873  15765549.8449  15763040.3024  15758650.1797  15756150.0839  15751744.3041  15749203.2752  15744714.8650  15742086.8199  15737493.1754  15734756.0673  15730024.9739  15727154.5299  15722268.7079  15719257.4116  15714216.0339  15711070.1506  15705882.0575  15702615.9586  15697318.5223  15693992.7649  15688647.7910
         -0.1205         0.2087  15798799.9463  15794466.5550  15792004.9170  15787656.8286  15785196.1592  15780845.5508  15778386.2497  15774033.4270  15771565.9671  15767198.3501  15764705.6654  15760302.4601  15757757.7639  15753283.4391  15750645.7314  15746045.4332  15743287.7424  15738553.8168  15735667.8574  15730786.8789  15727769.0105  15722744.7025  15719607.8591  15714454.3198  15711218.3573  15705948.6826  15702630.0578  15697297.2240  15693959.0504  15688624.1157
          0.1205         0.2087  15798698.0094  15794164.9545  15791513.6962  15786992.5439  15784377.0652  15779894.4693  15777326.1215  15772890.2046  15770363.9764  15765963.5466  15763460.3823  15759069.5390  15756555.3393  15752129.6204  15749553.6300  15745028.1284  15742353.0751  15737709.7787  15734917.2790  15730132.8554  15727209.9333  15722279.6016  15719231.5366  15714162.3901  15711001.6354  15705798.6893  15702534.1627  15697245.4596  15693937.8237  15688621.2194
          0.3615         0.2087  15798672.8361  15794092.7222  15791381.0667  15786795.1030  15784109.6254  15779559.8058  15776926.0895  15772431.3696  15769852.7521  15765407.6430  15762869.6039  15758451.9157  15755924.2238  15751491.5210  15748924.8728  15744412.5681  15741764.3096  15737152.8039  15734404.5440  15729666.3772  15726798.8130  15721921.9523  15718932.5153  15713919.8687  15710813.4537  15705665.0682  15702445.4353  15697191.7599  15693911.6624  15688614.0122
          0.6025         0.2087  15798923.7802  15794835.5971  15792608.2370  15788478.4181  15786210.8849  15782024.5494  15779695.1723  15775437.0307  15773026.4616  15768678.8767  15766170.2461  15761717.3831  15759096.7591  15754519.8826  15751769.3627  15747038.2262  15744141.8151  15739267.6352  15736246.5503  15731238.9168  15728108.2241  15722985.2704  15719767.2637  15714553.6093  15711269.7438  15705987.3669  15702655.7129  15697317.1697  15693969.9733  15688629.5207
          0.8435         0.2087  15798975.1446  15794993.3431  15792861.5546  15788822.2778  15786633.4675  15782518.2352  15780245.9198  15776033.8448  15773654.7800  15769326.8147  15766825.1006  15762367.9720  15759734.1704  15755135.2981  15752358.7879  15747598.0398  15744664.3923  15739749.2800  15736686.1128  15731633.7928  15728458.4861  15723288.1605  15720023.4005  15714759.9019  15711433.2935  15706104.9783  15702745.4037  15697376.8803  15693999.7642  15688634.5542
          1.0845         0.2087  15799061.0181  15795245.7657  15793280.8955  15789399.0541  15787361.2656  15783381.5921  15781233.9022  15777128.7537  15774843.4309  15770590.5128  15768149.3255  15763733.5785  15761125.7467  15756536.1418  15753751.8364  15748975.6517  15746004.0075  15741034.9027  15737903.6570  15732770.3035  15729502.4995  15724229.3248  15720852.8549  15715470.0902  15712019.6462  15706567.6353  15703088.2210  15697612.4400  15694143.4773  15688683.8338
          1.3255         0.2087  15799034.3060  15795167.4341  15793168.3405  15789268.4128  15787236.2964  15783284.3597  15781191.2439  15777162.8688  15774977.9971  15770842.0609  15768533.4672  15764257.1502  15761793.3981  15757345.0873  15754695.3120  15750042.1792  15747175.3991  15742285.2610  15739207.5031  15734099.7966  15730828.3645  15725522.6933  15722084.2575  15716612.0139  15713043.5610  15707448.0966  15703798.5986  15698135.1455  15694459.0438  15688788.2694
          1.5665         0.2087  15798895.6688  15794763.5022  15792483.2719  15788311.4230  15786004.6607  15781795.0311  15779449.7562  15775189.6665  15772785.2074  15768452.4762  15765965.6178  15761536.2605  15758944.6878  15754396.6725  15751681.5888  15746993.8892  15744139.7745  15739289.3935  15736289.1121  15731292.5509  15728169.4950  15723041.9460  15719815.4929  15714580.1392  15711277.3308  15705966.2623  15702623.1458  15697277.9222  15693935.5372  15688608.7619
         -1.4460         0.0000  15799039.0898  15795177.9659  15793190.9134  15789296.2934  15787266.1239  15783302.0183  15781188.4311  15777122.2723  15774889.5954  15770688.5298  15768304.9988  15763938.3473  15761376.3081  15756818.8979  15754055.9592  15749285.6246  15746303.4963  15741304.3041  15738128.2101  15732940.9060  15729611.9955  15724281.7938  15720853.2738  15715436.1836  15711964.0690  15706511.9670  15703038.8468  15697583.8992  15694125.9510  15688680.9889
         -1.2050         0.0000  15798897.9841  15794760.0879  15792468.8873  15788263.4857  15785903.3217  15781607.1365  15779145.8474  15774734.2953  15772147.9889  15767605.0635  15764884.9638  15760208.1103  15757359.2624  15752557.0718  15749592.0536  15744675.4494  15741607.9166  15736594.3693  15733475.2682  15728414.9815  15725286.0629  15720218.5040  15717118.3745  15712078.4454  15709036.9309  15704048.3637  15701080.3086  15696148.0628  15693247.7122  15688377.7852
         -0.9640         0.0000  15798546.2188  15793715.1768  15790753.9080  15785931.5637  15783024.8834  15778271.9871  15775454.4205  15770797.5985  15768080.4796  15763521.8220  15760897.0421  15756417.6114  15753857.6174  15749416.4150  15746873.2948  15742406.8424  15739816.6085  15735279.5950  15732619.4020  15727981.8294  15725224.6280  15720466.6871  15717602.5666  15712724.0940  15709763.2580  15704783.3666  15701749.7601  15696691.8199  15693602.7412  15688510.6174
         -0.7230         0.0000  15799077.0514  15795292.4475  15793383.3525  15789571.5790  15787625.1046  15783749.6486  15781726.2114  15777754.5379  15775617.1958  15771514.4114  15769228.9506  15764962.1990  15762497.6159  15758030.9677  15755350.8686  15750640.2713  15747721.6605  15742776.7083  15739641.9558  15734476.5703  15731148.8116  15725793.8615  15722312.0007  15716812.5877  15713222.6591  15707623.4785  15703958.0844  15698280.7500  15694572.6125  15688847.8229
         -0.4820         0.0000  15798901.6795  15794770.7615  15792496.0132  15788317.4831  15786001.7115  15781769.2943  15779394.8126  15775094.2375  15772642.1904  15768257.1416  15765712.3005  15761228.4524  15758576.5386  15753975.3722  15751199.2382  15746451.2170  15743542.5193  15738663.2118  15735641.5738  15730640.8544  15727523.0783  15722420.9020  15719231.6599  15714052.2011  15710815.5155  15705580.9140  15702315.2459  15697051.8384  15693798.9733  15688563.9979
         -0.2410         0.0000  15798837.7565  15794579.4650  15792202.9021  15787946.4273  15785584.5194  15781335.4502  15778981.8777  15774735.4644  15772375.9906  15768114.9904  15765727.1868  15761424.1196  15758973.3187  15754583.2105  15752018.1090  15747477.2023  15744763.3047  15740054.9790  15737174.4800  15732276.8668  15729219.7026  15724132.5973  15720910.1750  15715647.0982  15712277.4216  15706849.5867  15703354.4803  15697829.5474  15694286.7727  15688735.7322
          0.0000         0.0000  15798894.5059  15794753.2104  15792460.5553  15788268.0741  15785936.8099  15781696.1824  15779314.4399  15775014.9374  15772567.0726  15768195.3761  15765669.0913  15761213.5938  15758594.8070  15754035.6023  15751300.4519  15746601.3223  15743744.5956  15738915.0054  15735941.1896  15730980.0868  15727895.3918  15722814.4320  15719635.4430  15714450.1741  15711191.9049  15705906.4636  15702584.2819  15697251.8068  15693925.8932  15688607.6974
          0.2410         0.0000  15798782.4156  15794415.1495  15791926.8232  15787557.3322  15785075.4198  15780703.1551  15778218.3978  15773838.0892  15771338.1184  15766936.5013  15764405.1183  15759963.3705  15757377.4183  15752865.4762  15750191.7709  15745561.9702  15742780.3156  15738032.8032  15735142.1725  15730268.6370  15727268.9496  15722274.9402  15719179.3004  15714076.7165  15710900.2127  15705695.5098  15702443.4452  15697175.0665  15693895.8730  15688607.0471
          0.4820         0.0000  15798835.7364  15794579.8354  15792171.5048  15787870.2174  15785438.3438  15781109.7908  15778653.1238  15774293.6951  15771800.2989  15767396.7630  15764851.9980  15760388.4975  15757774.6601  15753226.8982  15750518.0984  15745846.6361  15743024.3481  15738233.9052  15735305.2162  15730392.9657  15727361.2058  15722334.3307  15719212.4466  15714086.2783  15710890.1130  15705677.5051  15702417.8824  15697142.5245  15693863.0852  15688587.7998
          0.7230         0.0000  15798828.9286  15794558.9013  15792165.5324  15787899.9524  15785537.9101  15781305.6996  15778983.9829  15774785.7969  15772488.1708  15768297.9793  15765988.8277  15761763.0020  15759393.0813  15755071.9616  15752578.1464  15748087.5098  15745412.7393  15740726.4608  15737858.3845  15732957.7268  15729888.3085  15724774.5309  15721515.4573  15716209.8196  15712785.9268  15707316.7040  15703753.4454  15698146.0053  15694490.9854  15688812.7468
          0.9640         0.0000  15798794.1038  15794455.2867  15791975.9577  15787614.9179  15785137.8706  15780774.9849  15778301.0621  15773937.1433  15771459.1582  15767084.1756  15764588.2225  15760183.5061  15757648.0681  15753183.6288  15750575.4058  15746005.1262  15743279.8715  15738578.8263  15735732.7994  15730887.9453  15727908.2557  15722911.3201  15719796.8788  15714654.3625  15711421.2401  15706157.6954  15702835.0452  15697479.6347  15694087.1596  15688675.1063
          1.2050         0.0000  15798724.9541  15794250.9945  15791633.6070  15787136.6674  15784527.7150  15780043.8286  15777458.6997  15772998.3197  15770435.0403  15765990.1102  15763434.8695  15758985.7220  15756415.6725  15751932.9711  15749314.4169  15744757.6146  15742048.4247  15737375.6030  15734566.2997  15729770.2577  15726849.2062  15721921.8501  15718887.2476  15713832.4189  15710694.5109  15705530.5342  15702315.5890  15697076.9725  15693825.5717  15688575.3121
          1.4460         0.0000  15799001.2676  15795067.8594  15792997.4822  15789022.8312  15786910.2656  15782871.9197  15780685.6019  15776558.4553  15774270.0238  15770028.1199  15767612.9108  15763232.5039  15760669.4525  15756130.0855  15753399.7039  15748681.5053  15745767.2395  15740848.3858  15737762.1021  15732668.4061  15729434.3120  15724190.1956  15720838.4308  15715477.0897  15712043.5443  15706603.3075  15703127.1210  15697648.7156  15694165.2518  15688689.6135
         -1.5665        -0.2087  15799002.4747  15795074.1609  15793003.9384  15789026.8226  15786910.6978  15782869.4527  15780682.0473  15776552.6031  15774262.5839  15770013.9833  15767591.4949  15763195.7223  15760615.8619  15756049.9927  15753294.4516  15748539.7715  15745596.7776  15740639.4405  15737517.2583  15732391.8669  15729132.6018  15723874.9741  15720519.0097  15715171.2971  15711760.4683  15706362.2954  15702931.2721  15697512.7066  15694082.2352  15688666.7679
         -1.3255        -0.2087  15798601.8883  15793880.3015  15791022.5880  15786286.6540  15783446.1160  15778730.3595  15775918.6146  15771231.5172  15768448.0268  15763786.7649  15761025.3937  15756379.4284  15753627.7863  15748982.0358  15746222.4843  15741555.6206  15738767.8188  15734050.2853  15731234.8966  15726479.2801  15723644.9770  15718857.6232  15716014.4444  15711206.7645  15708366.8925  15703551.5389  15700725.8493  15695913.6064  15693110.4007  15688329.5831
         -1.0845        -0.2087  15798731.3682  15794263.0639  15791665.5037  15787183.5259  15784590.0929  15780109.2991  15777524.5170  15773049.7673  15770468.7456  15765991.7988  15763402.5141  15758907.4028  15756291.8532  15751755.3172  15749085.3619  15744471.7969  15741711.4254  15736989.5624  15734139.9795  15729311.8344  15726370.0907  15721436.6122  15718409.7163  15713382.8476  15710287.7180  15705189.5362  15702050.9155  15696904.6387  15693740.6090  15688561.9747
         -0.8435        -0.2087  15798893.8309  15794746.5551  15792446.4386  15788235.8456  15785879.2636  15781598.5021  15779166.3968  15774798.7996  15772269.9056  15767797.4971  15765156.4732  15760566.6475  15757806.5201  15753092.1583  15750211.0917  15745362.8201  15742359.2863  15737398.1009  15734313.6482  15729271.6831  15726140.0570  15721052.0308  15717909.2475  15712809.2067  15709687.2784  15704602.9424  15701525.2528  15696470.2174  15693437.3117  15688440.5315
         -0.6025        -0.2087  15798640.0752  15793995.3010  15791225.2485  15786589.2197  15783859.8461  15779270.7115  15776600.8034  15772071.7254  15769460.6658  15764984.2049  15762416.6432  15757969.6471  15755415.9574  15750957.9861  15748374.1955  15743844.6302  15741180.8675  15736557.3317  15733801.2649  15729060.7912  15726197.1999  15721331.9569  15718361.2912  15713379.6130  15710312.6627  15705232.4759  15702088.4598  15696925.0433  15693740.5475  15688554.8632
         -0.3615        -0.2087  15798733.9822  15794271.3264  15791676.3167  15787202.0611  15784620.6476  15780160.9543  15777601.4487  15773162.1873  15770619.6879  15766191.9287  15763652.5292  15759217.3848  15756656.2135  15752179.7570  15749559.5711  15744987.2994  15742272.2906  15737592.0504  15734772.2219  15729965.1238  15727030.1567  15722092.7616  15719047.2919  15713987.4353  15710842.1076  15705671.2124  15702439.6757  15697186.9617  15693912.9039  15688619.6364
         -0.1205        -0.2087  15798669.7452  15794085.2298  15791359.3186  15786757.9375  15784049.7736  15779473.6245  15776802.3377  15772264.1161  15769629.9648  15765125.1486  15762518.2207  15758031.2662  15755428.0056  15750925.3004  15748286.2422  15743712.1356  15741007.2200  15736350.7581  15733567.5579  15728809.5335  15725937.2474  15721073.3649  15718115.4189  15713148.0596  15710110.3819  15705039.9450  15701926.8499  15696793.6087  15693656.0671  15688517.6878
          0.1205        -0.2087  15798839.8312  15794590.5937  15792203.9730  15787927.9315  15785527.0220  15781226.7743  15778797.7591  15774460.0068  15771983.5719  15767590.2996  15765048.3581  15760581.8835  15757954.9918  15753390.1564  15750651.5907  15745950.6573  15743092.5329  15738266.8159  15735299.3825  15730352.3672  15727286.9445  15722234.5713  15719093.1457  15713954.0182  15710755.6121  15705538.1942  15702291.2057  15697037.7001  15693793.6612  15688561.2769
          0.3615        -0.2087  15798764.8859  15794359.9446  15791834.4827  15787428.5764  15784922.3643  15780535.5723  15778054.4217  15773690.9870  15771226.2690  15766871.2119  15764400.9130  15760026.4997  15757517.6043  15753081.5936  15750488.1325  15745930.7414  15743216.7269  15738525.7248  15735681.6153  15730839.8084  15727858.2830  15722865.2284  15719754.3720  15714621.8311  15711395.6540  15706134.4253  15702805.9346  15697449.5119  15694068.9038  15688669.8415
          0.6025        -0.2087  15798928.4352  15794850.1634  15792639.8375  15788532.8499  15786298.6223  15782155.7629  15779881.1036  15775687.3457  15773348.3129  15769077.7681  15766646.8851  15762271.8641  15759722.8920  15755212.9154  15752518.1153  15747834.6787  15744972.1263  15740122.0431  15737109.4611  15732098.9203  15728948.9643  15723793.9432  15720527.2495  15715251.1665  15711889.7544  15706516.3710  15703080.3120  15697625.4534  15694155.2933  15688689.1720
          0.8435        -0.2087  15798983.6509  15795014.6509  15792907.9248  15788896.2219  15786746.8494  15782672.8727  15780451.0525  15776289.6363  15773965.4101  15769688.6375  15767235.3454  15762818.8171  15760217.1330  15755640.5626  15752874.4922  15748114.1789  15745169.4105  15740236.0552  15737145.2899  15732062.0319  15728850.1237  15723643.4047  15720339.8163  15715039.5002  15711675.5085  15706310.9563  15702912.9066  15697502.3412  15694078.7550  15688662.0735
          1.0845        -0.2087  15799139.7944  15795479.8205  15793682.9565  15789968.8972  15788104.9355  15784294.9392  15782315.8159  15778367.0138  15776226.1272  15772095.5503  15769754.1217  15765408.5008  15762841.4720  15758261.2277  15755453.9594  15750624.0793  15747573.0206  15742504.1975  15739255.6675  15733995.2563  15730593.7530  15725189.0530  15721684.8961  15716184.8098  15712624.2462  15707070.6437  15703489.4107  15697909.7461  15694326.6049  15688746.5766
          1.3255        -0.2087  15798771.7652  15794380.6309  15791876.0177  15787490.4124  15785006.4499  15780635.1176  15778167.9693  15773807.7413  15771343.7909  15766976.2919  15764491.7066  15760089.0890  15757554.0247  15753083.5830  15750462.6773  15745885.3668  15743140.1707  15738413.4383  15735536.0598  15730665.2858  15727659.1184  15722649.7989  15719527.8143  15714397.5915  15711181.5517  15705954.9734  15702668.9836  15697368.6506  15694026.3595  15688660.8698
          1.5665        -0.2087  15798897.1105  15794760.7680  15792480.6843  15788298.2226  15785976.5280  15781733.7757  15779343.8733  15775017.6813  15772532.5337  15768099.3097  15765499.1952  15760943.0520  15758218.1328  15753533.2087  15750683.4704  15745868.6040  15742899.0316  15737953.1398  15734880.2065  15729842.4003  15726709.1347  15721611.2293  15718449.6265  15713321.7831  15710158.6657  15705023.3984  15701874.7432  15696743.6886  15693614.0005  15688503.7868
         -1.4460        -0.4174  15798761.9527  15794353.5955  15791826.4771  15787417.3337  15784902.7179  15780495.0160  15777981.3623  15773566.4227  15771037.9284  15766599.4436  15764038.4743  15759557.0965  15756943.5662  15752397.0694  15749709.5285  15745072.1064  15742289.4287  15737531.2739  15734638.4545  15729768.1096  15726781.1154  15721805.6143  15718734.5391  15713666.4898  15710526.9258  15705384.9144  15702197.3298  15697005.2488  15693789.7102  15688572.1205
         -1.2050        -0.4174  15798871.4183  15794678.7493  15792357.5798  15788138.3597  15785799.8566  15781554.8971  15779189.3397  15774907.8005  15772494.3574  15768153.5519  15765667.6235  15761241.8909  15758658.9695  15754123.7363  15751419.4660  15746747.4322  15743895.3554  15739057.8882  15736066.3680  15731083.4811  15727969.9087  15722860.1489  15719648.7450  15714438.4630  15711157.5689  15705876.6109  15702556.9476  15697238.9583  15693913.7328  15688604.7492
         -0.9640        -0.4174  15798791.4212  15794441.7635  15791952.4594  15787567.2934  15785059.0184  15780651.4007  15778124.2204  15773692.1632  15771134.0162  15766663.3624  15764058.3176  15759531.7063  15756863.5432  15752263.0618  15749512.5676  15744813.0864  15741957.4008  15737142.1815  15734197.3832  15729283.2444  15726262.0911  15721264.9615  15718187.5824  15713128.0930  15710015.2702  15704915.4028  15701791.2602  15696676.2423  15693570.7890  15688489.2927
         -0.7230        -0.4174  15799087.7733  15795319.7474  15793415.8584  15789597.1677  15787634.6309  15783731.6633  15781671.5694  15777651.8015  15775458.0576  15771288.8029  15768931.3073  15764586.2377  15762043.9634  15757501.7694  15754755.7716  15749988.3203  15747021.0217  15742039.8924  15738884.4617  15733714.4434  15730399.0663  15725073.2690  15721635.6905  15716193.1340  15712672.9008  15707152.0967  15703584.6418  15698009.6379  15694406.4785  15688792.6282
         -0.4820        -0.4174  15798696.9087  15794162.4728  15791494.5323  15786949.2067  15784301.9627  15779783.3494  15777173.1162  15772691.1936  15770114.2037  15765658.5521  15763097.8625  15758645.7946  15756074.0302  15751588.6671  15748966.7619  15744393.2243  15741677.7947  15736999.9525  15734185.7041  15729388.5264  15726468.7021  15721552.1019  15718534.4803  15713512.4605  15710411.9209  15705303.7804  15702136.8404  15696953.5581  15693753.2367  15688555.1924
         -0.2410        -0.4174  15799057.7299  15795231.5729  15793276.7108  15789410.4941  15787400.4753  15783450.7520  15781339.9845  15777270.6015  15775021.4436  15770800.2315  15768384.4888  15763988.0644  15761385.9626  15756792.2226  15753983.7117  15749165.3476  15746151.0400  15741135.7842  15737949.5998  15732764.8641  15729444.9387  15724134.5979  15720731.0452  15715343.8608  15711899.4659  15706466.0047  15703002.6417  15697550.5366  15694105.3092  15688674.2241
          0.0000        -0.4174  15798828.4662  15794550.1006  15792156.2169  15787880.3242  15785502.0940  15781234.5579  15778864.5362  15774597.3047  15772216.7455  15767927.1022  15765507.7513  15761163.3113  15758668.0629  15754222.8052  15751601.8256  15746996.2526  15744217.6442  15739445.2098  15736507.3233  15731562.3147  15728472.4237  15723372.1491  15720158.4459  15714934.5103  15711626.6671  15706298.9095  15702915.5489  15697519.6361  15694105.6484  15688682.1922
          0.2410        -0.4174  15798862.0118  15794651.9216  15792310.0472  15788074.5778  15785713.5974  15781444.1458  15779042.7832  15774722.2804  15772259.0793  15767868.9285  15765326.3082  15760849.6709  15758210.3726  15753624.8108  15750866.1876  15746136.7637  15743247.5130  15738388.7871  15735387.5036  15730408.3540  15727311.8690  15722233.3677  15719068.5132  15713917.8494  15710710.2757  15705506.9188  15702268.6735  15697030.8604  15693795.7813  15688569.3594
          0.4820        -0.4174  15798674.1090  15794094.4103  15791382.4671  15786793.4006  15784099.8874  15779533.5845  15776872.3071  15772338.3216  15769705.7031  15765194.6704  15762575.1946  15758066.4187  15755436.0497  15750897.5439  15748224.5264  15743609.1235  15740856.9644  15736155.3074  15733326.3094  15728529.0577  15725620.5855  15720729.6738  15717750.4883  15712780.3838  15709746.5744  15704719.1843  15701652.1839  15696581.5426  15693515.8467  15688470.2532
          0.7230        -0.4174  15798743.2104  15794297.6916  15791733.4181  15787296.2827  15784765.9933  15780363.4810  15777874.1300  15773509.4526  15771050.3541  15766705.0705  15764249.9711  15759891.4420  15757404.8308  15752989.6137  15750426.8351  15745898.0873  15743207.8328  15738537.6722  15735713.4780  15730887.5263  15727919.1622  15722933.4284  15719824.8389  15714689.6762  15711458.1717  15706196.1691  15702869.1217  15697506.2181  15694105.5672  15688685.2570
          0.9640        -0.4174  15798960.6375  15794945.8327  15792806.8732  15788768.5836  15786603.2687  15782518.1322  15780294.2143  15776132.1501  15773812.3592  15769536.7868  15767086.4321  15762666.7830  15760062.1705  15755478.8071  15752704.2786  15747940.1983  15744986.1978  15740042.1324  15736943.1220  15731853.6008  15728639.4443  15723436.4763  15720141.9747  15714859.4551  15711516.1676  15706181.8876  15702813.1619  15697443.7930  15694058.5046  15688664.6093
          1.2050        -0.4174  15798711.8108  15794203.6934  15791569.4499  15787046.4240  15784409.2288  15779872.9080  15777219.5691  15772658.2982  15769970.3811  15765366.4454  15762627.9480  15757967.9758  15755170.4969  15750449.1519  15747589.5974  15742802.8140  15739879.9820  15735019.8636  15732057.4336  15727158.0802  15724185.1760  15719272.6401  15716317.5893  15711418.3365  15708503.8807  15703635.0491  15700770.4097  15695935.2590  15693117.5215  15688331.7530
          1.4460        -0.4174  15798873.7640  15794687.7351  15792372.0026  15788158.8283  15785821.2196  15781570.5374  15779189.8855  15774882.5225  15772432.4483  15768041.8670  15765496.3151  15760998.2715  15758337.1692  15753714.5679  15750926.4551  15746166.5353  15743244.4166  15738336.7819  15735290.5266  15730269.0569  15727138.5485  15722034.9525  15718854.6359  15713703.1197  15710504.4201  15705331.6357  15702133.0466  15696950.1641  15693751.6049  15688559.9870
         -1.3255        -0.6261  15798616.8523  15793924.4116  15791110.5266  15786428.6669  15783660.9821  15779035.3955  15776341.0071  15771792.7657  15769177.2982  15764703.1246  15762154.0970  15757731.9689  15755219.4452  15750810.7291  15748290.6722  15743841.3667  15741259.3616  15736704.7890  15734011.2776  15729326.5305  15726506.2544  15721672.4152  15718715.2124  15713729.9197  15710641.4351  15705518.9575  15702322.5307  15697098.5006  15693839.4473  15688582.3711
         -1.0845        -0.6261  15798781.8009  15794415.6507  15791920.8130  15787544.6112  15785060.3981  15780689.3679  15778214.2922  15773846.6120  15771369.1602  15766989.2304  15764489.8040  15760074.7577  15757529.0309  15753052.2529  15750430.2953  15745857.6601  15743125.5394  15738417.0090  15735565.7560  15730723.5726  15727749.2709  15722766.9872  15719667.1227  15714545.8052  15711327.2518  15706082.0682  15702768.9425  15697432.8336  15694057.8627  15688665.1943
         -0.8435        -0.6261  15798742.6820  15794299.2759  15791717.8189  15787250.3304  15784670.8837  15780205.7932  15777636.1602  15773177.1504  15770610.2810  15766146.8656  15763568.8133  15759084.0803  15756476.8698  15751948.8821  15749286.7192  15744681.3771  15741929.8681  15737218.0464  15734378.5430  15729560.2657  15726626.9416  15721699.2202  15718672.8303  15713638.7376  15710525.2198  15705395.4664  15702212.1450  15697010.4356  15693788.9623  15688566.4371
         -0.6025        -0.6261  15798850.4447  15794614.9741  15792253.9946  15788001.4509  15785635.7686  15781371.6793  15778994.6759  15774711.3826  15772304.8755  15767981.0495  15765520.5824  15761129.5714  15758588.5183  15754098.4263  15751444.0719  15746810.4966  15744005.8139  15739216.7698  15736271.4778  15731328.7559  15728249.1250  15723164.8731  15719969.4917  15714765.0673  15711477.7407  15706177.1924  15702823.1583  15697450.2251  15694052.9402  15688660.7891
         -0.3615        -0.6261  15798721.1316  15794231.6030  15791616.4797  15787120.9062  15784522.5571  15780043.2862  15777466.6291  15773005.8267  15770442.1229  15765987.1321  15763418.8035  15758947.4893  15756349.0500  15751826.7211  15749160.5140  15744536.0984  15741765.0400  15737028.8830  15734155.7528  15729302.3337  15726331.2642  15721372.3901  15718323.5783  15713284.5345  15710181.3709  15705084.4029  15701942.2192  15696797.4584  15693648.6593  15688518.3390
         -0.1205        -0.6261  15798697.2839  15794161.9858  15791495.8278  15786946.2099  15784284.8253  15779734.9250  15777074.5331  15772521.2236  15769852.9482  15765288.4696  15762604.1565  15758019.2900  15755308.4556  15750684.7610  15747928.2856  15743232.1045  15740407.5810  15735642.6204  15732763.7032  15727931.5769  15725005.6841  15720118.3618  15717163.0365  15712241.1196  15709272.3079  15704330.1227  15701356.0145  15696388.2488  15693413.3965  15688445.4131
          0.1205        -0.6261  15798819.5839  15794527.1024  15792097.0280  15787772.1898  15785319.3636  15780958.8728  15778465.9736  15774055.3322  15771504.1107  15767028.6684  15764406.5182  15759855.0566  15757152.4986  15752510.2299  15749712.8327  15744953.2298  15742049.8781  15737189.4622  15734205.5346  15729257.2849  15726211.1211  15721197.0235  15718114.6950  15713062.5821  15709966.3241  15704894.6578  15701792.3521  15696695.2443  15693594.5938  15688502.7099
          0.3615        -0.6261  15798655.0949  15794037.7443  15791290.7784  15786670.0976  15783953.3620  15779370.8409  15776704.2639  15772172.8103  15769554.6065  15765064.7212  15762477.5530  15758004.9980  15755420.0313  15750925.7314  15748300.3449  15743727.3580  15741017.8669  15736350.2278  15733552.2966  15728775.9452  15725883.6063  15720999.6213  15718022.0302  15713046.6395  15710001.9454  15704956.4534  15701860.3985  15696754.4216  15693635.0192  15688519.1475
          0.6025        -0.6261  15798858.0821  15794637.2316  15792268.1167  15787987.8800  15785565.8082  15781222.1322  15778733.6212  15774315.6301  15771743.6323  15767235.9497  15764567.7758  15759961.4901  15757195.1251  15752487.4360  15749624.9743  15744808.1454  15741847.7105  15736940.2055  15733918.2051  15728942.9259  15725880.9560  15720858.7368  15717778.0916  15712728.3757  15709647.2909  15704586.5148  15701521.9449  15696466.9203  15693434.1803  15688437.8293
          0.8435        -0.6261  15798954.5498  15794929.8522  15792759.1861  15788680.2667  15786456.2824  15782304.1415  15779996.9139  15775745.9926  15773325.8729  15768949.3600  15766393.6873  15761874.0812  15759173.4447  15754505.7115  15751659.1779  15746839.8244  15743848.2005  15738885.0109  15735787.4918  15730717.1067  15727542.5478  15722393.5897  15719171.4553  15713971.8245  15710727.8813  15705501.1055  15702256.4738  15697019.8119  15693787.5754  15688564.4588
          1.0845        -0.6261  15798676.8948  15794105.3975  15791401.2366  15786821.8817  15784144.4375  15779599.0918  15776967.7727  15772466.9764  15769876.1121  15765404.6953  15762831.3604  15758360.7921  15755774.4160  15751271.9695  15748637.8339  15744065.0113  15741344.6973  15736659.5491  15733844.8483  15729051.1538  15726142.1516  15721241.6338  15718246.1618  15713250.2094  15710182.0236  15705107.0383  15701983.8207  15696851.3031  15693695.9960  15688539.7235
          1.3255        -0.6261  15798930.2158  15794853.5446  15792628.4023  15788484.6622  15786185.7500  15781941.8805  15779530.0590  15775155.5183  15772599.5548  15768069.8831  15765353.9422  15760662.7478  15757791.5547  15752952.3748  15749949.5518  15744987.7833  15741885.8467  15736826.1041  15733663.0498  15728563.1552  15725399.1956  15720305.9811  15717184.4130  15712134.6362  15709083.4434  15704095.0981  15701120.3546  15696190.0263  15693276.8191  15688393.8361
         -1.2050        -0.8348  15798692.4940  15794150.3655  15791486.5142  15786950.4379  15784324.2171  15779832.4286  15777263.4668  15772827.6485  15770310.4764  15765915.2376  15763425.6650  15759039.6201  15756542.1206  15752125.8114  15749580.1231  15745087.8157  15742450.7320  15737830.7219  15735065.7737  15730304.8290  15727405.0150  15722488.5357  15719444.2510  15714368.3549  15711183.9019  15705964.0714  15702668.3884  15697348.6671  15693993.1127  15688637.3362
         -0.9640        -0.8348  15798987.6887  15795024.1708  15792944.8884  15788969.4209  15786878.1373  15782873.8200  15780747.1670  15776693.6660  15774502.7463  15770369.7268  15768082.9386  15763838.0631  15761423.9319  15757035.9615  15754462.5285  15749895.3171  15747125.9523  15742339.9236  15739369.9384  15734370.6629  15731199.9778  15725986.3306  15722617.7818  15717194.7508  15713637.4167  15708022.0469  15704305.3597  15698543.7032  15694725.2849  15688888.2789
         -0.7230        -0.8348  15798825.0721  15794539.6313  15792146.6341  15787869.5456  15785489.8307  15781214.6887  15778835.2276  15774552.7026  15772155.4130  15767844.6575  15765404.9938  15761038.7716  15758528.5048  15754075.1426  15751459.4311  15746876.7356  15744116.1555  15739372.8101  15736469.9142  15731568.2930  15728521.5577  15723463.8079  15720281.1755  15715078.1842  15711774.5800  15706446.0228  15703048.2858  15697626.6950  15694171.1222  15688702.7391
         -0.4820        -0.8348  15798683.5633  15794124.9571  15791415.4677  15786816.4183  15784092.5905  15779477.1582  15776741.6812  15772110.0197  15769355.7188  15764701.4278  15761923.2421  15757242.6194  15754439.7968  15749728.8144  15746899.4198  15742146.1220  15739279.1126  15734488.7783  15731609.0537  15726794.8039  15723912.0678  15719082.2261  15716204.6253  15711365.6487  15708498.2711  15703654.1998  15700802.4270  15695961.9513  15693133.7649  15688340.1245
         -0.2410        -0.8348  15798550.7987  15793726.3466  15790783.9146  15785978.8713  15783091.8716  15778353.1764  15775549.8097  15770899.0109  15768185.2599  15763619.3328  15760982.5523  15756480.2787  15753892.4981  15749414.3462  15746830.9692  15742318.4681  15739683.7100  15735103.0114  15732403.9152  15727734.3344  15724953.9787  15720185.7987  15717322.8510  15712461.6735  15709527.3448  15704586.7911  15701596.0507  15696587.8701  15693547.7964  15688499.6506
          0.0000        -0.8348  15798817.3598  15794515.9330  15792083.9144  15787754.8095  15785305.0260  15780949.1271  15778471.1591  15774079.3533  15771557.1489  15767113.9492  15764531.3744  15760019.9056  15757361.0940  15752760.2694  15750003.7464  15745280.8027  15742403.0561  15737559.5261  15734581.6666  15729629.8595  15726569.0836  15721531.6533  15718416.8857  15713325.4811  15710188.6572  15705071.0358  15701932.2813  15696794.6522  15693650.5968  15688521.2415
          0.2410        -0.8348  15798746.8623  15794305.5163  15791744.3085  15787296.5970  15784743.4925  15780299.9603  15777755.7572  15773317.1481  15770771.9868  15766324.3564  15763759.4514  15759280.5617  15756671.7243  15752130.5150  15749445.7121  15744799.2600  15742002.0540  15737238.5746  15734339.3426  15729461.9765  15726468.4286  15721491.1990  15718424.7005  15713373.4289  15710262.5603  15705164.3362  15702031.0878  15696894.7651  15693731.4711  15688561.9327
          0.4820        -0.8348  15798905.6022  15794777.4803  15792507.5457  15788320.8533  15785981.1243  15781698.0268  15779248.5500  15774842.9319  15772260.9291  15767718.9409  15764998.4164  15760321.6316  15757473.0600  15752672.9534  15749713.7820  15744800.4917  15741744.7605  15736749.6365  15733648.9349  15728610.4224  15725498.9845  15720448.1186  15717355.5814  15712318.7106  15709268.9676  15704265.5773  15701272.2133  15696306.7537  15693352.7498  15688420.7125
          0.7230        -0.8348  15798771.8910  15794385.7878  15791874.7655  15787484.1514  15784990.3614  15780615.2697  15778142.1915  15773783.1821  15771318.9928  15766957.7775  15764478.0259  15760085.4375  15757559.5150  15753101.3500  15750492.6869  15745926.1647  15743192.7668  15738481.7952  15735620.8252  15730763.7681  15727769.6498  15722765.9894  15719645.3683  15714507.5541  15711278.9460  15706031.9321  15702725.8594  15697401.8000  15694045.9183  15688667.9135
          0.9640        -0.8348  15798992.7141  15795039.9715  15792952.3128  15788954.2288  15786813.5786  15782739.3951  15780512.9779  15776339.4739  15773999.8945  15769699.8785  15767220.4779  15762769.4391  15760131.6962  15755516.3056  15752711.6320  15747925.3934  15744952.6633  15739990.1766  15736876.3338  15731775.3416  15728552.8810  15723342.7186  15720042.4652  15714752.4064  15711402.6175  15706060.7808  15702689.5861  15697327.2015  15693966.0634  15688623.5791
          1.2050        -0.8348  15798885.4318  15794720.5789  15792412.4209  15788198.0106  15785848.3985  15781579.8788  15779174.1628  15774839.9378  15772359.0841  15767939.0926  15765363.3174  15760839.2357  15758154.4648  15753514.9865  15750715.4624  15745953.4702  15743037.2861  15738142.8149  15735115.1121  15730115.4071  15727008.9880  15721927.3982  15718767.5240  15713629.4783  15710441.0399  15705270.3087  15702074.3918  15696891.4220  15693704.8011  15688536.5172
         -1.0845        -1.0436  15798802.1756  15794479.4013  15792017.2924  15787669.8804  15785209.7903  15780866.2661  15778420.5820  15774088.9279  15771652.5638  15767320.9083  15764875.7692  15760520.1132  15758038.3622  15753626.1114  15751073.3728  15746563.1448  15743898.3794  15739239.5904  15736426.8133  15731605.5022  15728635.5590  15723634.9562  15720496.2867  15715311.4961  15712008.1995  15706655.0506  15703216.6692  15697741.2614  15694226.1450  15688710.7097
         -0.8435        -1.0436  15798841.2031  15794593.2003  15792205.4175  15787926.7827  15785530.9054  15781242.0652  15778841.4697  15774543.8230  15772129.2092  15767808.9868  15765362.0269  15760996.6024  15758492.8610  15754054.6780  15751463.0119  15746915.1742  15744196.9543  15739494.0083  15736634.1636  15731769.9746  15728756.1469  15723716.9053  15720541.3178  15715325.4733  15711995.9712  15706624.0870  15703176.3974  15697700.4397  15694196.1141  15688697.6202
         -0.6025        -1.0436  15798784.3012  15794418.2517  15791931.7887  15787557.2580  15785072.7041  15780692.8703  15778205.4040  15773818.6163  15771317.9775  15766911.0548  15764380.2679  15759932.6746  15757349.8887  15752836.4131  15750173.7767  15745559.6637  15742783.2333  15738038.6672  15735152.2499  15730281.8134  15727285.1470  15722290.9314  15719191.1681  15714083.0378  15710893.5824  15705689.7154  15702434.4119  15697165.3491  15693879.9525  15688598.8681
         -0.3615        -1.0436  15798835.5635  15794569.8547  15792153.3251  15787820.5532  15785337.5105  15780921.2424  15778349.1672  15773836.3017  15771163.7683  15766550.8515  15763781.0648  15759075.8768  15756221.5199  15751436.3997  15748510.1309  15743652.1204  15740659.8851  15735735.3429  15732712.9134  15727754.7317  15724726.2933  15719757.8025  15716747.7038  15711791.6389  15708819.5850  15703892.1081  15700969.4599  15696076.6031  15693207.7023  15688368.2920
         -0.1205        -1.0436  15798751.6861  15794321.4977  15791766.4078  15787322.8108  15784764.7540  15780308.2473  15777737.8635  15773263.1485  15770668.7615  15766164.4660  15763533.9764  15758987.1190  15756307.8737  15751702.7262  15748956.5408  15744268.5782  15741433.1234  15736645.1205  15733734.5650  15728859.9787  15725882.8818  15720932.9455  15717905.4564  15712898.2832  15709839.5835  15704793.9244  15701720.1120  15696648.2709  15693571.0777  15688496.9891
          0.1205        -1.0436  15798795.9633  15794452.1188  15791968.9565  15787583.9666  15785068.8540  15780639.1278  15778076.9241  15773593.3706  15770972.6134  15766427.6602  15763743.0976  15759132.8310  15756382.9705  15751703.5252  15748881.7438  15744119.2326  15741212.7570  15736359.6347  15733392.1034  15728470.8443  15725459.2261  15720489.6224  15717457.9504  15712465.8124  15709439.8141  15704447.6912  15701442.7227  15696453.5652  15693458.6013  15688462.0859
          0.3615        -1.0436  15798615.1136  15793919.0790  15791094.5848  15786398.4754  15783610.7767  15778960.5846  15776233.7919  15771647.7367  15768986.3434  15764461.3187  15761854.0452  15757370.6637  15754792.2926  15750317.2337  15747728.0122  15743212.6614  15740562.6439  15735960.9699  15733235.6066  15728533.5241  15725714.6174  15720898.9545  15717980.5731  15713052.6441  15710043.7557  15705019.8791  15701940.8514  15696840.2696  15693705.6878  15688549.0183
          0.6025        -1.0436  15799142.0115  15795481.4986  15793693.2667  15789982.7403  15788117.8695  15784292.9680  15782288.4797  15778300.3221  15776109.8206  15771921.0484  15769514.8232  15765103.3979  15762469.4776  15757830.1597  15754968.3734  15750098.8834  15747014.8012  15741929.6717  15738672.6756  15733419.9145  15730032.5754  15724654.7566  15721182.3176  15715723.0559  15712208.4147  15706708.9794  15703189.7386  15697681.3139  15694178.3680  15688692.5438
          0.8435        -1.0436  15798930.7893  15794863.6290  15792626.3653  15788474.5157  15786164.8361  15781929.2026  15779536.8038  15775212.6506  15772729.6211  15768309.8814  15765729.7640  15761207.9669  15758527.6659  15753902.1459  15751119.7128  15746385.2928  15743494.7885  15738635.2236  15735647.2260  15730680.4621  15727603.5591  15722533.2962  15719372.4542  15714205.5895  15710971.6492  15705726.4062  15702444.5588  15697154.6551  15693861.7496  15688582.2002
          1.0845        -1.0436  15799224.5329  15795729.5431  15794087.4847  15790512.6583  15788770.6643  15785063.9749  15783171.6292  15779292.5243  15777206.4377  15773115.1812  15770801.0518  15766470.6855  15763912.1854  15759334.3448  15756532.9454  15751709.5936  15748673.3943  15743606.1836  15740354.9901  15735085.0919  15731663.2046  15726224.2263  15722667.0139  15717094.3150  15713436.5896  15707765.0414  15704042.1326  15698311.0593  15694562.3467  15688823.5625
         -0.9640        -1.2523  15798881.5969  15794710.5500  15792420.0678  15788244.6908  15785967.0452  15781799.6508  15779535.3243  15775375.3135  15773111.1569  15768938.5530  15766647.6688  15762429.4779  15760074.3989  15755767.9987  15753303.8481  15748857.5516  15746233.3310  15741588.6384  15738762.8086  15733901.8474  15730862.3771  15725766.4565  15722500.1469  15717162.1169  15713669.2167  15708099.2879  15704402.4244  15698639.8326  15694792.0926  15688913.0883
         -0.7230        -1.2523  15798789.6282  15794438.7318  15791953.4433  15787581.1624  15785096.3583  15780722.8427  15778245.8176  15773878.0235  15771406.2309  15767037.2150  15764558.2361  15760169.8548  15757660.9534  15753225.0873  15750651.8025  15746127.2076  15743444.4330  15738778.3959  15735964.1406  15731146.8668  15728186.8458  15723205.0019  15720093.5810  15714949.4093  15711697.3138  15706409.9245  15703042.3097  15697641.3305  15694185.8053  15688708.4048
         -0.4820        -1.2523  15798709.7294  15794194.6303  15791552.3868  15787018.6844  15784370.5606  15779823.8791  15777167.2436  15772609.9409  15769941.6714  15765370.7038  15762686.0887  15758094.2486  15755384.8834  15750761.2279  15748012.7290  15743337.9303  15740529.5653  15735774.9806  15732908.3500  15728086.1364  15725167.9987  15720283.4167  15717323.9778  15712390.3346  15709405.3249  15704439.3597  15701443.1805  15696456.8257  15693454.9440  15688459.6146
         -0.2410        -1.2523  15798682.4392  15794112.0037  15791418.4697  15786835.1807  15784142.2825  15779555.2459  15776865.0022  15772279.4671  15769589.2864  15765000.5410  15762302.8643  15757700.1078  15754982.0387  15750349.3250  15747592.1211  15742906.7979  15740087.2079  15735320.1847  15732442.3866  15727610.1373  15724686.6569  15719802.0272  15716851.7085  15711937.1446  15708984.1355  15704063.5029  15701127.9351  15696216.5223  15693303.9974  15688407.7916
          0.0000        -1.2523  15798745.0689  15794302.7710  15791705.9156  15787197.4856  15784547.0560  15779979.8079  15777273.7743  15772648.8542  15769884.5598  15765203.3201  15762386.0062  15757655.9143  15754796.1439  15750027.1048  15747133.0292  15742328.3054  15739402.3527  15734553.7887  15731614.8588  15726748.3812  15723815.4160  15718945.7862  15716035.2382  15711178.1478  15708304.1909  15703470.7263  15700638.6336  15695832.1788  15693047.7895  15688303.9868
          0.2410        -1.2523  15798776.7945  15794391.6941  15791889.5493  15787493.0279  15784980.6067  15780560.4570  15778024.2446  15773577.8167  15771012.0745  15766534.7784  15763934.1540  15759418.6367  15756774.7153  15752208.8539  15749505.3197  15744865.7595  15742076.6198  15737329.1683  15734451.1195  15729601.7826  15726634.9474  15721682.5729  15718632.0584  15713586.3427  15710467.1243  15705347.5134  15702179.4670  15697004.4218  15693798.4068  15688579.7576
          0.4820        -1.2523  15798797.7994  15794457.9608  15791984.8701  15787611.2714  15785113.3565  15780707.3827  15778180.7183  15773744.4523  15771185.7602  15766715.7766  15764120.4965  15759610.5185  15756972.1553  15752412.8322  15749717.9181  15745088.1586  15742311.1438  15737574.7239  15734708.0102  15729864.7987  15726901.7673  15721943.8121  15718882.3299  15713812.9153  15710663.0963  15705500.1491  15702286.5915  15697061.7890  15693816.2636  15688574.3114
          0.7230        -1.2523  15798821.8642  15794538.2776  15792119.9041  15787816.9075  15785400.2111  15781093.0956  15778676.0910  15774362.9792  15771935.5666  15767602.7426  15765146.5428  15760770.7751  15758259.9430  15753811.6551  15751212.3704  15746653.5461  15743926.8883  15739210.5818  15736340.3954  15731464.0410  15728444.3391  15723402.5615  15720235.3397  15715037.7268  15711741.4561  15706416.0822  15703026.0127  15697613.0192  15694163.5226  15688698.3464
          0.9640        -1.2523  15799080.7565  15795310.1547  15793399.6142  15789590.6964  15787649.1137  15783791.9750  15781797.1511  15777872.5200  15775797.2256  15771774.0815  15769583.1361  15765422.7970  15763077.0303  15758739.1838  15756200.1951  15751642.2552  15748870.2007  15744047.6231  15741018.8262  15735933.3854  15732656.6955  15727312.6162  15723800.7299  15718219.2770  15714502.1621  15708722.9413  15704848.5856  15698928.2659  15694954.5536  15688961.1976
         -0.6025        -1.4610  15798590.5474  15793844.1053  15790961.4528  15786195.2896  15783319.2629  15778564.8786  15775716.2689  15770994.3748  15768184.1099  15763501.1377  15760730.9341  15756082.9768  15753345.2091  15748719.3491  15745998.7623  15741371.8632  15738644.9476  15733982.3499  15731227.3874  15726527.5624  15723746.0577  15719001.4711  15716189.5980  15711400.8090  15708563.5312  15703739.9601  15700888.7323  15696045.0741  15693194.6953  15688363.9642
         -0.3615        -1.4610  15798606.2189  15793894.0200  15791041.3113  15786307.0063  15783463.1140  15778743.0667  15775929.1715  15771242.4931  15768468.1138  15763821.1058  15761088.6266  15756478.1022  15753779.7021  15749191.2272  15746507.7285  15741912.9410  15739214.3640  15734572.1457  15731829.6409  15727132.6443  15724343.3787  15719581.6774  15716741.6386  15711918.2903  15709036.0706  15704162.9581  15701248.3097  15696332.2534  15693385.4187  15688437.6020
         -0.1205        -1.4610  15798810.3320  15794492.9693  15792033.3515  15787662.2456  15785147.0966  15780698.1722  15778099.3326  15773558.4762  15770866.0769  15766232.4799  15763452.7069  15758737.7577  15755886.4311  15751106.1476  15748200.0271  15743365.5516  15740416.9903  15735527.6229  15732545.4179  15727628.4291  15724641.8435  15719714.3459  15716740.7088  15711819.2956  15708873.6223  15703970.2392  15701057.2082  15696169.9825  15693278.2564  15688399.9463
          0.1205        -1.4610  15798837.2079  15794572.7894  15792176.2224  15787872.1440  15785436.4106  15781077.2593  15778583.5287  15774159.6218  15771596.1716  15767099.1539  15764459.5442  15759884.3341  15757165.2762  15752507.6269  15749706.0256  15744956.9998  15742066.1755  15737210.0106  15734229.4477  15729285.8716  15726240.0784  15721224.7696  15718133.4109  15713068.2091  15709954.9841  15704863.7695  15701750.3810  15696653.9937  15693558.0185  15688486.3949
          0.3615        -1.4610  15798526.8552  15793657.2384  15790651.9442  15785773.5712  15782803.7884  15777978.3941  15775084.7905  15770343.6384  15767540.1672  15762887.2526  15760168.2537  15755588.9220  15752933.2140  15748399.1088  15745774.2373  15741244.9959  15738611.8354  15734037.7042  15731359.3074  15726724.8176  15723992.1590  15719281.4610  15716485.0904  15711695.3091  15708839.9674  15703983.9458  15701089.0026  15696192.7048  15693286.0432  15688394.8080
          0.6025        -1.4610  15798944.2869  15794897.2054  15792710.6838  15788613.8213  15786371.1237  15782192.8215  15779858.2854  15775575.0523  15773126.9922  15768724.1166  15766153.1391  15761624.7420  15758929.4068  15754275.6205  15751459.5209  15746679.9259  15743745.5179  15738832.8841  15735785.6136  15730763.8011  15727630.1449  15722514.2335  15719310.9497  15714119.7443  15710869.0898  15705628.9221  15702359.2740  15697099.8275  15693833.8197  15688581.4500
