       0.00      0.00    595.11    635.64    675.24    713.53    750.19    784.85    817.19    846.90    873.69    897.33    917.57    934.22    947.12    956.16    961.24    962.31    959.39    952.50    941.72    927.17    909.01    887.42    862.62    834.86    804.42    771.61    736.75    700.18    662.28    623.60
       0.00      0.00    595.11    635.64    675.24    713.53    750.19    784.85    817.19    846.90    873.70    897.33    917.57    934.22    947.12    956.16    961.24    962.31    959.39    952.50    941.72    927.17    909.01    887.42    862.62    834.86    804.42    771.61    736.74    700.18    662.28    623.59
       0.00      0.00    595.11    635.64    675.24    713.53    750.19    784.85    817.19    846.90    873.70    897.33    917.57    934.22    947.12    956.16    961.24    962.31    959.39    952.50    941.72    927.17    909.01    887.42    862.61    834.86    804.42    771.61    736.74    700.18    662.28    623.59
       0.00      0.00    595.11    635.64    675.24    713.53    750.19    784.85    817.19    846.90    873.70    897.33    917.57    934.22    947.12    956.16    961.24    962.31    959.39    952.50    941.72    927.18    909.01    887.42    862.62    834.86    804.42    771.61    736.75    700.18    662.28    623.59
       0.00      0.00    595.11    635.64    675.24    713.53    750.19    784.85    817.19    846.90    873.70    897.33    917.57    934.22    947.12    956.16    961.24    962.31    959.39    952.50    941.72    927.17    909.01    887.42    862.61    834.86    804.42    771.61    736.74    700.18    662.28    623.59
       0.00      0.00    595.11    635.64    675.24    713.53    750.18    784.85    817.19    846.90    873.69    897.33    917.57    934.22    947.12    956.16    961.24    962.31    959.39    952.50    941.72    927.18    909.01    887.42    862.62    834.86    804.42    771.61    736.75    700.18    662.28    623.60
       0.00      0.00    595.11    635.64    675.24    713.53    750.18    784.85    817.19    846.90    873.69    897.33    917.57    934.22    947.12    956.16    961.24    962.31    959.39    952.50    941.72    927.18    909.01    887.42    862.62    834.86    804.42    771.61    736.75    700.18    662.28    623.60
       0.00      0.00    601.25    646.04    689.79    732.11    772.61    810.90    846.63    879.44    909.02    935.10    957.42    975.77    989.97    999.88   1005.40   1006.50   1003.17    995.44    983.42    967.22    947.01    923.01    895.47    864.65    830.88    794.48    755.81    715.26    673.22    630.29
       0.00      0.00    601.25    646.04    689.79    732.11    772.61    810.91    846.63    879.44    909.03    935.11    957.43    975.78    989.98    999.89   1005.41   1006.51   1003.18    995.46    983.43    967.24    947.03    923.03    895.49    864.67    830.90    794.50    755.83    715.28    673.24    630.31
       0.00      0.00    601.25    646.04    689.79    732.11    772.61    810.91    846.63    879.44    909.03    935.11    957.43    975.78    989.98    999.89   1005.41   1006.51   1003.18    995.46    983.44    967.24    947.03    923.04    895.49    864.68    830.91    794.51    755.84    715.28    673.25    630.32
       0.00      0.00    601.25    646.04    689.79    732.11    772.61    810.91    846.63    879.44    909.03    935.11    957.43    975.78    989.98    999.90   1005.42   1006.51   1003.18    995.46    983.44    967.24    947.04    923.04    895.49    864.68    830.91    794.51    755.84    715.28    673.25    630.32
       0.00      0.00    601.25    646.04    689.79    732.11    772.61    810.91    846.63    879.44    909.03    935.11    957.43    975.78    989.98    999.89   1005.41   1006.51   1003.18    995.46    983.44    967.24    947.03    923.03    895.49    864.68    830.91    794.50    755.84    715.28    673.25    630.32
       0.00      0.00    601.25    646.04    689.79    732.11    772.61    810.91    846.63    879.44    909.03    935.11    957.43    975.78    989.98    999.89   1005.41   1006.51   1003.18    995.46    983.43    967.23    947.03    923.03    895.49    864.67    830.90    794.50    755.84    715.28    673.24    630.31
       0.00      0.00    601.25    646.04    689.79    732.11    772.61    810.90    846.63    879.44    909.02    935.10    957.42    975.77    989.97    999.88   1005.40   1006.50   1003.17    995.44    983.42    967.22    947.01    923.01    895.47    864.65    830.88    794.48    755.81    715.25    673.22    630.29
       0.00      0.00    595.11    635.64    675.24    713.53    750.18    784.85    817.19    846.90    873.69    897.33    917.57    934.22    947.12    956.16    961.24    962.31    959.39    952.50    941.72    927.18    909.01    887.42    862.62    834.86    804.42    771.61    736.75    700.18    662.28    623.60
       0.00      0.00    595.11    635.64    675.24    713.53    750.19    784.85    817.19    846.90    873.70    897.33    917.57    934.22    947.12    956.16    961.24    962.31    959.39    952.50    941.72    927.17    909.01    887.42    862.62    834.86    804.42    771.61    736.74    700.18    662.28    623.59
       0.00      0.00    601.25    646.04    689.79    732.11    772.61    810.91    846.63    879.44    909.03    935.11    957.43    975.78    989.98    999.89   1005.41   1006.51   1003.18    995.46    983.44    967.24    947.03    923.04    895.49    864.68    830.91    794.51    755.84    715.28    673.25    630.32
       0.00      0.00    606.02    654.12    701.11    746.56    790.05    831.18    869.53    904.75    936.51    964.49    988.44   1008.11   1023.32   1033.91   1039.77   1040.89   1037.24   1028.87   1015.87    998.38    976.58    950.70    921.02    887.83    851.47    812.28    770.65    727.00    681.77    635.56
       0.00      0.00    606.03    654.12    701.11    746.56    790.06    831.18    869.54    904.76    936.52    964.50    988.45   1008.12   1023.33   1033.93   1039.79   1040.91   1037.27   1028.90   1015.90    998.41    976.62    950.74    921.06    887.87    851.51    812.33    770.70    727.04    681.82    635.62
       0.00      0.00    606.03    654.12    701.11    746.56    790.06    831.18    869.54    904.76    936.52    964.51    988.45   1008.12   1023.34   1033.93   1039.79   1040.92   1037.27   1028.90   1015.91    998.42    976.62    950.75    921.07    887.88    851.52    812.33    770.70    727.05    681.82    635.62
       0.00      0.00    606.03    654.12    701.12    746.56    790.06    831.18    869.54    904.76    936.52    964.51    988.45   1008.12   1023.34   1033.93   1039.79   1040.91   1037.27   1028.90   1015.91    998.42    976.62    950.74    921.06    887.88    851.52    812.33    770.70    727.04    681.82    635.62
       0.00      0.00    606.03    654.12    701.11    746.56    790.06    831.18    869.54    904.76    936.52    964.50    988.45   1008.12   1023.33   1033.93   1039.79   1040.91   1037.27   1028.90   1015.90    998.41    976.62    950.74    921.06    887.87    851.51    812.33    770.70    727.04    681.82    635.62
       0.00      0.00    606.02    654.12    701.11    746.56    790.05    831.18    869.53    904.75    936.51    964.49    988.44   1008.11   1023.32   1033.91   1039.77   1040.89   1037.24   1028.87   1015.87    998.38    976.58    950.70    921.02    887.83    851.47    812.28    770.65    726.99    681.76    635.56
       0.00      0.00    601.25    646.04    689.79    732.11    772.61    810.91    846.63    879.44    909.03    935.11    957.43    975.78    989.98    999.89   1005.41   1006.51   1003.18    995.46    983.43    967.24    947.03    923.03    895.49    864.68    830.90    794.50    755.84    715.28    673.25    630.32
       0.00      0.00    595.11    635.64    675.24    713.53    750.19    784.85    817.19    846.90    873.70    897.33    917.57    934.22    947.12    956.16    961.24    962.31    959.39    952.50    941.72    927.18    909.01    887.42    862.62    834.86    804.42    771.61    736.75    700.18    662.28    623.60
       0.00      0.00    595.11    635.64    675.24    713.53    750.19    784.85    817.19    846.90    873.70    897.33    917.57    934.22    947.12    956.16    961.25    962.31    959.39    952.50    941.72    927.18    909.01    887.42    862.62    834.86    804.42    771.61    736.75    700.18    662.28    623.60
       0.00      0.00    601.25    646.04    689.79    732.11    772.61    810.91    846.63    879.44    909.03    935.11    957.43    975.78    989.98    999.90   1005.42   1006.51   1003.18    995.46    983.44    967.24    947.04    923.04    895.49    864.68    830.91    794.51    755.84    715.29    673.25    630.32
       0.00      0.00    606.03    654.12    701.11    746.56    790.06    831.18    869.54    904.76    936.52    964.51    988.45   1008.12   1023.33   1033.93   1039.79   1040.91   1037.27   1028.90   1015.91    998.42    976.62    950.74    921.06    887.87    851.51    812.33    770.70    727.04    681.82    635.62
       0.00      0.00    611.48    663.36    714.05    763.08    809.99    854.34    895.71    933.69    967.92    998.08   1023.88   1045.06   1061.42   1072.77   1079.04   1080.18   1076.17   1067.04   1052.91   1033.91   1010.26    982.22    950.08    914.17    874.85    832.48    787.49    740.34    691.49    641.56
       0.00      0.00    611.48    663.37    714.06    763.08    810.00    854.35    895.71    933.70    967.93    998.10   1023.89   1045.08   1061.43   1072.79   1079.06   1080.20   1076.19   1067.07   1052.94   1033.94   1010.29    982.24    950.10    914.20    874.88    832.51    787.52    740.37    691.53    641.62
       0.00      0.00    611.48    663.37    714.06    763.08    810.00    854.35    895.71    933.70    967.93    998.10   1023.89   1045.08   1061.44   1072.79   1079.06   1080.21   1076.20   1067.07   1052.94   1033.94   1010.30    982.25    950.11    914.21    874.89    832.51    787.53    740.38    691.54    641.62
       0.00      0.00    611.48    663.37    714.05    763.08    810.00    854.35    895.71    933.70    967.93    998.10   1023.89   1045.08   1061.43   1072.79   1079.06   1080.21   1076.19   1067.07   1052.94   1033.94   1010.29    982.25    950.11    914.20    874.88    832.51    787.53    740.38    691.53    641.62
       0.00      0.00    611.48    663.36    714.05    763.08    809.99    854.34    895.71    933.69    967.92    998.08   1023.88   1045.06   1061.42   1072.77   1079.04   1080.18   1076.17   1067.04   1052.91   1033.91   1010.26    982.21    950.07    914.17    874.85    832.47    787.49    740.33    691.48    641.56
       0.00      0.00    606.03    654.12    701.11    746.56    790.06    831.18    869.54    904.76    936.52    964.50    988.45   1008.12   1023.33   1033.93   1039.79   1040.91   1037.27   1028.90   1015.90    998.41    976.62    950.74    921.06    887.87    851.51    812.33    770.69    727.04    681.82    635.62
       0.00      0.00    601.25    646.04    689.79    732.11    772.61    810.91    846.63    879.44    909.03    935.11    957.43    975.78    989.98    999.89   1005.41   1006.51   1003.18    995.46    983.44    967.24    947.04    923.04    895.49    864.68    830.91    794.51    755.84    715.28    673.25    630.32
       0.00      0.00    595.11    635.64    675.24    713.53    750.19    784.85    817.19    846.90    873.70    897.33    917.57    934.22    947.12    956.16    961.24    962.31    959.39    952.50    941.72    927.18    909.01    887.42    862.62    834.86    804.42    771.61    736.74    700.18    662.28    623.59
       0.00      0.00    595.11    635.64    675.24    713.53    750.19    784.85    817.19    846.90    873.70    897.33    917.57    934.22    947.12    956.16    961.24    962.31    959.39    952.50    941.72    927.18    909.01    887.42    862.62    834.86    804.42    771.61    736.75    700.18    662.28    623.60
       0.00      0.00    601.25    646.04    689.79    732.11    772.61    810.91    846.63    879.44    909.03    935.11    957.43    975.78    989.98    999.90   1005.42   1006.51   1003.18    995.46    983.44    967.24    947.03    923.04    895.49    864.68    830.91    794.51    755.84    715.28    673.25    630.32
       0.00      0.00    606.03    654.12    701.12    746.56    790.06    831.18    869.54    904.76    936.52    964.51    988.45   1008.13   1023.34   1033.93   1039.79   1040.92   1037.27   1028.91   1015.91    998.42    976.62    950.75    921.07    887.88    851.52    812.33    770.70    727.05    681.83    635.63
       0.00      0.00    611.48    663.37    714.06    763.08    810.00    854.35    895.71    933.70    967.93    998.10   1023.89   1045.08   1061.43   1072.79   1079.06   1080.21   1076.19   1067.07   1052.94   1033.94   1010.29    982.25    950.11    914.20    874.88    832.51    787.53    740.38    691.54    641.62
       0.00      0.00    615.58    670.30    723.76    775.47    824.95    871.72    915.34    955.39    991.49   1023.28   1050.47   1072.78   1090.00   1101.93   1108.50   1109.66   1105.36   1095.65   1080.62   1060.45   1035.35   1005.63    971.64    933.70    892.20    847.50    800.05    750.31    698.77    646.08
       0.00      0.00    615.58    670.30    723.76    775.47    824.95    871.73    915.35    955.40    991.50   1023.29   1050.48   1072.80   1090.01   1101.94   1108.52   1109.67   1105.38   1095.67   1080.64   1060.47   1035.37   1005.65    971.65    933.71    892.21    847.52    800.08    750.34    698.81    646.12
       0.00      0.00    615.58    670.30    723.76    775.47    824.95    871.73    915.35    955.40    991.50   1023.29   1050.48   1072.80   1090.01   1101.94   1108.52   1109.67   1105.38   1095.67   1080.64   1060.46   1035.37   1005.65    971.65    933.71    892.21    847.52    800.08    750.34    698.81    646.12
       0.00      0.00    615.58    670.30    723.76    775.47    824.95    871.72    915.34    955.39    991.49   1023.28   1050.47   1072.78   1090.00   1101.93   1108.50   1109.66   1105.36   1095.65   1080.62   1060.45   1035.36   1005.64    971.64    933.70    892.20    847.51    800.06    750.31    698.77    646.08
       0.00      0.00    611.48    663.37    714.05    763.08    810.00    854.35    895.71    933.70    967.93    998.10   1023.89   1045.08   1061.43   1072.79   1079.06   1080.21   1076.19   1067.07   1052.94   1033.94   1010.29    982.25    950.11    914.20    874.88    832.51    787.53    740.38    691.53    641.62
       0.00      0.00    606.03    654.12    701.11    746.56    790.06    831.18    869.54    904.76    936.52    964.51    988.45   1008.12   1023.34   1033.93   1039.79   1040.92   1037.27   1028.91   1015.91    998.42    976.62    950.75    921.07    887.88    851.52    812.33    770.70    727.05    681.82    635.62
       0.00      0.00    601.25    646.04    689.79    732.11    772.61    810.91    846.63    879.44    909.03    935.11    957.43    975.78    989.98    999.89   1005.41   1006.51   1003.18    995.46    983.44    967.24    947.04    923.04    895.49    864.68    830.91    794.51    755.84    715.28    673.25    630.32
       0.00      0.00    595.11    635.64    675.24    713.53    750.19    784.85    817.19    846.90    873.70    897.33    917.57    934.22    947.12    956.16    961.24    962.31    959.39    952.50    941.72    927.18    909.01    887.42    862.62    834.86    804.42    771.61    736.75    700.18    662.28    623.60
       0.00      0.00    595.11    635.64    675.24    713.53    750.19    784.85    817.19    846.90    873.70    897.33    917.57    934.22    947.12    956.16    961.24    962.31    959.39    952.50    941.72    927.18    909.01    887.42    862.62    834.86    804.42    771.61    736.75    700.18    662.28    623.60
       0.00      0.00    601.25    646.04    689.79    732.11    772.61    810.91    846.63    879.44    909.03    935.11    957.43    975.78    989.98    999.90   1005.42   1006.51   1003.18    995.46    983.44    967.24    947.04    923.04    895.50    864.68    830.91    794.51    755.85    715.29    673.25    630.32
       0.00      0.00    606.03    654.12    701.12    746.56    790.06    831.18    869.54    904.76    936.52    964.51    988.45   1008.12   1023.34   1033.93   1039.79   1040.92   1037.27   1028.90   1015.91    998.42    976.62    950.75    921.07    887.88    851.52    812.33    770.70    727.05    681.82    635.62
       0.00      0.00    611.48    663.37    714.06    763.08    810.00    854.35    895.72    933.70    967.93    998.10   1023.90   1045.08   1061.44   1072.79   1079.06   1080.21   1076.20   1067.07   1052.94   1033.94   1010.30    982.25    950.11    914.21    874.89    832.51    787.53    740.38    691.54    641.62
       0.00      0.00    615.58    670.30    723.76    775.47    824.95    871.73    915.35    955.40    991.50   1023.29   1050.48   1072.80   1090.01   1101.94   1108.52   1109.68   1105.38   1095.67   1080.65   1060.47   1035.37   1005.65    971.65    933.71    892.22    847.53    800.08    750.34    698.81    646.12
       0.00      0.00    618.99    676.08    731.85    785.80    837.41    886.21    931.71    973.48   1011.13   1044.28   1072.63   1095.88   1113.81   1126.22   1133.05   1134.20   1129.65   1119.41   1103.57   1082.29   1055.94   1024.85    989.34    949.74    906.44    859.87    810.43    758.57    704.81    649.82
       0.00      0.00    618.99    676.08    731.85    785.80    837.42    886.21    931.71    973.48   1011.13   1044.29   1072.63   1095.89   1113.82   1126.23   1133.06   1134.22   1129.66   1119.43   1103.58   1082.29   1055.95   1024.85    989.34    949.74    906.45    859.87    810.44    758.58    704.82    649.84
       0.00      0.00    618.99    676.08    731.85    785.79    837.41    886.21    931.71    973.48   1011.12   1044.28   1072.63   1095.88   1113.81   1126.22   1133.05   1134.20   1129.65   1119.42   1103.57   1082.29   1055.94   1024.85    989.34    949.74    906.44    859.87    810.43    758.57    704.81    649.82
       0.00      0.00    615.58    670.30    723.76    775.47    824.95    871.73    915.35    955.40    991.50   1023.29   1050.48   1072.80   1090.01   1101.94   1108.52   1109.68   1105.38   1095.67   1080.65   1060.47   1035.37   1005.65    971.65    933.71    892.22    847.53    800.08    750.35    698.81    646.13
       0.00      0.00    611.48    663.37    714.06    763.08    810.00    854.35    895.71    933.70    967.93    998.10   1023.89   1045.08   1061.44   1072.79   1079.06   1080.21   1076.19   1067.07   1052.94   1033.94   1010.29    982.25    950.11    914.20    874.88    832.51    787.53    740.38    691.54    641.62
       0.00      0.00    606.03    654.12    701.11    746.56    790.06    831.18    869.54    904.76    936.52    964.51    988.45   1008.12   1023.34   1033.93   1039.79   1040.92   1037.27   1028.90   1015.91    998.42    976.62    950.75    921.07    887.88    851.52    812.33    770.70    727.05    681.82    635.62
       0.00      0.00    601.25    646.04    689.79    732.11    772.61    810.91    846.63    879.44    909.03    935.11    957.43    975.78    989.98    999.89   1005.41   1006.51   1003.18    995.46    983.44    967.24    947.03    923.04    895.49    864.68    830.91    794.51    755.84    715.28    673.25    630.32
       0.00      0.00    595.11    635.64    675.24    713.53    750.19    784.85    817.19    846.90    873.70    897.33    917.57    934.22    947.12    956.16    961.24    962.31    959.39    952.50    941.72    927.18    909.01    887.42    862.62    834.86    804.42    771.61    736.74    700.18    662.28    623.59
       0.00      0.00    595.11    635.64    675.24    713.53    750.19    784.85    817.19    846.90    873.70    897.33    917.57    934.22    947.12    956.16    961.24    962.31    959.39    952.50    941.72    927.18    909.01    887.42    862.62    834.86    804.42    771.61    736.75    700.18    662.28    623.60
       0.00      0.00    601.25    646.04    689.79    732.11    772.61    810.91    846.63    879.44    909.03    935.11    957.43    975.78    989.98    999.89   1005.41   1006.51   1003.18    995.46    983.44    967.24    947.03    923.03    895.49    864.67    830.90    794.50    755.84    715.28    673.24    630.31
       0.00      0.00    606.03    654.12    701.11    746.56    790.06    831.18    869.54    904.76    936.52    964.51    988.45   1008.12   1023.33   1033.93   1039.79   1040.91   1037.27   1028.90   1015.91    998.42    976.62    950.74    921.06    887.88    851.52    812.33    770.70    727.04    681.82    635.62
       0.00      0.00    611.48    663.37    714.05    763.08    810.00    854.35    895.71    933.70    967.93    998.10   1023.89   1045.08   1061.44   1072.79   1079.06   1080.21   1076.20   1067.07   1052.94   1033.94   1010.30    982.25    950.11    914.20    874.88    832.51    787.53    740.38    691.54    641.62
       0.00      0.00    615.58    670.30    723.76    775.47    824.95    871.73    915.35    955.40    991.50   1023.29   1050.48   1072.80   1090.01   1101.94   1108.52   1109.68   1105.38   1095.67   1080.65   1060.47   1035.37   1005.65    971.65    933.71    892.22    847.53    800.08    750.34    698.81    646.13
       0.00      0.00    618.99    676.08    731.85    785.80    837.42    886.21    931.71    973.48   1011.13   1044.29   1072.63   1095.89   1113.82   1126.23   1133.06   1134.22   1129.66   1119.43   1103.58   1082.29   1055.95   1024.85    989.34    949.74    906.45    859.87    810.44    758.58    704.83    649.85
       0.00      0.00    621.03    679.54    736.70    791.99    844.89    894.90    941.53    984.33   1022.91   1056.88   1085.92   1109.74   1128.10   1140.79   1147.78   1148.93   1144.21   1133.61   1117.16   1095.26   1068.23   1036.34    999.93    959.33    914.95    867.22    816.59    763.49    708.42    652.07
       0.00      0.00    621.04    679.54    736.70    791.99    844.89    894.90    941.53    984.33   1022.91   1056.88   1085.92   1109.74   1128.10   1140.79   1147.78   1148.93   1144.21   1133.61   1117.16   1095.26   1068.23   1036.34    999.93    959.33    914.95    867.22    816.59    763.49    708.42    652.07
       0.00      0.00    618.99    676.08    731.85    785.80    837.41    886.21    931.71    973.48   1011.13   1044.29   1072.63   1095.89   1113.82   1126.23   1133.06   1134.22   1129.67   1119.43   1103.58   1082.29   1055.95   1024.86    989.34    949.74    906.45    859.87    810.44    758.58    704.83    649.85
       0.00      0.00    615.58    670.30    723.76    775.47    824.95    871.73    915.35    955.40    991.50   1023.29   1050.48   1072.80   1090.01   1101.94   1108.52   1109.67   1105.38   1095.67   1080.64   1060.47   1035.37   1005.65    971.65    933.71    892.21    847.52    800.08    750.34    698.81    646.12
       0.00      0.00    611.48    663.37    714.05    763.08    810.00    854.35    895.71    933.70    967.93    998.10   1023.89   1045.08   1061.43   1072.79   1079.06   1080.21   1076.20   1067.07   1052.94   1033.94   1010.29    982.25    950.11    914.20    874.88    832.51    787.53    740.38    691.54    641.62
       0.00      0.00    606.03    654.12    701.11    746.56    790.06    831.18    869.54    904.76    936.52    964.50    988.45   1008.12   1023.33   1033.93   1039.79   1040.91   1037.27   1028.90   1015.90    998.41    976.62    950.74    921.06    887.87    851.51    812.33    770.69    727.04    681.82    635.62
       0.00      0.00    601.25    646.04    689.79    732.11    772.61    810.91    846.63    879.44    909.03    935.11    957.43    975.78    989.98    999.89   1005.41   1006.51   1003.18    995.46    983.43    967.24    947.03    923.03    895.49    864.68    830.91    794.50    755.84    715.28    673.25    630.32
       0.00      0.00    595.11    635.64    675.24    713.53    750.19    784.85    817.19    846.90    873.70    897.33    917.57    934.22    947.12    956.16    961.24    962.31    959.39    952.50    941.72    927.17    909.01    887.42    862.62    834.86    804.42    771.61    736.74    700.18    662.28    623.59
       0.00      0.00    601.25    646.04    689.79    732.11    772.61    810.90    846.63    879.44    909.02    935.10    957.42    975.77    989.97    999.88   1005.40   1006.50   1003.17    995.45    983.42    967.22    947.02    923.02    895.47    864.66    830.89    794.49    755.82    715.26    673.23    630.29
       0.00      0.00    606.02    654.12    701.11    746.56    790.05    831.18    869.53    904.75    936.51    964.49    988.44   1008.11   1023.32   1033.91   1039.77   1040.89   1037.25   1028.88   1015.88    998.38    976.58    950.71    921.02    887.83    851.47    812.28    770.65    727.00    681.77    635.57
       0.00      0.00    611.48    663.36    714.05    763.08    809.99    854.34    895.71    933.69    967.92    998.09   1023.88   1045.06   1061.42   1072.78   1079.04   1080.19   1076.17   1067.05   1052.91   1033.92   1010.27    982.22    950.08    914.18    874.85    832.48    787.50    740.34    691.50    641.57
       0.00      0.00    615.58    670.30    723.76    775.47    824.95    871.72    915.35    955.39    991.49   1023.28   1050.47   1072.78   1090.00   1101.93   1108.50   1109.66   1105.36   1095.65   1080.62   1060.45   1035.36   1005.64    971.64    933.70    892.20    847.51    800.06    750.31    698.77    646.08
       0.00      0.00    618.99    676.08    731.85    785.80    837.41    886.21    931.71    973.48   1011.13   1044.28   1072.63   1095.88   1113.81   1126.22   1133.05   1134.21   1129.65   1119.42   1103.57   1082.29   1055.94   1024.85    989.34    949.74    906.44    859.87    810.43    758.57    704.81    649.83
       0.00      0.00    621.03    679.54    736.70    791.99    844.89    894.90    941.53    984.33   1022.91   1056.88   1085.92   1109.74   1128.10   1140.79   1147.78   1148.93   1144.22   1133.61   1117.16   1095.26   1068.23   1036.34    999.93    959.33    914.95    867.22    816.59    763.49    708.42    652.07
       0.00      0.00    622.40    681.85    739.94    796.12    849.88    900.69    948.07    991.57   1030.76   1065.28   1094.78   1118.98   1137.61   1150.50   1157.59   1158.74   1153.89   1142.97   1126.17   1103.88   1076.40   1043.99   1006.98    965.71    920.61    872.10    820.66    766.73    710.79    653.54
       0.00      0.00    621.03    679.54    736.70    791.99    844.89    894.90    941.53    984.33   1022.91   1056.88   1085.92   1109.74   1128.10   1140.79   1147.78   1148.93   1144.21   1133.61   1117.16   1095.26   1068.23   1036.34    999.93    959.33    914.95    867.22    816.59    763.49    708.42    652.07
       0.00      0.00    618.99    676.08    731.85    785.79    837.41    886.21    931.71    973.48   1011.12   1044.28   1072.63   1095.88   1113.81   1126.22   1133.05   1134.21   1129.65   1119.42   1103.57   1082.29   1055.94   1024.85    989.34    949.74    906.44    859.87    810.43    758.57    704.81    649.82
       0.00      0.00    615.58    670.30    723.76    775.47    824.95    871.72    915.34    955.39    991.49   1023.28   1050.47   1072.78   1090.00   1101.93   1108.50   1109.66   1105.36   1095.65   1080.63   1060.45   1035.36   1005.64    971.64    933.70    892.20    847.51    800.06    750.32    698.78    646.08
       0.00      0.00    611.48    663.36    714.05    763.08    809.99    854.34    895.71    933.69    967.92    998.09   1023.88   1045.06   1061.42   1072.77   1079.04   1080.18   1076.17   1067.04   1052.91   1033.91   1010.26    982.21    950.08    914.17    874.85    832.48    787.49    740.34    691.49    641.56
       0.00      0.00    606.02    654.12    701.11    746.56    790.05    831.18    869.53    904.75    936.51    964.49    988.44   1008.11   1023.32   1033.91   1039.77   1040.89   1037.25   1028.87   1015.87    998.38    976.58    950.71    921.02    887.83    851.47    812.28    770.65    726.99    681.77    635.56
       0.00      0.00    601.25    646.04    689.79    732.11    772.61    810.90    846.63    879.44    909.02    935.10    957.42    975.77    989.97    999.88   1005.40   1006.50   1003.17    995.45    983.42    967.22    947.02    923.02    895.47    864.66    830.89    794.48    755.82    715.26    673.22    630.29
       0.00      0.00    595.11    635.64    675.24    713.53    750.19    784.85    817.19    846.90    873.70    897.33    917.57    934.22    947.12    956.16    961.24    962.31    959.39    952.50    941.72    927.18    909.01    887.42    862.62    834.86    804.43    771.61    736.75    700.18    662.28    623.60
       0.00      0.00    601.25    646.04    689.79    732.11    772.61    810.91    846.63    879.44    909.03    935.11    957.43    975.78    989.98    999.90   1005.42   1006.51   1003.18    995.46    983.44    967.24    947.04    923.04    895.49    864.68    830.91    794.51    755.84    715.28    673.25    630.32
       0.00      0.00    606.03    654.12    701.11    746.56    790.06    831.18    869.54    904.76    936.52    964.51    988.45   1008.12   1023.34   1033.93   1039.79   1040.92   1037.27   1028.91   1015.91    998.42    976.62    950.75    921.07    887.88    851.52    812.33    770.70    727.05    681.83    635.63
       0.00      0.00    611.48    663.37    714.05    763.08    810.00    854.35    895.71    933.70    967.93    998.10   1023.89   1045.08   1061.44   1072.79   1079.06   1080.21   1076.20   1067.07   1052.94   1033.94   1010.30    982.25    950.11    914.21    874.89    832.52    787.53    740.38    691.54    641.62
       0.00      0.00    615.58    670.30    723.76    775.47    824.95    871.73    915.35    955.40    991.50   1023.29   1050.48   1072.80   1090.01   1101.94   1108.52   1109.68   1105.38   1095.67   1080.65   1060.47   1035.37   1005.65    971.65    933.71    892.22    847.53    800.08    750.35    698.81    646.12
       0.00      0.00    618.99    676.08    731.85    785.80    837.42    886.21    931.71    973.48   1011.13   1044.29   1072.63   1095.89   1113.82   1126.23   1133.06   1134.22   1129.67   1119.43   1103.58   1082.29   1055.95   1024.86    989.34    949.74    906.45    859.87    810.44    758.59    704.83    649.85
       0.00      0.00    621.03    679.54    736.70    791.99    844.89    894.90    941.53    984.33   1022.91   1056.88   1085.92   1109.74   1128.10   1140.79   1147.78   1148.93   1144.21   1133.60   1117.16   1095.25   1068.23   1036.34    999.93    959.33    914.95    867.21    816.59    763.49    708.41    652.06
       0.00      0.00    621.03    679.54    736.70    791.99    844.89    894.90    941.53    984.33   1022.91   1056.88   1085.92   1109.74   1128.10   1140.79   1147.78   1148.93   1144.22   1133.61   1117.16   1095.26   1068.23   1036.34    999.93    959.33    914.95    867.22    816.59    763.49    708.42    652.07
       0.00      0.00    618.99    676.08    731.85    785.80    837.42    886.21    931.71    973.48   1011.13   1044.29   1072.63   1095.89   1113.82   1126.23   1133.06   1134.22   1129.67   1119.43   1103.58   1082.29   1055.95   1024.86    989.34    949.74    906.45    859.87    810.44    758.58    704.83    649.85
       0.00      0.00    615.58    670.30    723.76    775.47    824.95    871.73    915.35    955.40    991.50   1023.29   1050.48   1072.80   1090.01   1101.94   1108.52   1109.67   1105.38   1095.67   1080.65   1060.47   1035.37   1005.65    971.65    933.71    892.21    847.53    800.08    750.34    698.81    646.12
       0.00      0.00    611.48    663.37    714.06    763.08    810.00    854.35    895.71    933.70    967.93    998.10   1023.89   1045.08   1061.44   1072.79   1079.06   1080.21   1076.19   1067.07   1052.94   1033.94   1010.29    982.25    950.11    914.20    874.88    832.51    787.53    740.38    691.54    641.62
       0.00      0.00    606.03    654.12    701.11    746.56    790.06    831.18    869.54    904.76    936.52    964.51    988.45   1008.12   1023.34   1033.93   1039.79   1040.92   1037.27   1028.91   1015.91    998.42    976.62    950.75    921.07    887.88    851.52    812.33    770.70    727.05    681.82    635.63
       0.00      0.00    601.25    646.04    689.79    732.11    772.61    810.91    846.63    879.44    909.03    935.11    957.43    975.78    989.98    999.89   1005.41   1006.51   1003.18    995.46    983.43    967.24    947.03    923.03    895.49    864.68    830.91    794.50    755.84    715.28    673.25    630.32
       0.00      0.00    595.11    635.64    675.24    713.53    750.19    784.85    817.19    846.90    873.70    897.33    917.57    934.22    947.12    956.16    961.24    962.31    959.39    952.50    941.72    927.18    909.01    887.42    862.62    834.86    804.42    771.61    736.75    700.18    662.28    623.60
       0.00      0.00    595.11    635.64    675.24    713.53    750.19    784.85    817.19    846.90    873.70    897.33    917.57    934.22    947.12    956.16    961.24    962.31    959.39    952.50    941.72    927.18    909.01    887.42    862.62    834.86    804.42    771.61    736.75    700.18    662.28    623.60
       0.00      0.00    601.25    646.04    689.79    732.11    772.61    810.91    846.63    879.44    909.03    935.11    957.43    975.78    989.98    999.90   1005.42   1006.51   1003.19    995.47    983.44    967.24    947.04    923.04    895.50    864.69    830.92    794.52    755.85    715.29    673.26    630.33
       0.00      0.00    606.03    654.12    701.11    746.56    790.06    831.18    869.54    904.76    936.52    964.51    988.45   1008.13   1023.34   1033.93   1039.79   1040.92   1037.28   1028.91   1015.91    998.42    976.63    950.75    921.07    887.88    851.52    812.33    770.70    727.05    681.83    635.63
       0.00      0.00    611.48    663.37    714.06    763.08    810.00    854.35    895.72    933.70    967.93    998.10   1023.90   1045.08   1061.44   1072.80   1079.06   1080.21   1076.20   1067.07   1052.94   1033.95   1010.30    982.25    950.11    914.21    874.89    832.52    787.53    740.39    691.54    641.63
       0.00      0.00    615.58    670.30    723.76    775.47    824.95    871.73    915.35    955.40    991.50   1023.29   1050.48   1072.80   1090.01   1101.94   1108.52   1109.68   1105.38   1095.67   1080.65   1060.47   1035.37   1005.65    971.65    933.72    892.22    847.53    800.08    750.35    698.81    646.12
       0.00      0.00    618.99    676.08    731.85    785.80    837.41    886.21    931.71    973.48   1011.13   1044.28   1072.63   1095.88   1113.81   1126.22   1133.05   1134.20   1129.65   1119.42   1103.57   1082.29   1055.94   1024.85    989.34    949.74    906.44    859.87    810.43    758.57    704.81    649.82
       0.00      0.00    618.99    676.08    731.85    785.80    837.41    886.21    931.71    973.48   1011.13   1044.29   1072.63   1095.89   1113.82   1126.23   1133.06   1134.22   1129.67   1119.43   1103.58   1082.29   1055.95   1024.86    989.34    949.74    906.45    859.87    810.44    758.59    704.83    649.85
       0.00      0.00    618.99    676.08    731.85    785.80    837.41    886.21    931.71    973.48   1011.13   1044.28   1072.63   1095.88   1113.81   1126.22   1133.05   1134.21   1129.65   1119.42   1103.57   1082.29   1055.94   1024.85    989.34    949.74    906.44    859.87    810.43    758.57    704.81    649.82
       0.00      0.00    615.58    670.30    723.76    775.47    824.95    871.73    915.35    955.40    991.50   1023.29   1050.48   1072.80   1090.01   1101.94   1108.52   1109.68   1105.38   1095.67   1080.65   1060.47   1035.37   1005.65    971.65    933.71    892.21    847.52    800.08    750.34    698.81    646.12
       0.00      0.00    611.48    663.37    714.06    763.08    810.00    854.35    895.71    933.70    967.93    998.10   1023.90   1045.08   1061.44   1072.80   1079.06   1080.21   1076.20   1067.08   1052.94   1033.95   1010.30    982.25    950.11    914.21    874.89    832.52    787.54    740.39    691.54    641.63
       0.00      0.00    606.03    654.13    701.12    746.56    790.06    831.18    869.54    904.76    936.52    964.51    988.45   1008.13   1023.34   1033.93   1039.79   1040.92   1037.27   1028.90   1015.91    998.42    976.62    950.75    921.07    887.88    851.52    812.33    770.70    727.05    681.82    635.62
       0.00      0.00    601.25    646.04    689.79    732.11    772.61    810.91    846.63    879.44    909.03    935.11    957.43    975.78    989.98    999.90   1005.42   1006.51   1003.18    995.46    983.44    967.24    947.04    923.04    895.50    864.68    830.91    794.51    755.85    715.29    673.26    630.33
       0.00      0.00    595.11    635.64    675.24    713.53    750.19    784.85    817.19    846.90    873.70    897.33    917.57    934.22    947.12    956.16    961.24    962.31    959.39    952.50    941.72    927.17    909.01    887.42    862.62    834.86    804.42    771.61    736.74    700.18    662.28    623.59
       0.00      0.00    595.11    635.64    675.24    713.53    750.19    784.85    817.19    846.90    873.70    897.33    917.57    934.22    947.12    956.16    961.25    962.31    959.39    952.50    941.72    927.18    909.01    887.42    862.62    834.86    804.42    771.61    736.75    700.18    662.28    623.60
       0.00      0.00    601.25    646.04    689.79    732.11    772.61    810.91    846.63    879.44    909.03    935.11    957.43    975.78    989.98    999.90   1005.42   1006.51   1003.18    995.46    983.44    967.24    947.04    923.04    895.50    864.68    830.91    794.51    755.84    715.29    673.25    630.32
       0.00      0.00    606.03    654.13    701.12    746.56    790.06    831.18    869.54    904.76    936.52    964.51    988.45   1008.13   1023.34   1033.93   1039.79   1040.92   1037.28   1028.91   1015.91    998.42    976.63    950.75    921.07    887.88    851.52    812.34    770.71    727.05    681.83    635.63
       0.00      0.00    611.48    663.37    714.05    763.08    810.00    854.35    895.71    933.70    967.93    998.10   1023.89   1045.08   1061.44   1072.79   1079.06   1080.21   1076.20   1067.07   1052.94   1033.95   1010.30    982.25    950.11    914.21    874.89    832.52    787.54    740.39    691.54    641.63
       0.00      0.00    615.58    670.30    723.76    775.47    824.95    871.72    915.35    955.39    991.49   1023.28   1050.47   1072.78   1090.00   1101.93   1108.50   1109.66   1105.36   1095.65   1080.63   1060.45   1035.36   1005.64    971.64    933.70    892.20    847.51    800.06    750.32    698.78    646.08
       0.00      0.00    615.58    670.30    723.76    775.47    824.95    871.73    915.35    955.40    991.50   1023.29   1050.48   1072.80   1090.01   1101.94   1108.52   1109.68   1105.38   1095.67   1080.65   1060.47   1035.37   1005.65    971.65    933.72    892.22    847.53    800.09    750.35    698.82    646.13
       0.00      0.00    615.58    670.30    723.76    775.47    824.95    871.73    915.35    955.40    991.50   1023.29   1050.48   1072.80   1090.01   1101.94   1108.52   1109.68   1105.38   1095.67   1080.65   1060.47   1035.37   1005.65    971.65    933.71    892.21    847.53    800.08    750.34    698.81    646.13
       0.00      0.00    615.58    670.30    723.76    775.47    824.95    871.72    915.35    955.39    991.49   1023.28   1050.47   1072.78   1090.00   1101.93   1108.50   1109.66   1105.36   1095.65   1080.62   1060.45   1035.36   1005.64    971.64    933.70    892.20    847.51    800.06    750.31    698.77    646.08
       0.00      0.00    611.48    663.37    714.05    763.08    810.00    854.35    895.71    933.70    967.93    998.10   1023.89   1045.08   1061.44   1072.79   1079.06   1080.21   1076.20   1067.07   1052.94   1033.94   1010.30    982.25    950.11    914.20    874.88    832.51    787.53    740.38    691.54    641.62
       0.00      0.00    606.03    654.12    701.12    746.56    790.06    831.18    869.54    904.76    936.52    964.51    988.45   1008.13   1023.34   1033.93   1039.79   1040.92   1037.27   1028.91   1015.91    998.42    976.62    950.75    921.07    887.88    851.52    812.33    770.70    727.05    681.82    635.63
       0.00      0.00    601.25    646.04    689.79    732.11    772.61    810.91    846.63    879.44    909.03    935.11    957.43    975.78    989.98    999.90   1005.42   1006.51   1003.18    995.46    983.44    967.24    947.04    923.04    895.49    864.68    830.91    794.51    755.84    715.29    673.25    630.32
       0.00      0.00    595.12    635.64    675.24    713.53    750.19    784.85    817.19    846.90    873.70    897.33    917.57    934.22    947.12    956.16    961.24    962.31    959.39    952.50    941.72    927.17    909.01    887.42    862.62    834.86    804.42    771.61    736.74    700.18    662.28    623.59
       0.00      0.00    595.11    635.64    675.24    713.53    750.19    784.85    817.19    846.90    873.70    897.33    917.57    934.22    947.13    956.17    961.25    962.32    959.39    952.50    941.73    927.18    909.02    887.42    862.62    834.86    804.43    771.61    736.75    700.18    662.29    623.60
       0.00      0.00    601.25    646.04    689.79    732.11    772.61    810.91    846.63    879.44    909.03    935.11    957.43    975.78    989.98    999.90   1005.42   1006.51   1003.18    995.46    983.44    967.24    947.04    923.04    895.49    864.68    830.91    794.51    755.84    715.28    673.25    630.32
       0.00      0.00    606.03    654.12    701.11    746.56    790.06    831.18    869.54    904.76    936.52    964.51    988.45   1008.12   1023.34   1033.93   1039.79   1040.92   1037.27   1028.91   1015.91    998.42    976.62    950.75    921.07    887.88    851.52    812.33    770.70    727.05    681.83    635.63
       0.00      0.00    611.48    663.36    714.05    763.08    809.99    854.34    895.71    933.69    967.92    998.09   1023.88   1045.06   1061.42   1072.78   1079.04   1080.19   1076.17   1067.05   1052.91   1033.91   1010.27    982.22    950.08    914.17    874.85    832.48    787.49    740.34    691.49    641.57
       0.00      0.00    611.48    663.37    714.05    763.08    810.00    854.35    895.71    933.70    967.93    998.10   1023.89   1045.08   1061.44   1072.79   1079.06   1080.21   1076.20   1067.08   1052.94   1033.95   1010.30    982.25    950.12    914.21    874.89    832.52    787.54    740.39    691.54    641.63
       0.00      0.00    611.48    663.37    714.06    763.08    810.00    854.35    895.72    933.70    967.93    998.10   1023.90   1045.08   1061.44   1072.79   1079.06   1080.21   1076.20   1067.07   1052.94   1033.94   1010.30    982.25    950.11    914.21    874.89    832.51    787.53    740.38    691.54    641.62
       0.00      0.00    611.48    663.37    714.05    763.08    810.00    854.35    895.71    933.70    967.93    998.10   1023.89   1045.08   1061.44   1072.79   1079.06   1080.21   1076.20   1067.07   1052.94   1033.95   1010.30    982.25    950.11    914.20    874.89    832.51    787.53    740.38    691.54    641.62
       0.00      0.00    611.48    663.36    714.05    763.08    809.99    854.34    895.71    933.69    967.92    998.09   1023.88   1045.06   1061.42   1072.78   1079.04   1080.19   1076.17   1067.05   1052.91   1033.92   1010.27    982.22    950.08    914.18    874.86    832.48    787.50    740.34    691.50    641.57
       0.00      0.00    606.03    654.12    701.11    746.56    790.06    831.18    869.54    904.76    936.52    964.51    988.45   1008.12   1023.33   1033.93   1039.79   1040.91   1037.27   1028.90   1015.90    998.41    976.62    950.74    921.06    887.87    851.51    812.32    770.69    727.04    681.82    635.62
       0.00      0.00    601.25    646.04    689.79    732.11    772.61    810.91    846.63    879.44    909.03    935.11    957.43    975.78    989.98    999.90   1005.42   1006.51   1003.19    995.47    983.44    967.24    947.04    923.04    895.50    864.69    830.92    794.52    755.85    715.29    673.26    630.33
       0.00      0.00    595.12    635.64    675.24    713.53    750.19    784.85    817.19    846.90    873.70    897.33    917.57    934.22    947.12    956.16    961.25    962.31    959.39    952.50    941.72    927.18    909.01    887.42    862.62    834.86    804.42    771.61    736.75    700.18    662.28    623.60
       0.00      0.00    595.11    635.64    675.24    713.53    750.19    784.85    817.19    846.90    873.70    897.33    917.57    934.22    947.12    956.16    961.24    962.31    959.39    952.50    941.72    927.18    909.01    887.42    862.62    834.86    804.42    771.61    736.75    700.18    662.28    623.60
       0.00      0.00    601.25    646.04    689.79    732.11    772.61    810.91    846.63    879.44    909.03    935.11    957.43    975.78    989.98    999.90   1005.42   1006.51   1003.18    995.46    983.44    967.24    947.04    923.04    895.50    864.68    830.91    794.51    755.84    715.29    673.25    630.32
       0.00      0.00    606.02    654.12    701.11    746.56    790.05    831.18    869.53    904.76    936.51    964.50    988.44   1008.11   1023.32   1033.91   1039.77   1040.89   1037.25   1028.87   1015.87    998.38    976.58    950.71    921.02    887.83    851.47    812.28    770.65    727.00    681.77    635.56
       0.00      0.00    606.03    654.12    701.11    746.56    790.06    831.18    869.54    904.76    936.52    964.51    988.45   1008.12   1023.34   1033.93   1039.79   1040.92   1037.27   1028.91   1015.91    998.42    976.62    950.75    921.07    887.88    851.52    812.33    770.70    727.05    681.82    635.63
       0.00      0.00    606.03    654.12    701.12    746.56    790.06    831.18    869.54    904.76    936.52    964.51    988.45   1008.13   1023.34   1033.93   1039.79   1040.92   1037.27   1028.91   1015.91    998.42    976.62    950.75    921.07    887.88    851.52    812.33    770.70    727.05    681.82    635.63
       0.00      0.00    606.03    654.13    701.12    746.56    790.06    831.18    869.54    904.76    936.52    964.51    988.45   1008.13   1023.34   1033.93   1039.79   1040.92   1037.27   1028.91   1015.91    998.42    976.63    950.75    921.07    887.88    851.52    812.34    770.70    727.05    681.83    635.63
       0.00      0.00    606.03    654.12    701.11    746.56    790.06    831.18    869.54    904.76    936.52    964.51    988.45   1008.12   1023.34   1033.93   1039.79   1040.92   1037.27   1028.91   1015.91    998.42    976.62    950.75    921.07    887.88    851.52    812.33    770.70    727.05    681.82    635.62
       0.00      0.00    606.02    654.12    701.11    746.56    790.05    831.18    869.53    904.75    936.51    964.49    988.44   1008.11   1023.32   1033.91   1039.77   1040.89   1037.25   1028.88   1015.87    998.38    976.58    950.71    921.02    887.83    851.47    812.28    770.65    726.99    681.77    635.56
       0.00      0.00    601.25    646.04    689.79    732.11    772.61    810.91    846.63    879.44    909.03    935.11    957.43    975.78    989.98    999.89   1005.41   1006.51   1003.18    995.46    983.44    967.24    947.04    923.04    895.49    864.68    830.91    794.51    755.84    715.29    673.25    630.32
       0.00      0.00    595.12    635.64    675.24    713.53    750.19    784.85    817.19    846.90    873.70    897.33    917.57    934.22    947.12    956.16    961.24    962.31    959.39    952.50    941.72    927.17    909.01    887.41    862.61    834.85    804.42    771.60    736.74    700.17    662.27    623.59
       0.00      0.00    595.11    635.64    675.24    713.53    750.19    784.85    817.19    846.90    873.70    897.33    917.57    934.22    947.12    956.16    961.24    962.31    959.39    952.50    941.72    927.17    909.01    887.42    862.62    834.86    804.42    771.61    736.75    700.18    662.28    623.60
       0.00      0.00    601.25    646.04    689.79    732.11    772.61    810.90    846.63    879.44    909.02    935.10    957.42    975.77    989.97    999.89   1005.41   1006.50   1003.17    995.45    983.42    967.22    947.02    923.02    895.47    864.66    830.89    794.49    755.82    715.26    673.23    630.30
       0.00      0.00    601.25    646.04    689.79    732.11    772.61    810.91    846.63    879.44    909.03    935.11    957.43    975.78    989.98    999.90   1005.42   1006.51   1003.18    995.46    983.44    967.24    947.04    923.04    895.50    864.68    830.91    794.51    755.84    715.29    673.25    630.32
       0.00      0.00    601.25    646.04    689.79    732.11    772.61    810.91    846.63    879.44    909.03    935.11    957.43    975.78    989.98    999.90   1005.42   1006.51   1003.18    995.46    983.44    967.24    947.04    923.04    895.50    864.68    830.91    794.51    755.85    715.29    673.26    630.33
       0.00      0.00    601.25    646.04    689.79    732.11    772.61    810.91    846.63    879.44    909.03    935.11    957.43    975.78    989.98    999.90   1005.42   1006.51   1003.19    995.47    983.44    967.24    947.04    923.04    895.50    864.69    830.91    794.51    755.85    715.29    673.26    630.33
       0.00      0.00    601.25    646.04    689.79    732.11    772.61    810.91    846.63    879.44    909.03    935.11    957.43    975.78    989.98    999.90   1005.42   1006.51   1003.19    995.46    983.44    967.24    947.04    923.04    895.50    864.68    830.91    794.51    755.85    715.29    673.25    630.32
       0.00      0.00    601.25    646.04    689.79    732.11    772.61    810.91    846.63    879.44    909.03    935.11    957.43    975.78    989.98    999.90   1005.42   1006.51   1003.18    995.46    983.44    967.24    947.04    923.04    895.50    864.68    830.91    794.51    755.84    715.29    673.25    630.32
       0.00      0.00    601.25    646.04    689.79    732.11    772.61    810.90    846.63    879.44    909.02    935.10    957.42    975.77    989.97    999.88   1005.40   1006.50   1003.17    995.45    983.42    967.22    947.02    923.02    895.47    864.66    830.88    794.48    755.81    715.26    673.22    630.29
       0.00      0.00    595.11    635.64    675.24    713.53    750.19    784.85    817.19    846.90    873.70    897.33    917.57    934.22    947.12    956.16    961.24    962.31    959.39    952.50    941.72    927.18    909.01    887.42    862.62    834.86    804.42    771.61    736.74    700.18    662.28    623.60
       0.00      0.00    595.11    635.64    675.24    713.53    750.19    784.85    817.19    846.90    873.70    897.33    917.57    934.22    947.12    956.16    961.24    962.31    959.39    952.50    941.72    927.17    909.01    887.42    862.62    834.86    804.42    771.61    736.75    700.18    662.28    623.60
       0.00      0.00    595.11    635.64    675.24    713.53    750.19    784.85    817.19    846.90    873.70    897.33    917.57    934.22    947.12    956.16    961.25    962.31    959.39    952.50    941.72    927.18    909.01    887.42    862.62    834.86    804.42    771.61    736.74    700.18    662.28    623.59
       0.00      0.00    595.12    635.64    675.24    713.53    750.19    784.85    817.19    846.90    873.70    897.33    917.57    934.22    947.12    956.16    961.24    962.31    959.39    952.50    941.72    927.17    909.01    887.42    862.62    834.86    804.42    771.61    736.74    700.18    662.28    623.59
       0.00      0.00    595.12    635.64    675.24    713.53    750.19    784.85    817.19    846.90    873.70    897.33    917.57    934.22    947.12    956.16    961.24    962.31    959.39    952.50    941.72    927.17    909.01    887.42    862.62    834.86    804.42    771.61    736.74    700.18    662.28    623.59
       0.00      0.00    595.11    635.64    675.24    713.53    750.19    784.85    817.19    846.90    873.70    897.33    917.57    934.22    947.12    956.16    961.24    962.31    959.39    952.50    941.72    927.18    909.01    887.42    862.62    834.86    804.42    771.61    736.75    700.18    662.28    623.60
       0.00      0.00    595.11    635.64    675.24    713.53    750.19    784.85    817.19    846.90    873.70    897.33    917.57    934.22    947.12    956.16    961.24    962.31    959.39    952.50    941.72    927.17    909.01    887.42    862.62    834.86    804.42    771.61    736.75    700.18    662.28    623.59
