    -0.602500    1.460985    4.321670    4.325909    4.334374    4.344142    4.355330    4.366968    4.378950    4.391358    4.404213    4.417570    4.431475    4.445944    4.461049    4.476758    4.493156    4.510531    4.531593    4.555393    4.579434    4.603337    4.627068    4.650392    4.673220    4.695313    4.716562    4.736763    4.755796    4.773518    4.789766    4.805002
     4.812556   -0.361500    1.460985    4.323110    4.327305    4.335738    4.345434    4.356507    4.368018    4.379848    4.392091    4.404748    4.417889    4.431545    4.445753    4.460567    4.475990    4.492081    4.509152    4.529881    4.553378    4.577101    4.600725    4.624179    4.647282    4.669913    4.691879    4.713052    4.733256    4.752371    4.770247    4.786721
     4.802172    4.809806   -0.120500    1.460985    4.324188    4.328399    4.336798    4.346463    4.357486    4.368928    4.380660    4.392790    4.405320    4.418335    4.431869    4.445970    4.460694    4.476047    4.492089    4.509150    4.529893    4.553401    4.577143    4.600802    4.624308    4.647471    4.670177    4.692224    4.713494    4.733798    4.753028    4.771017
     4.787600    4.803133    4.810851    0.120500    1.460985    4.323081    4.327293    4.335709    4.345401    4.356467    4.367972    4.379782    4.392004    4.404639    4.417779    4.431457    4.445728    4.460646    4.476213    4.492493    4.509799    4.530809    4.554563    4.578563    4.602439    4.626170    4.649498    4.672381    4.694533    4.715922    4.736269    4.755558
     4.773529    4.790099    4.805529    4.813185    0.361500    1.460985    4.321391    4.325653    4.333963    4.343702    4.354779    4.366421    4.378314    4.390731    4.403500    4.416865    4.430698    4.445188    4.460246    4.475989    4.492365    4.509773    4.530813    4.554594    4.578568    4.602394    4.626049    4.649276    4.672069    4.694113    4.715452    4.735730
     4.755046    4.773018    4.789729    4.805312    4.813202    0.602500    1.460985    4.323507    4.327771    4.336181    4.345968    4.357110    4.368770    4.380696    4.393110    4.405885    4.419221    4.433019    4.447427    4.462379    4.477957    4.494128    4.511263    4.531989    4.555428    4.579030    4.602450    4.625663    4.648432    4.670737    4.692296    4.713122
     4.732909    4.751705    4.769201    4.785428    4.800615    4.808265   -0.964000    1.252273    4.319652    4.323950    4.332522    4.342480    4.353876    4.365746    4.377951    4.390577    4.403644    4.417197    4.431300    4.445948    4.461237    4.477104    4.493668    4.511172    4.532363    4.556251    4.580385    4.604340    4.628130    4.651473    4.674330    4.696413
     4.717662    4.737821    4.756816    4.774462    4.790650    4.805823    4.813361   -0.723000    1.252273    4.318958    4.323220    4.331916    4.342039    4.353601    4.365687    4.378171    4.391169    4.404659    4.418723    4.433359    4.448601    4.464449    4.480867    4.497678    4.517545    4.541196    4.566139    4.591279    4.616340    4.641196    4.665602    4.689443
     4.712477    4.734595    4.755574    4.775320    4.793670    4.810466    4.826055    4.833892   -0.482000    1.252273    4.320523    4.324838    4.333529    4.343691    4.355285    4.367404    4.379901    4.392889    4.406350    4.420348    4.434911    4.450041    4.465789    4.482092    4.498815    4.518665    4.542293    4.567090    4.592099    4.617009    4.641751    4.666031
     4.689791    4.712733    4.734812    4.755743    4.775512    4.793908    4.810826    4.826613    4.834801   -0.241000    1.252273    4.322671    4.326971    4.335561    4.345554    4.356865    4.368654    4.380714    4.393277    4.406225    4.419788    4.433851    4.448612    4.463953    4.480019    4.496488    4.516226    4.539710    4.564505    4.589483    4.614469    4.639278
     4.663696    4.687596    4.710710    4.732983    4.754114    4.774128    4.792765    4.809973    4.826000    4.834359    0.000000    1.252273    4.321649    4.325958    4.334490    4.344512    4.355867    4.367776    4.379967    4.392716    4.405862    4.419651    4.433963    4.448976    4.464597    4.480914    4.497661    4.517650    4.541409    4.566362    4.591531    4.616601
     4.641535    4.665969    4.689943    4.713030    4.735352    4.756448    4.776522    4.795146    4.812442    4.828514    4.837029    0.241000    1.252273    4.322919    4.327230    4.335752    4.345754    4.357101    4.369004    4.381184    4.393912    4.407008    4.420737    4.434945    4.449849    4.465302    4.481455    4.497970    4.517725    4.541179    4.565864    4.590681
     4.615441    4.639986    4.664093    4.687680    4.710476    4.732475    4.753368    4.773238    4.791797    4.809045    4.825173    4.833692    0.482000    1.252273    4.322224    4.326496    4.335106    4.345201    4.356706    4.368773    4.381187    4.394129    4.407497    4.421441    4.435894    4.450949    4.466556    4.482741    4.499273    4.518942    4.542316    4.566844
     4.591513    4.616062    4.640389    4.664239    4.687557    4.710068    4.731760    4.752350    4.771872    4.790092    4.806949    4.822694    4.830836    0.723000    1.252273    4.323773    4.328096    4.336793    4.346948    4.358545    4.370660    4.383140    4.396095    4.409496    4.423427    4.437893    4.452920    4.468516    4.484628    4.501094    4.520575    4.543808
     4.568241    4.592844    4.617275    4.641493    4.665172    4.688324    4.710607    4.732078    4.752385    4.771632    4.789497    4.806049    4.821489    4.829538    0.964000    1.252273    4.321766    4.326017    4.334507    4.344346    4.355602    4.367357    4.379443    4.391983    4.404942    4.418414    4.432401    4.446950    4.462092    4.477821    4.494187    4.511508
     4.532466    4.556118    4.579957    4.603618    4.627079    4.650103    4.672640    4.694435    4.715444    4.735418    4.754330    4.771956    4.788233    4.803485    4.811112   -1.084500    1.043561    4.321178    4.325381    4.333813    4.343524    4.354569    4.366046    4.377793    4.389976    4.402550    4.415670    4.429305    4.443583    4.458482    4.474087    4.490377
     4.507733    4.528751    4.552603    4.576678    4.600698    4.624534    4.648033    4.671034    4.693351    4.714834    4.735299    4.754627    4.772653    4.789246    4.804787    4.812522   -0.843500    1.043561    4.319581    4.323851    4.332460    4.342515    4.353927    4.365871    4.378134    4.390950    4.404200    4.418090    4.432515    4.447628    4.463334    4.479722
     4.496506    4.516507    4.540257    4.565271    4.590457    4.615603    4.640545    4.665062    4.689023    4.712180    4.734442    4.755558    4.775487    4.794045    4.811138    4.827123    4.835445   -0.602500    1.043561    4.317359    4.321696    4.330590    4.341016    4.352835    4.365211    4.377984    4.391351    4.405223    4.419756    4.434867    4.450655    4.467023
     4.483956    4.502185    4.524458    4.549895    4.575891    4.602070    4.628173    4.654035    4.679393    4.704123    4.727947    4.750777    4.772337    4.792522    4.810764    4.828846    4.848187    4.857631   -0.361500    1.043561    4.319807    4.324172    4.332966    4.343276    4.354924    4.367107    4.379628    4.392732    4.406299    4.420542    4.435351    4.450875
     4.467012    4.483799    4.502022    4.524453    4.549942    4.575895    4.602055    4.628127    4.654012    4.679370    4.704167    4.728027    4.750989    4.772686    4.793158    4.811653    4.830691    4.850807    4.860706   -0.120500    1.043561    4.318820    4.323173    4.332015    4.342413    4.354148    4.366455    4.379107    4.392362    4.406079    4.420473    4.435427
     4.451086    4.467355    4.484258    4.502583    4.525093    4.550610    4.576531    4.602616    4.628576    4.654312    4.679502    4.704101    4.727772    4.750532    4.772070    4.792372    4.810752    4.829664    4.849685    4.859435    0.120500    1.043561    4.322373    4.326798    4.335650    4.346053    4.357829    4.370119    4.382733    4.395858    4.409410    4.423555
     4.438235    4.453559    4.469474    4.485987    4.503916    4.526018    4.551116    4.576622    4.602291    4.627858    4.653208    4.678052    4.702325    4.725725    4.748257    4.769640    4.789858    4.808243    4.827248    4.847445    4.857388    0.361500    1.043561    4.323878    4.328259    4.337209    4.347646    4.359508    4.371852    4.384585    4.397793    4.411481
     4.425704    4.440490    4.455836    4.471774    4.488205    4.506039    4.527940    4.552860    4.578116    4.603536    4.628775    4.653791    4.678235    4.702098    4.725042    4.747097    4.767966    4.787647    4.805468    4.823981    4.843727    4.853377    0.602500    1.043561    4.321391    4.325700    4.334589    4.345004    4.356816    4.369188    4.381944    4.395275
     4.409075    4.423500    4.438454    4.454033    4.470137    4.486737    4.504574    4.526380    4.551314    4.576725    4.602281    4.627682    4.652830    4.677419    4.701405    4.724467    4.746604    4.767488    4.787112    4.804836    4.822612    4.841681    4.851025    0.843500    1.043561    4.323111    4.327409    4.336092    4.346169    4.357619    4.369529    4.381749
     4.394440    4.407534    4.421198    4.435354    4.450153    4.465490    4.481488    4.497829    4.517379    4.540627    4.565172    4.589839    4.614498    4.638916    4.662953    4.686428    4.709162    4.731041    4.751861    4.771589    4.790045    4.807134    4.823130    4.831441    1.084500    1.043561    4.319559    4.323844    4.332297    4.342190    4.353496    4.365353
     4.377529    4.390206    4.403294    4.416936    4.431087    4.445831    4.461170    4.477116    4.493705    4.511240    4.532400    4.556228    4.580230    4.604016    4.627587    4.650682    4.673276    4.695098    4.716130    4.736121    4.755064    4.772737    4.789087    4.804451    4.812180   -1.205000    0.834848    4.320459    4.324744    4.333162    4.342989    4.354186
     4.365889    4.377862    4.390297    4.403116    4.416473    4.430347    4.444832    4.459949    4.475717    4.492190    4.509660    4.530821    4.554708    4.578846    4.602829    4.626670    4.650079    4.673040    4.695236    4.716655    4.736996    4.756260    4.774189    4.790742    4.806236    4.814022   -0.964000    0.834848    4.321420    4.325743    4.334459    4.344590
     4.356117    4.368113    4.380453    4.393259    4.406525    4.420345    4.434745    4.449764    4.465440    4.481743    4.498512    4.518453    4.542179    4.567075    4.592186    4.617187    4.642023    4.666366    4.690182    4.713135    4.735211    4.756098    4.775807    4.794139    4.810982    4.826729    4.834912   -0.723000    0.834848    4.318242    4.322632    4.331561
     4.342057    4.354004    4.366507    4.379438    4.392912    4.406904    4.421475    4.436641    4.452394    4.468771    4.485661    4.503999    4.526429    4.551898    4.577730    4.603763    4.629655    4.655358    4.680526    4.705128    4.728824    4.751611    4.773184    4.793503    4.811879    4.830867    4.850935    4.860614   -0.482000    0.834848    4.317752    4.322120
     4.331157    4.341791    4.353761    4.366330    4.379280    4.392892    4.406994    4.421827    4.437223    4.453353    4.470037    4.487210    4.507623    4.532333    4.558833    4.585746    4.612817    4.639786    4.666484    4.692615    4.718057    4.742471    4.765783    4.787307    4.808683    4.831219    4.853069    4.874248    4.884616   -0.241000    0.834848    4.319567
     4.324064    4.333363    4.344293    4.356709    4.369623    4.383008    4.396875    4.411296    4.426231    4.441792    4.457870    4.474591    4.491623    4.512122    4.536794    4.563080    4.589581    4.616258    4.642722    4.668936    4.694531    4.719459    4.743384    4.766299    4.787453    4.809233    4.832182    4.854289    4.875766    4.886245    0.000000    0.834848
     4.319330    4.323747    4.332752    4.343393    4.355363    4.367920    4.380817    4.394347    4.408320    4.423002    4.438215    4.454165    4.470680    4.487732    4.508148    4.532933    4.559253    4.585929    4.612709    4.639396    4.665776    4.691626    4.716778    4.740998    4.764225    4.785750    4.807893    4.831209    4.853662    4.875442    4.886142    0.241000
     0.834848    4.320225    4.324715    4.333913    4.344786    4.357096    4.369978    4.383271    4.397123    4.411465    4.426397    4.441889    4.457965    4.474619    4.491637    4.512052    4.536678    4.562899    4.589343    4.615945    4.642317    4.668433    4.693880    4.718664    4.742366    4.765068    4.785907    4.807469    4.830111    4.851964    4.873201    4.883655
     0.482000    0.834848    4.321947    4.326383    4.335530    4.346272    4.358412    4.371068    4.384103    4.397683    4.411722    4.426376    4.441545    4.457348    4.473643    4.490350    4.510227    4.534355    4.560207    4.586449    4.612776    4.639001    4.664885    4.690224    4.714824    4.738452    4.760968    4.781816    4.802480    4.824494    4.845986    4.867085
     4.877591    0.723000    0.834848    4.319491    4.323865    4.332821    4.343329    4.355278    4.367756    4.380643    4.394042    4.407940    4.422396    4.437430    4.453037    4.469249    4.485965    4.504095    4.526307    4.551542    4.577142    4.602911    4.628531    4.653923    4.678777    4.703028    4.726385    4.748810    4.770064    4.790073    4.808223    4.826979
     4.846945    4.856632    0.964000    0.834848    4.320455    4.324736    4.333439    4.343553    4.355087    4.367116    4.379524    4.392432    4.405818    4.419780    4.434307    4.449457    4.465221    4.481600    4.498386    4.518336    4.542011    4.566849    4.591833    4.616706    4.641353    4.665527    4.689140    4.711943    4.733881    4.754715    4.774431    4.792847
     4.809819    4.825694    4.833901    1.205000    0.834848    4.319367    4.323627    4.332170    4.342080    4.353424    4.365272    4.377471    4.390119    4.403202    4.416783    4.430889    4.445540    4.460795    4.476624    4.493102    4.510506    4.531528    4.555236    4.579118    4.602826    4.626318    4.649398    4.671974    4.693852    4.714928    4.735028    4.754043
     4.771824    4.788197    4.803565    4.811154   -1.325500    0.626136    4.322474    4.326734    4.335131    4.344856    4.355944    4.367479    4.379280    4.391504    4.404101    4.417226    4.430855    4.445113    4.459993    4.475574    4.491851    4.509204    4.530240    4.554083    4.578165    4.602177    4.626036    4.649536    4.672571    4.694891    4.716418    4.736891
     4.756276    4.774331    4.791007    4.806606    4.814484   -1.084500    0.626136    4.318782    4.323054    4.331679    4.341800    4.353327    4.365427    4.377874    4.390860    4.404276    4.418287    4.432827    4.448015    4.463803    4.480247    4.497102    4.517166    4.540962    4.565959    4.591121    4.616217    4.641113    4.665564    4.689471    4.712572    4.734810
     4.755934    4.775950    4.794668    4.811989    4.828227    4.836717   -0.843500    0.626136    4.320921    4.325288    4.334137    4.344490    4.356241    4.368503    4.381132    4.394282    4.407897    4.422111    4.436885    4.452307    4.468340    4.484977    4.503056    4.525317    4.550581    4.576263    4.602122    4.627904    4.653482    4.678582    4.703110    4.726779
     4.749548    4.771161    4.791553    4.810079    4.829232    4.849510    4.859318   -0.602500    0.626136    4.316735    4.321240    4.330375    4.341251    4.353575    4.366528    4.379904    4.393887    4.408369    4.423487    4.439177    4.455502    4.472418    4.489750    4.510497    4.535500    4.562080    4.588922    4.615921    4.642725    4.669272    4.695175    4.720420
     4.744595    4.767783    4.789141    4.811074    4.834106    4.856416    4.878067    4.888842   -0.361500    0.626136    4.315430    4.319934    4.329085    4.340046    4.352345    4.365330    4.378681    4.392778    4.407343    4.422715    4.438629    4.455333    4.472546    4.490845    4.513403    4.540052    4.567552    4.595389    4.623337    4.651089    4.678510    4.705216
     4.731139    4.755845    4.778933    4.802823    4.828561    4.854104    4.877968    4.900134    4.911201   -0.120500    0.626136    4.318422    4.322940    4.332309    4.343358    4.355824    4.368820    4.382244    4.396217    4.410708    4.425802    4.441493    4.457810    4.474733    4.492691    4.515064    4.541409    4.568576    4.596025    4.623638    4.651065    4.678201
     4.704657    4.730349    4.754923    4.777850    4.802231    4.828565    4.854371    4.878188    4.900306    4.911157    0.120500    0.626136    4.319214    4.323723    4.333098    4.344120    4.356566    4.369525    4.382932    4.396883    4.411387    4.426488    4.442230    4.458577    4.475572    4.493567    4.516025    4.542386    4.569606    4.597031    4.624642    4.651984
     4.679039    4.705340    4.730869    4.755228    4.777924    4.802049    4.828080    4.853577    4.877048    4.898840    4.909439    0.361500    0.626136    4.318380    4.322879    4.332280    4.343389    4.355938    4.369047    4.382596    4.396715    4.411347    4.426583    4.442382    4.458768    4.475670    4.493473    4.515533    4.541572    4.568466    4.595628    4.622887
     4.649942    4.676634    4.702656    4.727837    4.751894    4.774245    4.797559    4.822662    4.847801    4.871199    4.893121    4.903868    0.602500    0.626136    4.319221    4.323662    4.332853    4.343629    4.355796    4.368470    4.381527    4.395125    4.409201    4.423892    4.439140    4.455031    4.471502    4.488432    4.508721    4.533341    4.559561    4.586124
     4.612817    4.639414    4.665713    4.691477    4.716523    4.740616    4.763647    4.784958    4.806782    4.829812    4.851980    4.873498    4.883925    0.843500    0.626136    4.319534    4.323865    4.332767    4.343153    4.354923    4.367196    4.379852    4.393041    4.406722    4.421011    4.435889    4.451416    4.467581    4.484349    4.502569    4.524956    4.550372
     4.576194    4.602194    4.628084    4.653749    4.678898    4.703439    4.727098    4.749820    4.771382    4.791680    4.810104    4.829065    4.849156    4.858826    1.084500    0.626136    4.318392    4.322715    4.331343    4.341481    4.352978    4.365037    4.377400    4.390325    4.403656    4.417633    4.432118    4.447310    4.463076    4.479552    4.496411    4.516490
     4.540272    4.565308    4.590468    4.615580    4.640455    4.664897    4.688770    4.711847    4.734053    4.755139    4.775089    4.793688    4.810813    4.826805    4.835132    1.325500    0.626136    4.318613    4.322877    4.331347    4.341219    4.352500    4.364323    4.376486    4.389153    4.402265    4.415935    4.430162    4.444988    4.460465    4.476553    4.493341
     4.511068    4.532471    4.556521    4.580789    4.604813    4.628655    4.651983    4.674831    4.696861    4.718103    4.738244    4.757299    4.774995    4.791282    4.806500    4.814094   -1.446000    0.417424    4.321094    4.325375    4.333861    4.343731    4.355041    4.366840    4.378980    4.391539    4.404541    4.418018    4.432065    4.446645    4.461909    4.477741
     4.494328    4.511862    4.533157    4.557094    4.581329    4.605344    4.629251    4.652656    4.675617    4.697742    4.719058    4.739232    4.758277    4.775951    4.792196    4.807397    4.814981   -1.205000    0.417424    4.319372    4.323621    4.332195    4.342221    4.353624    4.365589    4.377889    4.390730    4.404006    4.417890    4.432320    4.447409    4.463122
     4.479498    4.496313    4.516352    4.540161    4.565177    4.590388    4.615540    4.640507    4.665037    4.689017    4.712198    4.734489    4.755671    4.775694    4.794426    4.811683    4.827832    4.836130   -0.964000    0.417424    4.318364    4.322760    4.331609    4.342049    4.353857    4.366236    4.378959    4.392267    4.406036    4.420463    4.435469    4.451166
     4.467506    4.484473    4.502918    4.525543    4.551229    4.577304    4.603607    4.629771    4.655771    4.681197    4.706068    4.729958    4.752938    4.774625    4.795050    4.813469    4.832544    4.852673    4.862433   -0.723000    0.417424    4.318148    4.322605    4.331761    4.342538    4.354681    4.367364    4.380407    4.394023    4.408093    4.422818    4.438080
     4.454045    4.470584    4.487655    4.508106    4.532949    4.559352    4.586153    4.613084    4.639970    4.666575    4.692684    4.718110    4.742604    4.766096    4.787842    4.810277    4.833825    4.856475    4.878367    4.889126   -0.482000    0.417424    4.319397    4.323924    4.333289    4.344294    4.356661    4.369516    4.382755    4.396544    4.410833    4.425762
     4.441288    4.457492    4.474304    4.492189    4.514487    4.540801    4.567930    4.595367    4.622942    4.650348    4.677427    4.703844    4.729463    4.753994    4.776867    4.801182    4.827428    4.853257    4.877114    4.899334    4.910277   -0.241000    0.417424    4.315813    4.320372    4.329807    4.341005    4.353555    4.366698    4.380234    4.394424    4.409111
     4.424524    4.440516    4.457240    4.474485    4.493742    4.517688    4.545104    4.573095    4.601399    4.629806    4.657999    4.685794    4.712806    4.738878    4.763383    4.788317    4.815706    4.844437    4.871555    4.895957    4.918419    4.929451    0.000000    0.417424    4.317598    4.322144    4.331648    4.342824    4.355365    4.368409    4.381849    4.395851
     4.410341    4.425478    4.441183    4.457581    4.474520    4.493487    4.517191    4.544325    4.571978    4.599989    4.628077    4.656040    4.683576    4.710444    4.736355    4.760868    4.786039    4.814023    4.843086    4.870513    4.895081    4.917771    4.928783    0.241000    0.417424    4.315661    4.320242    4.329706    4.340998    4.353665    4.366951    4.380631
     4.394970    4.409793    4.425325    4.441411    4.458195    4.475473    4.494705    4.518601    4.545938    4.573824    4.601977    4.630213    4.658200    4.685773    4.712541    4.738351    4.762577    4.787214    4.814303    4.842720    4.869558    4.893686    4.915970    4.926927    0.482000    0.417424    4.317409    4.321875    4.331190    4.342159    4.354485    4.367360
     4.380626    4.394502    4.408868    4.423919    4.439541    4.455875    4.472789    4.490798    4.513192    4.539634    4.566864    4.594421    4.622098    4.649627    4.676818    4.703363    4.729096    4.753740    4.776696    4.801089    4.827387    4.853215    4.877019    4.899127    4.909926    0.723000    0.417424    4.316962    4.321467    4.330762    4.341742    4.354214
     4.367233    4.380715    4.394711    4.409257    4.424344    4.440064    4.456329    4.473260    4.490531    4.511318    4.536297    4.562892    4.589692    4.616687    4.643449    4.669973    4.695836    4.721045    4.745204    4.768382    4.789759    4.811835    4.834998    4.857259    4.878846    4.889466    0.964000    0.417424    4.318253    4.322612    4.331418    4.341788
     4.353483    4.365754    4.378347    4.391553    4.405202    4.419547    4.434443    4.450072    4.466314    4.483228    4.501568    4.524119    4.549703    4.575721    4.601917    4.628007    4.653880    4.679225    4.703973    4.727816    4.750733    4.772455    4.792902    4.811417    4.830400    4.850462    4.860146    1.205000    0.417424    4.320122    4.324470    4.333210
     4.343439    4.355120    4.367326    4.379928    4.393004    4.406573    4.420654    4.435331    4.450549    4.466433    4.482847    4.499729    4.519703    4.543467    4.568312    4.593372    4.618260    4.642978    4.667176    4.690857    4.713699    4.735707    4.756594    4.776362    4.794803    4.811768    4.827626    4.835841    1.446000    0.417424    4.316433    4.320706
     4.329045    4.338843    4.349959    4.361668    4.373625    4.386162    4.399069    4.412642    4.426714    4.441518    4.456930    4.473105    4.489954    4.507887    4.529474    4.553866    4.578460    4.602948    4.627235    4.651116    4.674497    4.697133    4.718962    4.739725    4.759388    4.777684    4.794547    4.810255    4.818134   -1.566500    0.208712    4.322360
     4.326590    4.335035    4.344778    4.355888    4.367440    4.379283    4.391536    4.404189    4.417334    4.431006    4.445253    4.460140    4.475662    4.491903    4.509164    4.530155    4.553932    4.577995    4.601970    4.625819    4.649297    4.672310    4.694607    4.716072    4.736488    4.755739    4.773663    4.790106    4.805497    4.813125   -1.325500    0.208712
     4.320584    4.324848    4.333376    4.343362    4.354651    4.366466    4.378533    4.391135    4.404099    4.417700    4.431781    4.446579    4.461933    4.478031    4.494515    4.514283    4.537803    4.562717    4.587801    4.612978    4.637945    4.662618    4.686710    4.710117    4.732581    4.754001    4.774170    4.793045    4.810344    4.826502    4.834741   -1.084500
     0.208712    4.321145    4.325487    4.334414    4.344765    4.356504    4.368684    4.381244    4.394264    4.407781    4.421849    4.436525    4.451816    4.467778    4.484322    4.502374    4.524608    4.549981    4.575819    4.601942    4.628007    4.653945    4.679397    4.704307    4.728315    4.751393    4.773222    4.793735    4.812244    4.831328    4.851444    4.861097
    -0.843500    0.208712    4.319534    4.323988    4.333117    4.343822    4.355882    4.368432    4.381345    4.394794    4.408731    4.423301    4.438472    4.454322    4.470822    4.487818    4.508303    4.533152    4.559672    4.586569    4.613694    4.640727    4.667542    4.693792    4.719379    4.743946    4.767472    4.789166    4.811439    4.834782    4.857201    4.878877
     4.889493   -0.602500    0.208712    4.318266    4.322756    4.332084    4.343083    4.355438    4.368337    4.381626    4.395501    4.409872    4.424899    4.440520    4.456819    4.473733    4.491717    4.514137    4.540560    4.567838    4.595410    4.623172    4.650741    4.678042    4.704644    4.730498    4.755202    4.778268    4.802765    4.829226    4.855115    4.879030
     4.901201    4.912139   -0.361500    0.208712    4.318113    4.322624    4.332128    4.343291    4.355813    4.368834    4.382255    4.396239    4.410717    4.425839    4.441533    4.457912    4.474834    4.493784    4.517478    4.544586    4.572222    4.600208    4.628283    4.656223    4.683750    4.710599    4.736502    4.760990    4.786145    4.814096    4.843126    4.870502
     4.895031    4.917641    4.928635   -0.120500    0.208712    4.317207    4.321804    4.331410    4.342779    4.355563    4.368885    4.382654    4.396997    4.411878    4.427388    4.443514    4.460277    4.477582    4.497576    4.522423    4.550071    4.578275    4.606705    4.635234    4.663472    4.691268    4.718198    4.744148    4.768221    4.795241    4.825549    4.855249
     4.882826    4.907485    4.930129    4.941304    0.120500    0.208712    4.316747    4.321309    4.330855    4.342138    4.354757    4.367927    4.381479    4.395655    4.410306    4.425657    4.441552    4.458179    4.475282    4.495137    4.519781    4.547374    4.575453    4.603876    4.632340    4.660628    4.688428    4.715467    4.741488    4.765725    4.792811    4.823258
     4.853126    4.880920    4.905756    4.928558    4.939711    0.361500    0.208712    4.316557    4.321200    4.330837    4.342253    4.355147    4.368593    4.382513    4.396974    4.411989    4.427571    4.443785    4.460564    4.477941    4.497230    4.521327    4.548647    4.576566    4.604642    4.632867    4.660752    4.688273    4.714909    4.740637    4.764743    4.789602
     4.817087    4.845658    4.872505    4.896604    4.918861    4.929823    0.602500    0.208712    4.316549    4.321065    4.330371    4.341383    4.353744    4.366680    4.379980    4.393912    4.408306    4.423411    4.439061    4.455458    4.472415    4.490511    4.512976    4.539531    4.566863    4.594564    4.622381    4.650081    4.677444    4.704179    4.730110    4.754953
     4.778126    4.802719    4.829255    4.855296    4.879344    4.901665    4.912630    0.843500    0.208712    4.317146    4.321619    4.330743    4.341536    4.353709    4.366473    4.379605    4.393341    4.407541    4.422406    4.437818    4.453918    4.470597    4.487768    4.508322    4.533217    4.559699    4.586539    4.613524    4.640418    4.667044    4.693135    4.718553
     4.743010    4.766463    4.788176    4.810411    4.833777    4.856332    4.878153    4.888886    1.084500    0.208712    4.319903    4.324293    4.333203    4.343624    4.355452    4.367782    4.380493    4.393721    4.407440    4.421757    4.436666    4.452216    4.468405    4.485181    4.503424    4.525834    4.551318    4.577234    4.603376    4.629417    4.655278    4.680610
     4.705378    4.729220    4.752151    4.773828    4.794240    4.812659    4.831543    4.851464    4.861183    1.325500    0.208712    4.319575    4.323872    4.332418    4.342438    4.353799    4.365705    4.377911    4.390682    4.403884    4.417755    4.432185    4.447352    4.463159    4.479698    4.496694    4.516964    4.541047    4.566380    4.591943    4.617428    4.642748
     4.667567    4.691866    4.715280    4.737857    4.759212    4.779454    4.798229    4.815571    4.831643    4.840086    1.566500    0.208712    4.317667    4.321931    4.330410    4.340276    4.351543    4.363342    4.375462    4.388067    4.401096    4.414678    4.428802    4.443543    4.458927    4.474972    4.491729    4.509511    4.531005    4.555265    4.579786    4.604179
     4.628427    4.652252    4.675615    4.698205    4.719999    4.740683    4.760255    4.778417    4.795135    4.810672    4.818404   -1.446000    0.000000    4.323993    4.328270    4.336913    4.346955    4.358391    4.370280    4.382498    4.395147    4.408235    4.421833    4.435995    4.450728    4.466105    4.482046    4.498459    4.517967    4.541383    4.566107    4.591167
     4.616156    4.641075    4.665519    4.689503    4.712612    4.734871    4.755886    4.775701    4.794003    4.810770    4.826256    4.834143   -1.205000    0.000000    4.319028    4.323398    4.332229    4.342634    4.354420    4.366770    4.379469    4.392737    4.406472    4.420852    4.435812    4.451447    4.467703    4.484520    4.502729    4.524990    4.550507    4.576567
     4.602918    4.629157    4.655246    4.680764    4.705717    4.729667    4.752656    4.774258    4.794498    4.812671    4.830806    4.850125    4.859618   -0.964000    0.000000    4.316690    4.321070    4.330147    4.340873    4.352984    4.365704    4.378823    4.392576    4.406820    4.421753    4.437252    4.453443    4.470191    4.487390    4.507844    4.532572    4.559092
     4.586024    4.613113    4.640108    4.666808    4.692957    4.718373    4.742791    4.766059    4.787603    4.808943    4.831541    4.853456    4.874861    4.885361   -0.723000    0.000000    4.318806    4.323339    4.332698    4.343751    4.356180    4.369144    4.382490    4.396402    4.410794    4.425822    4.441411    4.457651    4.474431    4.492196    4.514258    4.540376
     4.567413    4.594798    4.622347    4.649746    4.676843    4.703293    4.728953    4.753478    4.776350    4.800119    4.825666    4.851145    4.874844    4.896922    4.907774   -0.482000    0.000000    4.317712    4.322302    4.331802    4.343061    4.355707    4.368906    4.382507    4.396704    4.411396    4.426749    4.442672    4.459266    4.476375    4.495454    4.519225
     4.546429    4.574218    4.602304    4.630511    4.658501    4.686112    4.712942    4.738841    4.763154    4.787980    4.815284    4.843893    4.870880    4.895160    4.917520    4.928540   -0.241000    0.000000    4.316532    4.321152    4.330841    4.342335    4.355288    4.368805    4.382802    4.397374    4.412495    4.428221    4.444557    4.461488    4.478953    4.499072
     4.524042    4.551758    4.580032    4.608480    4.637027    4.665223    4.692977    4.719796    4.745626    4.769494    4.796358    4.826465    4.855942    4.883283    4.907755    4.930252    4.941351    0.000000    0.000000    4.314489    4.319130    4.328719    4.340194    4.353024    4.366501    4.380362    4.394920    4.409951    4.425733    4.442060    4.459138    4.476662
     4.497415    4.523005    4.551166    4.579856    4.608826    4.637852    4.666575    4.694803    4.722091    4.748138    4.773407    4.801708    4.833124    4.863550    4.891396    4.916325    4.939079    4.950358    0.241000    0.000000    4.317455    4.321969    4.331514    4.342729    4.355294    4.368383    4.381893    4.396008    4.410642    4.425958    4.441867    4.458485
     4.475627    4.495519    4.520246    4.547874    4.576030    4.604493    4.633023    4.661340    4.689184    4.716233    4.742269    4.766493    4.793553    4.823928    4.853698    4.881383    4.906102    4.928789    4.939842    0.482000    0.000000    4.314666    4.319244    4.328688    4.339974    4.352637    4.365944    4.379656    4.394054    4.408948    4.424570    4.440756
     4.457657    4.475058    4.494439    4.518487    4.545973    4.574002    4.602311    4.630695    4.658846    4.686579    4.713528    4.739524    4.763960    4.788785    4.816082    4.844729    4.871777    4.896115    4.918570    4.929663    0.723000    0.000000    4.318314    4.322806    4.332062    4.343041    4.355406    4.368368    4.381744    4.395744    4.410263    4.425449
     4.441244    4.457694    4.474737    4.492752    4.515132    4.541503    4.568834    4.596417    4.624208    4.651731    4.678991    4.705474    4.731197    4.755654    4.778455    4.802115    4.827589    4.852849    4.876349    4.898214    4.909024    0.964000    0.000000    4.318953    4.323375    4.332438    4.343129    4.355201    4.367837    4.380858    4.394472    4.408574
     4.423339    4.438680    4.454703    4.471308    4.488366    4.508734    4.533379    4.559842    4.586718    4.613793    4.640764    4.667491    4.693648    4.719135    4.743596    4.766974    4.788565    4.810079    4.832741    4.854713    4.876030    4.886566    1.205000    0.000000    4.318149    4.322475    4.331232    4.341551    4.353216    4.365478    4.378073    4.391288
     4.404949    4.419310    4.434219    4.449863    4.466084    4.482935    4.501098    4.523368    4.548829    4.574897    4.601178    4.627416    4.653440    4.678974    4.703905    4.727931    4.750985    4.772757    4.793176    4.811617    4.829953    4.849509    4.859129    1.446000    0.000000    4.320894    4.325178    4.333796    4.343836    4.355245    4.367152    4.379389
     4.392126    4.405314    4.419097    4.433454    4.448474    4.464143    4.480459    4.497239    4.517169    4.540972    4.566112    4.591537    4.616900    4.642136    4.666889    4.691142    4.714508    4.737014    4.758269    4.778340    4.796870    4.813879    4.829540    4.837577   -1.566500   -0.208712    4.321282    4.325522    4.333868    4.343559    4.354576    4.366068
     4.377793    4.389964    4.402486    4.415553    4.429110    4.443309    4.458125    4.473653    4.489894    4.507224    4.528285    4.552223    4.576463    4.600678    4.624777    4.648549    4.671860    4.694476    4.716265    4.737010    4.756591    4.774833    4.791589    4.807249    4.815028   -1.325500   -0.208712    4.319948    4.324228    4.332818    4.342882    4.354319
     4.366303    4.378602    4.391421    4.404658    4.418489    4.432855    4.447873    4.463512    4.479814    4.496564    4.516573    4.540411    4.565510    4.590869    4.616208    4.641409    4.666182    4.690435    4.713862    4.736403    4.757762    4.777926    4.796672    4.813901    4.829929    4.838210   -1.084500   -0.208712    4.320379    4.324727    4.333607    4.343972
     4.355740    4.368019    4.380681    4.393851    4.407511    4.421749    4.436587    4.452044    4.468165    4.484849    4.503051    4.525403    4.550899    4.576811    4.603024    4.629113    4.655091    4.680499    4.705384    4.729282    4.752280    4.773961    4.794365    4.812711    4.831695    4.851674    4.861269   -0.843500   -0.208712    4.318289    4.322744    4.331837
     4.342603    4.354742    4.367461    4.380548    4.394240    4.408404    4.423234    4.438627    4.454705    4.471387    4.488547    4.509138    4.534055    4.560601    4.587475    4.614537    4.641458    4.668134    4.694206    4.719600    4.743956    4.767273    4.788749    4.810887    4.834075    4.856298    4.877767    4.888246   -0.602500   -0.208712    4.316908    4.321421
     4.330688    4.341700    4.354075    4.367079    4.380463    4.394493    4.409000    4.424198    4.439966    4.456428    4.473484    4.491619    4.514173    4.540712    4.568089    4.595739    4.623572    4.651182    4.678517    4.705112    4.730953    4.755607    4.778636    4.803063    4.829457    4.855263    4.879101    4.901203    4.912104   -0.361500   -0.208712    4.316344
     4.320889    4.330302    4.341481    4.353985    4.367092    4.380566    4.394711    4.409320    4.424667    4.440557    4.457203    4.474365    4.493605    4.517570    4.544947    4.572833    4.601044    4.629328    4.657426    4.685099    4.712024    4.737993    4.762465    4.787656    4.815602    4.844613    4.871911    4.896394    4.918967    4.930002   -0.120500   -0.208712
     4.315619    4.320228    4.329751    4.341129    4.353899    4.367308    4.381132    4.395614    4.410597    4.426272    4.442524    4.459457    4.476901    4.497071    4.522079    4.549899    4.578267    4.606868    4.635565    4.663961    4.691912    4.718965    4.745029    4.769162    4.796236    4.826558    4.856263    4.883793    4.908425    4.931026    4.942219    0.120500
    -0.208712    4.316571    4.321183    4.330750    4.342100    4.354815    4.368098    4.381772    4.396067    4.410848    4.426313    4.442341    4.459074    4.476303    4.496283    4.521080    4.548765    4.576973    4.605484    4.634077    4.662445    4.690365    4.717465    4.743582    4.767836    4.795015    4.825482    4.855371    4.883112    4.907976    4.930804    4.942067
     0.361500   -0.208712    4.317463    4.322044    4.331533    4.342750    4.355351    4.368474    4.382013    4.396128    4.410770    4.426065    4.441990    4.458599    4.475826    4.495092    4.519198    4.546638    4.574708    4.603018    4.631509    4.659704    4.687567    4.714549    4.740647    4.765081    4.790386    4.818293    4.847243    4.874380    4.898778    4.921193
     4.932211    0.602500   -0.208712    4.318970    4.323441    4.332637    4.343464    4.355580    4.368218    4.381174    4.394736    4.408729    4.423434    4.438667    4.454673    4.471238    4.488991    4.511116    4.537409    4.564493    4.592041    4.619723    4.647394    4.674750    4.701581    4.727628    4.752679    4.776083    4.800929    4.827700    4.854018    4.878306
     4.900798    4.911836    0.843500   -0.208712    4.319760    4.324224    4.333302    4.343998    4.356062    4.368658    4.381620    4.395144    4.409143    4.423782    4.438995    4.454884    4.471393    4.488392    4.508839    4.533633    4.560065    4.586861    4.613857    4.640759    4.667433    4.693555    4.719021    4.743492    4.766948    4.788598    4.810860    4.834200
     4.856663    4.878408    4.889133    1.084500   -0.208712    4.323064    4.327415    4.336188    4.346448    4.358066    4.370176    4.382630    4.395590    4.409015    4.423029    4.437630    4.452870    4.468772    4.485266    4.503279    4.525463    4.550795    4.576560    4.602627    4.628588    4.654443    4.679751    4.704539    4.728364    4.751285    4.772904    4.793253
     4.811584    4.830490    4.850494    4.860314    1.325500   -0.208712    4.323299    4.327531    4.336142    4.346051    4.357301    4.368946    4.380895    4.393267    4.406060    4.419396    4.433275    4.447805    4.462963    4.478825    4.495141    4.514749    4.538180    4.562990    4.588045    4.613190    4.638188    4.662882    4.687046    4.710508    4.733069    4.754550
     4.774810    4.793722    4.811069    4.827198    4.835398    1.566500   -0.208712    4.320384    4.324623    4.333027    4.342767    4.353864    4.365437    4.377291    4.389596    4.402302    4.415551    4.429338    4.443751    4.458823    4.474575    4.491065    4.508602    4.529883    4.553966    4.578351    4.602634    4.626796    4.650551    4.673843    4.696363    4.718054
     4.738629    4.758040    4.776053    4.792588    4.808005    4.815678   -1.446000   -0.417424    4.324004    4.328199    4.336652    4.346315    4.357361    4.368785    4.380524    4.392614    4.405128    4.418088    4.431607    4.445675    4.460426    4.475810    4.491963    4.509169    4.530165    4.553947    4.578065    4.602112    4.626085    4.649692    4.672877    4.695333
     4.716994    4.737574    4.757015    4.775074    4.791641    4.807045    4.814647   -1.205000   -0.417424    4.322075    4.326413    4.335018    4.345075    4.356486    4.368386    4.380547    4.393188    4.406185    4.419771    4.433833    4.448580    4.463897    4.479941    4.496392    4.516156    4.539686    4.564543    4.589601    4.614698    4.639621    4.664173    4.688191
     4.711444    4.733839    4.755128    4.775294    4.794123    4.811515    4.827779    4.836320   -0.964000   -0.417424    4.321119    4.325480    4.334267    4.344584    4.356237    4.368428    4.380929    4.393979    4.407437    4.421518    4.436110    4.451379    4.467224    4.483714    4.501607    4.523732    4.548873    4.574504    4.600322    4.626127    4.651733    4.676914
     4.701518    4.725310    4.748200    4.769980    4.790521    4.809221    4.828432    4.848797    4.858683   -0.723000   -0.417424    4.320130    4.324649    4.333895    4.344787    4.357126    4.369979    4.383238    4.396990    4.411220    4.425989    4.441317    4.457211    4.473709    4.490592    4.510899    4.535447    4.561587    4.587997    4.614574    4.640998    4.667166
     4.692764    4.717689    4.741657    4.764634    4.785923    4.807838    4.830950    4.853132    4.874678    4.885163   -0.482000   -0.417424    4.318138    4.322655    4.331930    4.342932    4.355310    4.368278    4.381633    4.395613    4.410065    4.425192    4.440870    4.457233    4.474159    4.492171    4.514570    4.540967    4.568165    4.595665    4.623316    4.650786
     4.677954    4.704431    4.730132    4.754696    4.777615    4.802013    4.828397    4.854227    4.878092    4.900237    4.911148   -0.241000   -0.417424    4.321267    4.325804    4.335263    4.346360    4.358812    4.371731    4.385025    4.398838    4.413109    4.427983    4.443391    4.459447    4.475993    4.494510    4.517696    4.544391    4.571656    4.599321    4.627115
     4.654832    4.682203    4.708950    4.734810    4.759243    4.784136    4.811601    4.840452    4.867740    4.892313    4.914971    4.926099    0.000000   -0.417424    4.319105    4.323725    4.333262    4.344550    4.357251    4.370462    4.384088    4.398247    4.412923    4.428192    4.444071    4.460562    4.477647    4.496706    4.520577    4.547732    4.575497    4.603486
     4.631643    4.659525    4.687070    4.713787    4.739615    4.763847    4.788916    4.816657    4.845426    4.872444    4.896684    4.919053    4.930096    0.241000   -0.417424    4.318286    4.322800    4.332216    4.343326    4.355769    4.368749    4.382109    4.396078    4.410529    4.425670    4.441372    4.457791    4.474721    4.493665    4.517292    4.544434    4.572141
     4.600219    4.628392    4.656429    4.684058    4.710991    4.736963    4.761459    4.786293    4.813644    4.842330    4.869464    4.893863    4.916421    4.927518    0.482000   -0.417424    4.319043    4.323492    4.332744    4.343574    4.355726    4.368366    4.381379    4.394958    4.409027    4.423759    4.439076    4.455115    4.471764    4.489558    4.511774    4.538108
     4.565262    4.592844    4.620576    4.648270    4.675645    4.702482    4.728513    4.753552    4.776913    4.801750    4.828482    4.854796    4.879042    4.901565    4.912581    0.723000   -0.417424    4.320446    4.324854    4.333916    4.344524    4.356467    4.368901    4.381704    4.395055    4.408909    4.423405    4.438529    4.454345    4.470860    4.487886    4.508452
     4.533362    4.559959    4.586881    4.614053    4.641076    4.667904    4.694107    4.719667    4.744165    4.767658    4.789299    4.811625    4.834982    4.857342    4.878940    4.889481    0.964000   -0.417424    4.323801    4.328141    4.336869    4.347035    4.358474    4.370367    4.382534    4.395197    4.408271    4.421953    4.436183    4.451107    4.466680    4.482939
     4.500703    4.522747    4.547904    4.573597    4.599570    4.625566    4.651445    4.676917    4.701867    4.725986    4.749211    4.771255    4.792022    4.810828    4.830174    4.850535    4.860366    1.205000   -0.417424    4.324615    4.328877    4.337462    4.347386    4.358659    4.370351    4.382358    4.394782    4.407649    4.421028    4.434997    4.449565    4.464836
     4.480742    4.497188    4.516880    4.540469    4.565267    4.590394    4.615471    4.640480    4.665044    4.689147    4.712415    4.734841    4.756086    4.776171    4.794859    4.812046    4.828062    4.836351    1.446000   -0.417424    4.324195    4.328384    4.336677    4.346181    4.356955    4.368096    4.379453    4.391196    4.403302    4.415934    4.429093    4.442914
     4.457411    4.472667    4.488701    4.505867    4.526805    4.550662    4.574850    4.599059    4.623173    4.647004    4.670382    4.693092    4.714955    4.735780    4.755393    4.773657    4.790360    4.805941    4.813612   -1.325500   -0.626136    4.321145    4.325420    4.333850    4.343665    4.354865    4.366562    4.378539    4.390963    4.403761    4.417076    4.430888
     4.445290    4.460303    4.475960    4.492307    4.509677    4.530745    4.554562    4.578627    4.602573    4.626373    4.649773    4.672714    4.694927    4.716361    4.736761    4.756083    4.774093    4.790702    4.806245    4.814061   -1.084500   -0.626136    4.321027    4.325270    4.333892    4.343942    4.355360    4.367306    4.379575    4.392364    4.405560    4.419343
     4.433626    4.448552    4.464047    4.480201    4.496743    4.516520    4.540034    4.564789    4.589721    4.614631    4.639357    4.663687    4.687501    4.710557    4.732797    4.753958    4.774031    4.792774    4.810046    4.826103    4.834357   -0.843500   -0.626136    4.321171    4.325540    4.334378    4.344798    4.356622    4.369007    4.381763    4.395057    4.408814
     4.423146    4.438045    4.453539    4.469668    4.486330    4.504504    4.526795    4.552155    4.577846    4.603795    4.629552    4.655171    4.680171    4.704646    4.728127    4.750765    4.772148    4.792365    4.810610    4.829659    4.849760    4.859522   -0.602500   -0.626136    4.321672    4.326109    4.335242    4.345945    4.358029    4.370616    4.383573    4.397059
     4.410997    4.425535    4.440600    4.456308    4.472579    4.489323    4.509446    4.533920    4.559992    4.586451    4.613075    4.639643    4.665962    4.691772    4.716914    4.741103    4.764283    4.785702    4.807777    4.830975    4.853307    4.874949    4.885573   -0.361500   -0.626136    4.317315    4.321852    4.331173    4.342286    4.354831    4.368006    4.381612
     4.395838    4.410584    4.425969    4.441948    4.458537    4.475698    4.493790    4.516230    4.542607    4.569929    4.597465    4.625200    4.652637    4.679801    4.706160    4.731745    4.756036    4.778649    4.802187    4.827562    4.852731    4.876179    4.898057    4.908911   -0.120500   -0.626136    4.319002    4.323445    4.332636    4.343460    4.355566    4.368210
     4.381176    4.394771    4.408798    4.423553    4.438833    4.454891    4.471499    4.489284    4.511435    4.537731    4.564801    4.592297    4.619902    4.647452    4.674646    4.701276    4.727068    4.751845    4.774917    4.799443    4.825840    4.851886    4.875883    4.898233    4.909107    0.120500   -0.626136    4.320552    4.325065    4.334330    4.345251    4.357519
     4.370297    4.383441    4.397134    4.411308    4.426107    4.441492    4.457537    4.474200    4.491949    4.514151    4.540360    4.567431    4.594821    4.622414    4.649850    4.677027    4.703544    4.729316    4.753978    4.777002    4.801487    4.827925    4.853828    4.877747    4.899962    4.910881    0.361500   -0.626136    4.317494    4.321981    4.331133    4.342033
     4.354258    4.367114    4.380330    4.394231    4.408618    4.423755    4.439483    4.455957    4.473021    4.491141    4.513630    4.540191    4.567716    4.595551    4.623593    4.651403    4.678940    4.705707    4.731688    4.756381    4.779362    4.803241    4.828895    4.854250    4.877774    4.899631    4.910412    0.602500   -0.626136    4.321200    4.325669    4.334704
     4.345337    4.357331    4.369818    4.382682    4.396072    4.409983    4.424503    4.439673    4.455494    4.472038    4.489043    4.509662    4.534592    4.561251    4.588226    4.615505    4.642607    4.669553    4.695835    4.721499    4.746041    4.769582    4.791197    4.813460    4.836684    4.858974    4.880474    4.891090    0.843500   -0.626136    4.320682    4.325043
     4.333741    4.343992    4.355535    4.367630    4.380031    4.393014    4.406446    4.420535    4.435204    4.450568    4.466598    4.483272    4.501464    4.523865    4.549356    4.575285    4.601465    4.627557    4.653488    4.678908    4.703761    4.727719    4.750759    4.772620    4.793219    4.811925    4.831116    4.851436    4.861351    1.084500   -0.626136    4.320004
     4.324295    4.332806    4.342804    4.354099    4.365976    4.378134    4.390880    4.404040    4.417862    4.432228    4.447299    4.463010    4.479415    4.496295    4.516374    4.540265    4.565365    4.590696    4.615924    4.640997    4.665567    4.689598    4.712747    4.734998    4.756055    4.775923    4.794429    4.811428    4.827321    4.835522    1.325500   -0.626136
     4.323083    4.327325    4.335697    4.345359    4.356367    4.367801    4.379516    4.391627    4.404152    4.417164    4.430741    4.444895    4.459750    4.475246    4.491529    4.508836    4.529924    4.553764    4.577920    4.601967    4.625908    4.649465    4.672565    4.694947    4.716502    4.737032    4.756402    4.774489    4.791084    4.806644    4.814345   -1.205000
    -0.834848    4.323876    4.328118    4.336559    4.346306    4.357440    4.369009    4.380870    4.393131    4.405773    4.418893    4.432504    4.446676    4.461444    4.476840    4.492905    4.509991    4.530751    4.554268    4.578010    4.601651    4.625128    4.648239    4.670890    4.692862    4.714079    4.734326    4.753534    4.771478    4.788020    4.803474    4.811191
    -0.964000   -0.834848    4.324427    4.328743    4.337458    4.347572    4.359088    4.371059    4.383371    4.396128    4.409322    4.423039    4.437296    4.452130    4.467575    4.483605    4.500054    4.519668    4.543046    4.567549    4.592242    4.616789    4.641149    4.664989    4.688303    4.710764    4.732409    4.752938    4.772417    4.790609    4.807425    4.823178
     4.831425   -0.723000   -0.834848    4.324014    4.328341    4.337242    4.347528    4.359179    4.371243    4.383649    4.396498    4.409777    4.423598    4.437934    4.452888    4.468401    4.484528    4.502028    4.523759    4.548510    4.573808    4.599266    4.624771    4.650050    4.674975    4.699304    4.722897    4.745580    4.767215    4.787632    4.806249    4.825433
     4.845759    4.855612   -0.482000   -0.834848    4.318096    4.322539    4.331627    4.342393    4.354549    4.367306    4.380443    4.394184    4.408403    4.423277    4.438717    4.454818    4.471499    4.488602    4.509032    4.533705    4.560214    4.587094    4.614202    4.641154    4.667889    4.693987    4.719429    4.743762    4.767017    4.788405    4.809828    4.832379
     4.854259    4.875508    4.885967   -0.241000   -0.834848    4.319706    4.324119    4.333186    4.343825    4.355815    4.368325    4.381192    4.394610    4.408496    4.423015    4.438107    4.453881    4.470279    4.487189    4.507544    4.532280    4.558667    4.585452    4.612431    4.639352    4.666026    4.692177    4.717637    4.742125    4.765548    4.787200    4.809432
     4.832806    4.855263    4.877011    4.887582    0.000000   -0.834848    4.321395    4.325838    4.334947    4.345638    4.357735    4.370333    4.383335    4.396855    4.410895    4.425523    4.440784    4.456666    4.473240    4.490238    4.510791    4.535606    4.562090    4.588819    4.615795    4.642548    4.669114    4.694990    4.720236    4.744354    4.767474    4.788672
     4.810608    4.833525    4.855490    4.876785    4.887285    0.241000   -0.834848    4.322241    4.326702    4.335834    4.346508    4.358567    4.371085    4.383975    4.397338    4.411185    4.425582    4.440568    4.456156    4.472382    4.489045    4.509182    4.533639    4.559758    4.586238    4.612932    4.639551    4.665941    4.691815    4.717011    4.741262    4.764458
     4.785924    4.807897    4.831031    4.853235    4.874812    4.885301    0.482000   -0.834848    4.323448    4.327815    4.336785    4.347231    4.358985    4.371182    4.383720    4.396766    4.410296    4.424442    4.439194    4.454622    4.470694    4.487252    4.507210    4.531505    4.557722    4.584424    4.611423    4.638386    4.665181    4.691446    4.717072    4.741679
     4.765186    4.786881    4.808467    4.831171    4.853109    4.874403    4.884811    0.723000   -0.834848    4.321278    4.325569    4.334239    4.344343    4.355666    4.367486    4.379561    4.392221    4.405293    4.419072    4.433390    4.448486    4.464195    4.480652    4.498533    4.520733    4.546033    4.571934    4.598059    4.624240    4.650233    4.675844    4.700860
     4.725073    4.748322    4.770420    4.791187    4.810045    4.829229    4.849475    4.859227    0.964000   -0.834848    4.324619    4.328871    4.337465    4.347343    4.358532    4.370110    4.382004    4.394328    4.407117    4.420448    4.434381    4.448943    4.464208    4.480140    4.496606    4.516330    4.539930    4.564780    4.589919    4.615030    4.640022    4.664588
     4.688644    4.711888    4.734259    4.755492    4.775555    4.794267    4.811460    4.827484    4.835747    1.205000   -0.834848    4.322728    4.326935    4.335205    4.344770    4.355621    4.366932    4.378491    4.390518    4.402941    4.415931    4.429466    4.443652    4.458514    4.474084    4.490415    4.507822    4.528988    4.552949    4.577213    4.601392    4.625467
     4.649165    4.672427    4.694960    4.716705    4.737381    4.756947    4.775149    4.791898    4.807497    4.815278   -1.084500   -1.043561    4.321531    4.325788    4.334207    4.344015    4.355215    4.366940    4.378962    4.391464    4.404352    4.417782    4.431701    4.446218    4.461318    4.477050    4.493427    4.510802    4.531827    4.555559    4.579487    4.603243
     4.626816    4.649940    4.672605    4.694511    4.715685    4.735814    4.754957    4.772786    4.789319    4.804766    4.812560   -0.843500   -1.043561    4.320170    4.324453    4.333038    4.343123    4.354563    4.366583    4.378904    4.391804    4.405089    4.419022    4.433420    4.448509    4.464107    4.480391    4.496982    4.516794    4.540274    4.565034    4.589881
     4.614707    4.639258    4.663416    4.686986    4.709820    4.731795    4.752731    4.772581    4.791164    4.808366    4.824488    4.832956   -0.602500   -1.043561    4.321070    4.325384    4.334231    4.344573    4.356309    4.368568    4.381206    4.394382    4.408041    4.422306    4.437145    4.452618    4.468693    4.485299    4.503254    4.525235    4.550432    4.576150
     4.602112    4.627947    4.653601    4.678689    4.703210    4.726760    4.749387    4.770692    4.790716    4.808746    4.826857    4.846181    4.855667   -0.361500   -1.043561    4.320298    4.324651    4.333447    4.343734    4.355345    4.367452    4.379875    4.392839    4.406248    4.420308    4.434933    4.450277    4.466253    4.482914    4.501038    4.523427    4.548896
     4.574884    4.601088    4.627263    4.653235    4.678736    4.703624    4.727620    4.750639    4.772441    4.792931    4.811508    4.830591    4.850790    4.860577   -0.120500   -1.043561    4.321931    4.326306    4.335237    4.345601    4.357355    4.369545    4.382104    4.395110    4.408601    4.422632    4.437263    4.452506    4.468419    4.484925    4.502938    4.525139
     4.550411    4.576114    4.602039    4.627890    4.653555    4.678733    4.703321    4.727033    4.749803    4.771406    4.791731    4.810203    4.829261    4.849507    4.859306    0.120500   -1.043561    4.320730    4.325057    4.333756    4.343981    4.355497    4.367551    4.379901    4.392825    4.406176    4.420191    4.434756    4.450041    4.465953    4.482543    4.500599
     4.522907    4.548271    4.574117    4.600175    4.626187    4.652010    4.677360    4.702125    4.726018    4.748980    4.770764    4.791276    4.809894    4.829103    4.849437    4.859233    0.361500   -1.043561    4.322033    4.326345    4.335074    4.345273    4.356784    4.368785    4.381113    4.393969    4.407301    4.421257    4.435819    4.451056    4.466974    4.483516
     4.501592    4.523878    4.549318    4.575227    4.601432    4.627560    4.653556    4.679027    4.703947    4.727924    4.750966    4.772720    4.793147    4.811524    4.830459    4.850443    4.860125    0.602500   -1.043561    4.324803    4.329103    4.337793    4.347877    4.359216    4.370964    4.382973    4.395466    4.408370    4.421899    4.435966    4.450749    4.466132
     4.482190    4.499615    4.521253    4.546167    4.571830    4.597792    4.623856    4.649791    4.675360    4.700393    4.724602    4.747893    4.769923    4.790625    4.809289    4.827836    4.847501    4.857211    0.843500   -1.043561    4.320121    4.324447    4.332948    4.342981    4.354323    4.366246    4.378460    4.391254    4.404495    4.418381    4.432853    4.447995
     4.463813    4.480271    4.497231    4.517385    4.541417    4.566607    4.592099    4.617447    4.642693    4.667382    4.691594    4.714870    4.737322    4.758510    4.778570    4.797136    4.814241    4.830089    4.838345    1.084500   -1.043561    4.324936    4.329153    4.337354    4.346829    4.357549    4.368711    4.380090    4.391938    4.404164    4.416976    4.430322
     4.444352    4.459055    4.474502    4.490714    4.508032    4.529115    4.553013    4.577218    4.601332    4.625337    4.648937    4.672095    4.694484    4.716087    4.736592    4.756010    4.774055    4.790701    4.806226    4.814023   -0.964000   -1.252273    4.323528    4.327783    4.336257    4.346065    4.357306    4.369018    4.381070    4.393546    4.406444    4.419824
     4.433718    4.448145    4.463163    4.478742    4.494960    4.512106    4.532888    4.556336    4.579969    4.603396    4.626622    4.649389    4.671675    4.693213    4.713985    4.733742    4.752469    4.769940    4.786087    4.801250    4.808833   -0.723000   -1.252273    4.321447    4.325739    4.334421    4.344543    4.356083    4.368136    4.380547    4.393464    4.406830
     4.420773    4.435244    4.450328    4.465966    4.482182    4.498731    4.518341    4.541675    4.566294    4.591053    4.615723    4.640153    4.664131    4.687549    4.710177    4.731946    4.752609    4.772141    4.790306    4.807038    4.822599    4.830568   -0.482000   -1.252273    4.320956    4.325211    4.333886    4.343928    4.355360    4.367254    4.379503    4.392231
     4.405427    4.419203    4.433548    4.448541    4.464157    4.480429    4.497118    4.517014    4.540671    4.565579    4.590654    4.615683    4.640490    4.664874    4.688678    4.711696    4.733797    4.754787    4.774572    4.793035    4.809985    4.825822    4.833910   -0.241000   -1.252273    4.321960    4.326211    4.334821    4.344803    4.356174    4.368006    4.380205
     4.392862    4.406015    4.419711    4.434036    4.448967    4.464611    4.480869    4.497650    4.517633    4.541467    4.566450    4.591703    4.616845    4.641865    4.666396    4.690434    4.713615    4.735938    4.757072    4.777035    4.795600    4.812648    4.828519    4.836695    0.000000   -1.252273    4.321039    4.325307    4.333821    4.343766    4.355048    4.366841
     4.378926    4.391531    4.404551    4.418197    4.432387    4.447284    4.462810    4.479067    4.495769    4.515765    4.539536    4.564582    4.589814    4.615040    4.640071    4.664699    4.688770    4.712050    4.734435    4.755688    4.775776    4.794536    4.811846    4.828069    4.836540    0.241000   -1.252273    4.323851    4.328038    4.336541    4.346303    4.357327
     4.368750    4.380444    4.392620    4.405215    4.418444    4.432230    4.446761    4.461938    4.477905    4.494339    4.514113    4.537684    4.562631    4.587775    4.612984    4.637993    4.662664    4.686757    4.710120    4.732556    4.753909    4.774038    4.792854    4.810116    4.826245    4.834524    0.482000   -1.252273    4.323030    4.327313    4.335865    4.345802
     4.357055    4.368753    4.380739    4.393192    4.406088    4.419562    4.433622    4.448338    4.463736    4.479808    4.496391    4.516238    4.539970    4.564963    4.590261    4.615517    4.640675    4.665372    4.689587    4.712943    4.735455    4.756750    4.776887    4.795562    4.812751    4.828715    4.836993    0.723000   -1.252273    4.321164    4.325421    4.333927
     4.343882    4.355130    4.366918    4.378994    4.391630    4.404709    4.418434    4.432737    4.447723    4.463363    4.479646    4.496403    4.516294    4.540079    4.565187    4.590597    4.615933    4.641153    4.665886    4.690120    4.713477    4.735969    4.757223    4.777269    4.795778    4.812721    4.828327    4.836280    0.964000   -1.252273    4.320953    4.325209
     4.333504    4.343198    4.354170    4.365671    4.377415    4.389694    4.402370    4.415666    4.429494    4.443996    4.459139    4.474974    4.491524    4.509119    4.530437    4.554515    4.578865    4.603070    4.627139    4.650758    4.673928    4.696303    4.717912    4.738406    4.757834    4.775853    4.792487    4.807955    4.815725   -0.602500   -1.460985    4.320060
     4.324321    4.332788    4.342616    4.353867    4.365623    4.377719    4.390285    4.403291    4.416840    4.430936    4.445632    4.460959    4.476906    4.493529    4.511124    4.532387    4.556344    4.580515    4.604492    4.628287    4.651614    4.674462    4.696518    4.717779    4.737928    4.756977    4.774642    4.790923    4.806137    4.813762   -0.361500   -1.460985
     4.319122    4.323364    4.331818    4.341629    4.352820    4.364503    4.376494    4.388956    4.401843    4.415286    4.429268    4.443870    4.459099    4.474981    4.491536    4.509078    4.530256    4.554184    4.578292    4.602269    4.626019    4.649383    4.672209    4.694339    4.715598    4.735859    4.754934    4.772755    4.789079    4.804419    4.811952   -0.120500
    -1.460985    4.321335    4.325569    4.333978    4.343674    4.354751    4.366253    4.378071    4.390299    4.402976    4.416169    4.429954    4.444348    4.459447    4.475211    4.491736    4.509296    4.530587    4.554625    4.578912    4.603078    4.627072    4.650671    4.673761    4.696128    4.717632    4.738102    4.757387    4.775386    4.791893    4.807379    4.815064
     0.120500   -1.460985    4.324418    4.328618    4.336977    4.346555    4.357497    4.368809    4.380428    4.392412    4.404840    4.417748    4.431247    4.445334    4.460137    4.475604    4.491861    4.509182    4.530287    4.554167    4.578354    4.602441    4.626419    4.650002    4.673137    4.695517    4.717094    4.737578    4.756938    4.774939    4.791518    4.807009
     4.814737    0.361500   -1.460985    4.321556    4.325811    4.334170    4.343890    4.354960    4.366511    4.378341    4.390605    4.403287    4.416474    4.430227    4.444557    4.459579    4.475230    4.491659    4.509108    4.530342    4.554325    4.578622    4.602802    4.626873    4.650545    4.673760    4.696242    4.717905    4.738514    4.757968    4.776086    4.792716
     4.808271    4.816027    0.602500   -1.460985    4.323030    4.327235    4.335516    4.345064    4.355861    4.367079    4.378516    4.390397    4.402668    4.415508    4.428905    4.442972    4.457729    4.473218    4.489490    4.506869    4.528041    4.552075    4.576445    4.600771    4.625002    4.648883    4.672323    4.695051    4.716972    4.737825    4.757512    4.775791
     4.792526    4.808064    4.815726
