  5225.3726 6299.1396
    -0.6025    1.4610 5204.1313 5216.4233 5229.9443 5244.7031 5260.7285 5278.0322 5295.4453 5314.0234 5333.9575 5355.3208 5378.2183 5402.7432 5429.0161 5457.1323 5487.2021 5519.2910 5553.4629 5589.7168 5628.0317 5668.2676 5709.6162 5748.6753 5787.8999 5827.6865 5867.7251 5907.6406 5947.0747 5985.6313 6022.8247 6060.5864
    -0.3615    1.4610 5204.1357 5216.4346 5229.9653 5244.7368 5260.7783 5278.1001 5295.5249 5314.1230 5334.0762 5355.4604 5378.3765 5402.9199 5429.2070 5457.3354 5487.4121 5519.5015 5553.6675 5589.9062 5628.1992 5668.4028 5709.6968 5748.7085 5787.8838 5827.6289 5867.6421 5907.5464 5947.0054 5985.6240 6022.9351 6060.9019
    -0.1205    1.4610 5204.4746 5217.1089 5230.9741 5246.0762 5262.4424 5279.9829 5297.6875 5316.6206 5336.9385 5358.7197 5382.0796 5407.1182 5433.9658 5462.7275 5493.5186 5526.4150 5561.4844 5598.7310 5638.1270 5679.4116 5720.9062 5760.6890 5801.0303 5841.9907 5883.2612 5924.4565 5965.2188 6005.1382 6043.7021 6082.9688
     0.1205    1.4610 5246.7871 5259.2271 5273.0156 5287.5684 5302.9790 5319.7690 5338.0093 5357.7744 5379.1694 5402.2969 5427.2891 5454.2617 5483.3555 5514.6787 5548.3496 5584.4312 5622.9785 5663.9565 5706.8506 5747.7393 5789.3574 5832.2124 5876.0229 5920.4292 5965.0801 6009.5430 6053.4302 6096.2949 6137.6050 6179.7446
     0.3615    1.4610 5246.9634 5259.5820 5273.5527 5288.2393 5303.8247 5320.7949 5339.2280 5359.2026 5380.8286 5404.2139 5429.4937 5456.7920 5486.2544 5517.9932 5552.1318 5588.7378 5627.8721 5669.4590 5712.5327 5753.8774 5796.1431 5839.6787 5884.2109 5929.3691 5974.8008 6020.0645 6064.7646 6108.4478 6150.5503 6193.5171
     0.6025    1.4610 5246.9653 5259.5874 5273.5630 5288.2534 5303.8447 5320.8218 5339.2622 5359.2456 5380.8818 5404.2783 5429.5718 5456.8872 5486.3677 5518.1299 5552.2944 5588.9312 5628.1021 5669.7300 5712.8242 5754.2065 5796.5249 5840.1216 5884.7236 5929.9653 5975.4883 6020.8608 6065.6787 6109.4858 6151.7104 6194.7900
    -0.9640    1.2523 5204.1309 5216.4214 5229.9419 5244.7012 5260.7280 5278.0332 5295.4473 5314.0283 5333.9648 5355.3311 5378.2295 5402.7559 5429.0288 5457.1455 5487.2119 5519.2969 5553.4614 5589.7041 5628.0044 5668.2222 5709.5557 5748.5894 5787.7876 5827.5449 5867.5547 5907.4404 5946.8511 5985.3877 6022.5728 6060.3403
    -0.7230    1.2523 5204.3013 5216.8789 5230.8018 5246.0776 5262.7388 5280.6553 5298.8433 5318.3818 5339.4229 5362.0576 5386.4106 5412.6011 5440.7695 5471.0371 5503.5322 5538.3345 5575.5181 5615.0762 5656.9839 5700.7466 5742.7280 5784.5654 5827.3164 5870.6060 5914.0508 5957.1963 5999.6167 6040.8433 6080.3130 6120.1001
    -0.4820    1.2523 5204.3052 5216.8896 5230.8213 5246.1094 5262.7842 5280.7148 5298.9194 5318.4785 5339.5435 5362.2075 5386.5962 5412.8296 5441.0527 5471.3867 5503.9624 5538.8628 5576.1611 5615.8550 5657.9185 5701.8340 5743.8447 5785.8384 5828.7617 5872.2378 5915.8906 5959.2627 6001.9409 6043.4556 6083.2476 6123.4185
    -0.2410    1.2523 5204.4761 5217.2300 5231.3325 5246.7910 5263.6353 5281.6807 5300.0386 5319.7827 5341.0518 5363.9434 5388.5898 5415.1152 5443.6714 5474.3823 5507.3872 5542.7725 5580.6143 5620.9121 5663.6025 5707.9785 5750.1196 5792.7729 5836.3892 5880.5869 5924.9814 5969.1133 6012.5532 6054.8140 6095.3335 6136.2710
     0.0000    1.2523 5246.6187 5259.0166 5272.8857 5287.6411 5303.3701 5320.6055 5339.4160 5359.8862 5382.1333 5406.2764 5432.4668 5460.8433 5491.5664 5524.7681 5560.5825 5599.0864 5640.3462 5684.1445 5728.2803 5771.5107 5816.2241 5862.2495 5909.2549 5956.8071 6004.4839 6051.7729 6098.2090 6143.2686 6186.3271 6229.8135
     0.2410    1.2523 5247.1357 5260.0469 5274.4312 5289.5566 5305.7661 5323.4927 5342.8276 5363.8667 5386.7397 5411.5781 5438.5464 5467.7969 5499.5054 5533.8120 5570.8613 5610.7383 5653.5166 5698.8096 5743.0166 5787.5962 5833.8784 5881.5386 5930.2344 5979.5200 6028.9609 6078.0249 6126.2280 6173.0220 6217.7271 6262.9004
     0.4820    1.2523 5247.1411 5260.0615 5274.4614 5289.6030 5305.8359 5323.5923 5342.9614 5364.0405 5386.9600 5411.8516 5438.8809 5468.2026 5499.9922 5534.3901 5571.5483 5611.5498 5654.4741 5699.9224 5744.1626 5788.9111 5835.3848 5883.2471 5932.1509 5981.6436 6031.2764 6080.5176 6128.8813 6175.8315 6220.7192 6266.1680
     0.7230    1.2523 5247.1396 5260.0576 5274.4531 5289.5898 5305.8169 5323.5630 5342.9199 5363.9814 5386.8779 5411.7417 5438.7344 5468.0068 5499.7349 5534.0571 5571.1187 5611.0010 5653.7812 5699.0713 5743.2412 5787.8047 5834.0664 5881.7017 5930.3706 5979.6206 6029.0234 6078.0425 6126.2051 6172.9644 6217.6729 6262.9116
     0.9640    1.2523 5246.9648 5259.5854 5273.5591 5288.2480 5303.8374 5320.8120 5339.2510 5359.2324 5380.8672 5404.2637 5429.5576 5456.8740 5486.3589 5518.1274 5552.3027 5588.9556 5628.1460 5669.7979 5712.9126 5754.3252 5796.6807 5840.3188 5884.9658 5930.2534 5975.8296 6021.2524 6066.1230 6109.9893 6152.2739 6195.4268
    -1.0845    1.0436 5204.1313 5216.4224 5229.9429 5244.7012 5260.7266 5278.0288 5295.4395 5314.0146 5333.9434 5355.2998 5378.1860 5402.6987 5428.9521 5457.0459 5487.0864 5519.1372 5553.2622 5589.4575 5627.7046 5667.8613 5709.1597 5748.1401 5787.2666 5826.9492 5866.8818 5906.6885 5946.0298 5984.5059 6021.6519 6059.4189
    -0.8435    1.0436 5204.3027 5216.8833 5230.8105 5246.0942 5262.7651 5280.6938 5298.8970 5318.4570 5339.5254 5362.1948 5386.5918 5412.8374 5441.0747 5471.4287 5504.0288 5538.9604 5576.2944 5616.0298 5658.1382 5702.0996 5744.1294 5786.1709 5829.1338 5872.6377 5916.3013 5959.6714 6002.3159 6043.7671 6083.4629 6123.4868
    -0.6025    1.0436 5204.4385 5217.2476 5231.4946 5247.1909 5264.3691 5282.7842 5301.6191 5321.9590 5343.9355 5367.6597 5393.2793 5420.9385 5450.8076 5483.0337 5517.7715 5555.1226 5595.1753 5637.9331 5683.1689 5728.5522 5772.6938 5818.0308 5864.3740 5911.2754 5958.2910 6004.8848 6050.5615 6094.7651 6136.8452 6179.0200
    -0.3615    1.0436 5204.4424 5217.2598 5231.5190 5247.2344 5264.4390 5282.8823 5301.7578 5322.1548 5344.2036 5368.0225 5393.7617 5421.5737 5451.6357 5484.1011 5519.1323 5556.8398 5597.3174 5640.5752 5686.3540 5732.0264 5776.6440 5822.6084 5869.6270 5917.2422 5964.9995 6012.3501 6058.7783 6103.7026 6146.4443 6189.2305
    -0.1205    1.0436 5204.7817 5217.9365 5232.5337 5248.5845 5266.1206 5284.7793 5303.9585 5324.7061 5347.1357 5371.3730 5397.5801 5425.9126 5456.5581 5489.6772 5525.4385 5563.9585 5605.3335 5649.5737 5696.2705 5741.8311 5787.3188 5834.2427 5882.2524 5930.8911 5979.6943 6028.1172 6075.6479 6121.7236 6165.6826 6209.9312
     0.1205    1.0436 5246.9336 5259.7461 5274.1343 5289.3857 5305.8101 5323.8599 5343.6279 5365.2178 5388.7734 5414.4434 5442.4111 5472.8506 5505.9600 5541.9043 5580.8521 5622.9062 5668.0732 5715.1758 5760.9331 5808.2817 5857.5024 5908.2212 5960.0444 6012.4531 6064.9443 6116.9038 6167.7783 6216.9526 6263.6958 6310.7217
     0.3615    1.0436 5247.2803 5260.4380 5275.1724 5290.6709 5307.4165 5325.7964 5345.9150 5367.8838 5391.8564 5417.9883 5446.4727 5477.4941 5511.2612 5547.9463 5587.7280 5630.7178 5676.8545 5724.2275 5770.6978 5819.0806 5869.3940 5921.2637 5974.2910 6027.9575 6081.7554 6135.0669 6187.3325 6237.9180 6286.0610 6334.5762
     0.6025    1.0436 5247.2798 5260.4365 5275.1689 5290.6650 5307.4058 5325.7803 5345.8901 5367.8491 5391.8066 5417.9204 5446.3799 5477.3677 5511.0894 5547.7134 5587.4121 5630.2954 5676.3042 5723.5894 5769.9263 5818.1299 5868.2373 5919.8706 5972.6274 6025.9834 6079.4238 6132.3262 6184.1172 6234.1641 6281.7065 6329.5132
     0.8435    1.0436 5247.1411 5260.0625 5274.4629 5289.6045 5305.8394 5323.5977 5342.9702 5364.0542 5386.9810 5411.8823 5438.9258 5468.2646 5500.0767 5534.5034 5571.6924 5611.7295 5654.6880 5700.1626 5744.3950 5789.1553 5835.6221 5883.4697 5932.3486 5981.8081 6031.4087 6080.6187 6128.9551 6175.8823 6220.7393 6266.1396
     1.0845    1.0436 5246.9663 5259.5874 5273.5615 5288.2505 5303.8389 5320.8120 5339.2480 5359.2261 5380.8545 5404.2412 5429.5234 5456.8223 5486.2832 5518.0190 5552.1538 5588.7524 5627.8770 5669.4512 5712.5073 5753.8374 5796.0889 5839.6182 5884.1504 5929.3257 5974.7905 6020.1113 6064.8872 6108.6714 6150.8892 6193.9824
    -1.2050    0.8348 5204.1309 5216.4214 5229.9429 5244.7031 5260.7300 5278.0381 5295.4546 5314.0396 5333.9800 5355.3530 5378.2593 5402.7949 5429.0801 5457.2104 5487.2935 5519.3955 5553.5791 5589.8428 5628.1636 5668.3994 5709.7329 5748.7759 5787.9805 5827.7427 5867.7554 5907.6416 5947.0566 5985.5996 6022.7930 6060.5820
    -0.9640    0.8348 5204.3022 5216.8828 5230.8096 5246.0923 5262.7627 5280.6914 5298.8970 5318.4604 5339.5347 5362.2144 5386.6265 5412.8901 5441.1543 5471.5400 5504.1772 5539.1533 5576.5400 5616.3354 5658.5127 5702.5430 5744.5962 5786.7090 5829.7441 5873.3179 5917.0410 5960.4531 6003.1162 6044.5552 6084.1929 6124.1021
    -0.7230    0.8348 5204.4409 5217.2544 5231.5088 5247.2158 5264.4092 5282.8394 5301.6963 5322.0664 5344.0820 5367.8564 5393.5400 5421.2817 5451.2549 5483.6113 5518.5122 5556.0649 5596.3604 5639.4097 5684.9683 5730.5283 5774.9570 5820.6709 5867.4224 5914.7632 5962.2407 6009.3169 6055.4893 6100.2100 6142.8237 6185.6108
    -0.4820    0.8348 5204.5957 5217.6699 5232.2915 5248.4741 5266.2554 5285.2368 5304.8496 5326.1372 5349.2241 5374.2495 5401.3892 5430.8213 5462.7515 5497.3618 5534.8389 5575.3105 5618.8794 5665.4873 5714.0034 5760.7393 5808.7622 5858.2769 5908.8711 5960.0288 6011.2227 6061.8345 6111.2905 6158.9663 6204.1240 6249.2148
    -0.2410    0.8348 5204.6055 5217.6973 5232.3423 5248.5557 5266.3745 5285.3867 5305.0483 5326.3936 5349.5527 5374.6655 5401.9121 5431.4751 5463.5664 5498.3740 5536.0923 5576.8579 5620.7891 5667.8188 5716.6006 5763.7607 5812.3818 5862.5952 5914.0000 5966.0698 6018.2700 6069.9570 6120.5342 6169.3374 6215.5918 6261.7944
     0.0000    0.8348 5205.1060 5218.6885 5233.8213 5250.5146 5268.8042 5288.0894 5308.2231 5330.0811 5353.8042 5379.5464 5407.5073 5437.8838 5470.9062 5506.7783 5545.7114 5587.8525 5633.3271 5681.9048 5731.0933 5779.4014 5829.6758 5881.6143 5934.7949 5988.6763 6042.7100 6096.2378 6148.6489 6199.2583 6247.2603 6295.2930
     0.2410    0.8348 5247.2651 5260.5205 5275.4678 5291.2573 5308.4365 5327.3804 5348.2046 5371.0371 5396.0552 5423.4409 5453.4199 5486.2119 5522.0591 5561.1675 5603.7461 5649.9351 5699.4233 5748.0503 5797.8887 5850.1636 5904.5625 5960.6436 6017.9233 6075.7959 6133.6450 6190.7554 6246.4624 6300.0459 6350.6431 6401.2393
     0.4820    0.8348 5247.4390 5260.8657 5275.9834 5291.8916 5309.2241 5328.3213 5349.3042 5372.3047 5397.5005 5425.0776 5455.2651 5488.2817 5524.3745 5563.7539 5606.6260 5653.1343 5702.9248 5751.4810 5801.6279 5854.2295 5908.9746 5965.4175 6023.0796 6081.3438 6139.5991 6197.1152 6253.2236 6307.1851 6358.1152 6408.9785
     0.7230    0.8348 5247.2827 5260.4438 5275.1846 5290.6885 5307.4429 5325.8340 5345.9683 5367.9570 5391.9565 5418.1226 5446.6509 5477.7271 5511.5645 5548.3359 5588.2246 5631.3428 5677.6274 5725.0942 5771.7119 5820.2871 5870.8198 5922.9302 5976.2124 6030.1401 6084.1978 6137.7607 6190.2505 6241.0303 6289.3213 6337.9385
     0.9640    0.8348 5247.1431 5260.0659 5274.4678 5289.6113 5305.8486 5323.6089 5342.9844 5364.0703 5386.9995 5411.9043 5438.9507 5468.2930 5500.1050 5534.5322 5571.7212 5611.7568 5654.7139 5700.1855 5744.4209 5789.1836 5835.6641 5883.5239 5932.4224 5981.9033 6031.5293 6080.7642 6129.1294 6176.0977 6221.0142 6266.5195
     1.2050    0.8348 5246.9683 5259.5918 5273.5703 5288.2622 5303.8555 5320.8345 5339.2778 5359.2622 5380.8989 5404.2964 5429.5894 5456.9023 5486.3804 5518.1411 5552.3037 5588.9429 5628.1182 5669.7544 5712.8599 5754.2593 5796.6040 5840.2339 5884.8730 5930.1543 5975.7192 6021.1274 6065.9766 6109.8115 6152.0718 6195.2100
    -1.3255    0.6261 5204.1328 5216.4253 5229.9482 5244.7090 5260.7363 5278.0415 5295.4531 5314.0308 5333.9614 5355.3198 5378.2070 5402.7192 5428.9727 5457.0635 5487.0991 5519.1465 5553.2661 5589.4575 5627.7041 5667.8652 5709.1675 5748.1626 5787.3096 5827.0210 5866.9941 5906.8511 5946.2437 5984.7734 6021.9697 6059.7759
    -1.0845    0.6261 5204.3047 5216.8867 5230.8140 5246.0957 5262.7632 5280.6855 5298.8809 5318.4302 5339.4858 5362.1406 5386.5215 5412.7500 5440.9731 5471.3130 5503.9048 5538.8340 5576.1768 5615.9341 5658.0791 5702.0918 5744.1870 5786.3042 5829.3569 5872.9561 5916.7153 5960.1758 6002.8989 6044.4209 6084.1753 6124.2607
    -0.8435    0.6261 5204.4419 5217.2573 5231.5132 5247.2231 5264.4204 5282.8545 5301.7163 5322.0933 5344.1152 5367.8970 5393.5903 5421.3394 5451.3223 5483.6875 5518.5962 5556.1533 5596.4507 5639.4966 5685.0439 5730.5786 5774.9780 5820.6602 5867.3799 5914.6948 5962.1616 6009.2544 6055.4736 6100.2671 6142.9780 6185.8755
    -0.6025    0.6261 5204.5996 5217.6807 5232.3110 5248.5059 5266.3008 5285.2954 5304.9297 5326.2461 5349.3711 5374.4487 5401.6577 5431.1821 5463.2339 5498.0020 5535.6826 5576.4106 5620.3022 5667.2930 5716.0874 5763.2334 5811.8086 5861.9541 5913.2583 5965.1865 6017.2002 6068.6519 6118.9375 6167.3862 6213.2231 6258.8818
    -0.3615    0.6261 5204.8804 5218.3174 5233.3809 5250.0869 5268.4756 5287.9541 5308.3301 5330.5049 5354.6260 5380.8584 5409.4106 5440.4961 5474.3579 5511.2148 5551.2905 5594.7437 5641.7070 5691.8599 5741.6787 5791.6216 5843.6978 5897.4956 5952.5601 6008.2930 6064.1064 6119.2847 6173.1514 6224.9692 6273.8701 6322.4805
    -0.1205    0.6261 5205.0552 5218.6694 5233.9146 5250.8057 5269.3823 5288.9790 5309.5542 5331.9512 5356.3276 5382.8540 5411.7510 5443.2422 5477.5830 5515.0044 5555.7446 5599.9727 5647.8296 5698.8838 5748.8623 5799.7881 5852.9316 5907.8726 5964.1396 6021.1289 6078.2192 6134.6792 6189.8232 6242.8950 6293.0205 6342.9844
     0.1205    0.6261 5247.0464 5260.1724 5275.0786 5290.9443 5308.2646 5327.4385 5348.5811 5371.8306 5397.3740 5425.4121 5456.1875 5489.9419 5526.9424 5567.4214 5611.6108 5659.6260 5710.7329 5760.5825 5812.6938 5867.4312 5924.4648 5983.3193 6043.4790 6104.2788 6165.0532 6225.0166 6283.4277 6339.4849 6392.2061 6444.6211
     0.3615    0.6261 5247.5581 5261.1870 5276.5918 5292.8066 5310.5791 5330.2183 5351.8560 5375.6431 5401.7808 5430.4814 5462.0054 5496.6050 5534.5620 5576.1226 5621.5293 5670.8174 5722.3350 5773.1572 5826.6396 5882.8306 5941.3892 6001.8184 6063.5825 6125.9961 6188.3740 6249.9082 6309.8428 6367.3613 6421.4575 6475.2886
     0.6025    0.6261 5247.4443 5260.8789 5276.0093 5291.9297 5309.2798 5328.3989 5349.4092 5372.4429 5397.6807 5425.3105 5455.5635 5488.6626 5524.8594 5564.3667 5607.4009 5654.1060 5704.1138 5752.7632 5803.1694 5856.0737 5911.1743 5968.0264 6026.1572 6084.9497 6143.7915 6201.9507 6258.7544 6313.4712 6365.2188 6417.0850
     0.8435    0.6261 5247.2832 5260.4443 5275.1846 5290.6890 5307.4443 5325.8394 5345.9775 5367.9736 5391.9814 5418.1592 5446.7017 5477.7944 5511.6494 5548.4409 5588.3472 5631.4834 5677.7817 5725.2451 5771.8584 5820.4326 5870.9580 5923.0542 5976.3203 6030.2329 6084.2686 6137.8062 6190.2661 6241.0151 6289.2808 6337.8906
     1.0845    0.6261 5247.1440 5260.0664 5274.4648 5289.6025 5305.8311 5323.5781 5342.9355 5363.9985 5386.8989 5411.7666 5438.7686 5468.0571 5499.8081 5534.1631 5571.2705 5611.2153 5654.0767 5699.4531 5743.6777 5788.3682 5834.7925 5882.6313 5931.5532 5981.1138 6030.8838 6080.3286 6128.9736 6176.2480 6221.4800 6267.2588
     1.3255    0.6261 5246.9678 5259.5898 5273.5649 5288.2544 5303.8438 5320.8184 5339.2559 5359.2368 5380.8706 5404.2666 5429.5620 5456.8789 5486.3652 5518.1353 5552.3120 5588.9639 5628.1558 5669.8057 5712.9155 5754.3218 5796.6704 5840.3008 5884.9453 5930.2290 5975.8037 6021.2251 6066.0967 6109.9565 6152.2446 6195.4058
    -1.4460    0.4174 5204.1348 5216.4302 5229.9561 5244.7207 5260.7524 5278.0625 5295.4790 5314.0654 5334.0068 5355.3789 5378.2856 5402.8213 5429.1050 5457.2344 5487.3174 5519.4224 5553.6089 5589.8784 5628.2095 5668.4570 5709.7974 5748.8584 5788.0957 5827.8984 5867.9712 5907.9360 5947.4521 5986.1201 6023.4692 6061.4512
    -1.2050    0.4174 5204.3062 5216.8916 5230.8247 5246.1143 5262.7920 5280.7266 5298.9370 5318.5073 5339.5884 5362.2744 5386.6914 5412.9609 5441.2285 5471.6167 5504.2559 5539.2339 5576.6201 5616.4146 5658.5923 5702.6235 5744.6719 5786.7949 5829.8560 5873.4717 5917.2646 5960.7690 6003.5640 6045.1636 6085.0010 6125.1670
    -0.9640    0.4174 5204.4443 5217.2632 5231.5254 5247.2432 5264.4502 5282.8960 5301.7729 5322.1689 5344.2158 5368.0288 5393.7573 5421.5508 5451.5864 5484.0132 5518.9927 5556.6309 5597.0195 5640.1680 5685.8232 5731.4038 5775.8965 5821.7056 5868.5581 5916.0107 5963.6133 6010.8247 6057.1401 6102.0039 6144.7456 6187.6348
    -0.7230    0.4174 5204.6011 5217.6836 5232.3169 5248.5161 5266.3184 5285.3193 5304.9619 5326.2876 5349.4233 5374.5098 5401.7275 5431.2593 5463.3154 5498.0845 5535.7607 5576.4795 5620.3569 5667.3237 5716.0825 5763.1875 5811.7163 5861.8125 5913.0742 5964.9712 6016.9751 6068.4492 6118.8013 6167.3828 6213.4165 6259.3892
    -0.4820    0.4174 5204.8862 5218.3315 5233.4067 5250.1274 5268.5332 5288.0244 5308.4209 5330.6206 5354.7749 5381.0508 5409.6616 5440.8242 5474.7881 5511.7793 5552.0293 5595.7036 5642.9463 5693.4116 5743.3921 5793.7090 5846.2134 5900.4878 5956.0703 6012.3589 6068.7466 6124.5024 6178.9409 6231.3213 6280.7676 6329.9917
    -0.2410    0.4174 5246.6255 5259.4048 5274.0337 5289.7871 5306.9951 5326.1201 5347.2676 5370.5771 5396.2417 5424.4629 5455.4951 5489.5845 5527.0122 5568.0181 5612.8442 5661.5977 5713.3501 5764.0439 5817.1567 5872.9575 5931.0913 5991.0430 6052.2598 6114.0356 6175.6582 6236.2983 6295.1748 6351.4468 6404.1045 6456.1128
     0.0000    0.4174 5205.4883 5219.5981 5235.4053 5252.9219 5272.1934 5292.3179 5313.7271 5337.0845 5362.5728 5390.3950 5420.8062 5454.0688 5490.4819 5530.3184 5573.8525 5621.2900 5672.6123 5725.7407 5778.0718 5832.9712 5890.3672 5949.7856 6010.7012 6072.4316 6134.2832 6195.4180 6255.0586 6312.3438 6366.2681 6419.8638
     0.2410    0.4174 5247.4883 5261.1230 5276.6079 5292.9717 5310.9756 5330.9263 5352.9653 5377.2529 5404.0044 5433.4517 5465.8760 5501.5552 5540.7988 5583.8765 5631.0625 5682.3032 5734.9131 5787.6089 5843.5132 5902.3252 5963.6699 6027.0088 6091.7505 6157.1396 6222.4067 6286.6582 6349.0615 6408.7236 6464.5996 6520.0063
     0.4820    0.4174 5247.5645 5261.2046 5276.6270 5292.8623 5310.6655 5330.3433 5352.0303 5375.8794 5402.0923 5430.8857 5462.5234 5497.2632 5535.3926 5577.1611 5622.8198 5672.3970 5724.0859 5775.1816 5829.0303 5885.6338 5944.6514 6005.5825 6067.8896 6130.8794 6193.8564 6256.0044 6316.5649 6374.7134 6429.4570 6484.0562
     0.7230    0.4174 5247.4453 5260.8828 5276.0151 5291.9390 5309.2939 5328.4204 5349.4385 5372.4829 5397.7334 5425.3789 5455.6489 5488.7690 5524.9878 5564.5186 5607.5771 5654.3086 5704.3403 5752.9893 5803.4209 5856.3521 5911.4858 5968.3804 6026.5664 6085.4287 6144.3594 6202.6274 6259.5566 6314.3936 6366.2456 6418.1450
     0.9640    0.4174 5247.2847 5260.4482 5275.1929 5290.7031 5307.4648 5325.8672 5346.0146 5368.0205 5392.0400 5418.2305 5446.7896 5477.9023 5511.7798 5548.5977 5588.5356 5631.7075 5678.0391 5725.5166 5772.1509 5820.7456 5871.2832 5923.3853 5976.6489 6030.5459 6084.5688 6138.0918 6190.5518 6241.3208 6289.6235 6338.3027
     1.2050    0.4174 5247.1445 5260.0669 5274.4658 5289.6050 5305.8354 5323.5854 5342.9482 5364.0181 5386.9282 5411.8110 5438.8320 5468.1475 5499.9316 5534.3296 5571.4917 5611.5039 5654.4448 5699.9111 5744.1782 5788.9600 5835.4717 5883.3877 5932.3579 5981.9336 6031.6675 6081.0264 6129.5220 6176.6118 6221.6294 6267.1943
     1.4460    0.4174 5246.9683 5259.5913 5273.5684 5288.2593 5303.8511 5320.8291 5339.2705 5359.2554 5380.8936 5404.2930 5429.5908 5456.9102 5486.3989 5518.1685 5552.3442 5588.9927 5628.1768 5669.8159 5712.9111 5754.3022 5796.6255 5840.2241 5884.8140 5930.0332 5975.5215 6020.8369 6065.5791 6109.2964 6151.4229 6194.4058
    -1.5665    0.2087 5204.3032 5216.7661 5230.4595 5245.3916 5261.5894 5279.0186 5296.5781 5315.3394 5335.4697 5357.0479 5380.1787 5404.9644 5431.5239 5459.9590 5490.3813 5522.8608 5557.4634 5594.1860 5633.0068 5673.7261 5715.1167 5754.5000 5794.2349 5834.5581 5875.1631 5915.6699 5955.7271 5994.9316 6032.7998 6071.3354
    -1.3255    0.2087 5204.4771 5217.2324 5231.3345 5246.7915 5263.6333 5281.6753 5300.0278 5319.7656 5341.0293 5363.9170 5388.5596 5415.0840 5443.6431 5474.3647 5507.3862 5542.7974 5580.6763 5621.0259 5663.7871 5708.2168 5750.4316 5793.1758 5836.8892 5881.1792 5925.6606 5969.8608 6013.3413 6055.6255 6096.1309 6137.0137
    -1.0845    0.2087 5204.6143 5217.6011 5232.0312 5247.9136 5265.2817 5283.8330 5302.8486 5323.4092 5345.6313 5369.6348 5395.5752 5423.6040 5453.9023 5486.6260 5521.9409 5559.9585 5600.7729 5644.3887 5690.4878 5736.0840 5780.9795 5827.2925 5874.6831 5922.6982 5970.8931 6018.7251 6065.6943 6111.2446 6154.7065 6198.4390
    -0.8435    0.2087 5204.7695 5218.0186 5232.8174 5249.1792 5267.1406 5286.2324 5306.0327 5327.5278 5350.8477 5376.1382 5403.5864 5433.3760 5465.7246 5500.8242 5538.8770 5580.0186 5624.3662 5671.8130 5720.6836 5768.1421 5817.1992 5867.8613 5919.7202 5972.2461 6024.8999 6077.0356 6128.0503 6177.2881 6223.9761 6270.6841
    -0.6025    0.2087 5204.8916 5218.3472 5233.4375 5250.1772 5268.6084 5288.1226 5308.5527 5330.7939 5354.9980 5381.3320 5410.0117 5441.2539 5475.3110 5512.4097 5552.7822 5596.5952 5643.9844 5694.5938 5744.5781 5795.0215 5847.6475 5902.0396 5957.7285 6014.1187 6070.6050 6126.4722 6181.0498 6233.6069 6283.2573 6332.7368
    -0.3615    0.2087 5205.3193 5219.2617 5234.9019 5252.2534 5271.3608 5291.3882 5312.6289 5335.7998 5361.0771 5388.6592 5418.7935 5451.7339 5487.7681 5527.1592 5570.1782 5617.0161 5667.6973 5720.5669 5772.3633 5826.5132 5883.0942 5941.6377 6001.6265 6062.3809 6123.2148 6183.3052 6241.8872 6298.1216 6351.0269 6403.5654
    -0.1205    0.2087 5205.5483 5219.7598 5235.7119 5253.4175 5272.9243 5293.2642 5314.9946 5338.7344 5364.6782 5393.0400 5424.0918 5458.1133 5495.4175 5536.2969 5581.0444 5629.8779 5682.6680 5736.4297 5790.1118 5846.7139 5905.9009 5967.1812 6029.9956 6093.6333 6157.3687 6220.3374 6281.7275 6340.6606 6396.0815 6451.1377
     0.1205    0.2087 5247.3804 5260.9517 5276.4194 5292.8262 5310.9092 5330.9888 5353.2095 5377.7393 5404.8032 5434.6460 5467.5649 5503.8540 5543.8408 5587.8154 5636.0713 5688.4883 5741.6724 5795.7383 5853.1528 5913.6011 5976.6934 6041.8662 6108.4971 6175.7964 6242.9600 6309.0527 6373.1909 6434.4365 6491.6436 6548.1587
     0.3615    0.2087 5247.6636 5261.4722 5277.1323 5293.6211 5311.7881 5331.9126 5354.1401 5378.6396 5405.6318 5435.3560 5468.1021 5504.1543 5543.8335 5587.4150 5635.1841 5687.0342 5739.7539 5793.0957 5849.7100 5909.2974 5971.4922 6035.7544 6101.4990 6167.9780 6234.4399 6299.9917 6363.7949 6424.9292 6482.3008 6539.2783
     0.6025    0.2087 5247.5659 5261.2100 5276.6377 5292.8784 5310.6885 5330.3750 5352.0728 5375.9326 5402.1597 5430.9692 5462.6265 5497.3877 5535.5425 5577.3423 5623.0376 5672.6562 5724.3647 5775.4966 5829.3989 5886.0674 5945.1650 6006.1943 6068.6216 6131.7563 6194.9038 6257.2476 6318.0151 6376.3770 6431.3076 6486.0244
     0.8435    0.2087 5247.4453 5260.8789 5276.0063 5291.9233 5309.2690 5328.3828 5349.3872 5372.4175 5397.6533 5425.2842 5455.5430 5488.6523 5524.8667 5564.4004 5607.4707 5654.2212 5704.2827 5752.9741 5803.4497 5856.4365 5911.6255 5968.5811 6026.8237 6085.7456 6144.7285 6203.0503 6260.0356 6314.9414 6366.8726 6418.8940
     1.0845    0.2087 5247.2847 5260.4482 5275.1904 5290.6978 5307.4546 5325.8496 5345.9873 5367.9814 5391.9858 5418.1587 5446.6958 5477.7837 5511.6333 5548.4204 5588.3252 5631.4648 5677.7681 5725.2441 5771.8760 5820.4731 5871.0288 5923.1621 5976.4722 6030.4321 6084.5205 6138.1104 6190.6260 6241.4263 6289.7314 6338.3506
     1.3255    0.2087 5247.1436 5260.0654 5274.4648 5289.6050 5305.8364 5323.5889 5342.9536 5364.0273 5386.9399 5411.8232 5438.8433 5468.1528 5499.9253 5534.3047 5571.4365 5611.4048 5654.2866 5699.6812 5743.8955 5788.5879 5835.0039 5882.8218 5931.7061 5981.2075 6030.8989 6080.2490 6128.7808 6175.9521 6221.0977 6266.8447
     1.5665    0.2087 5246.9673 5259.5889 5273.5620 5288.2490 5303.8340 5320.8022 5339.2324 5359.2041 5380.8267 5404.2070 5429.4844 5456.7798 5486.2422 5517.9863 5552.1343 5588.7549 5627.9131 5669.5308 5712.6309 5754.0195 5796.3379 5839.9370 5884.5435 5929.7910 5975.3276 6020.7163 6065.5557 6109.3950 6151.6572 6194.7827
    -1.4460    0.0000 5246.6162 5259.0073 5272.8691 5287.6182 5303.3384 5320.5635 5339.3613 5359.8164 5382.0469 5406.1675 5432.3301 5460.6689 5491.3433 5524.4775 5560.2021 5598.5894 5639.6978 5683.3188 5727.3296 5770.3560 5814.7935 5860.4956 5907.1318 5954.2773 6001.5117 6048.3452 6094.3193 6138.9341 6181.5649 6224.6240
    -1.2050    0.0000 5205.1108 5218.5854 5233.4971 5249.8516 5267.6821 5286.5015 5305.9639 5327.0078 5349.7568 5374.3384 5400.9204 5429.6660 5460.7651 5494.3833 5530.6934 5569.8115 5611.8345 5656.7583 5704.0718 5749.4185 5795.5596 5843.1650 5891.8779 5941.2266 5990.7441 6039.8677 6088.0669 6134.7651 6179.2656 6224.0093
    -0.9640    0.0000 5246.7446 5259.4795 5273.9023 5289.3120 5305.9951 5324.4204 5344.6836 5366.8984 5391.2251 5417.8315 5446.9243 5478.7031 5513.3926 5551.1841 5592.2642 5636.7612 5684.5400 5733.0176 5781.0869 5831.4482 5883.7993 5937.7109 5992.7173 6048.2290 6103.6650 6158.3306 6211.5942 6262.7568 6311.0015 6359.0410
    -0.7230    0.0000 5205.3853 5219.3228 5234.8872 5252.0889 5270.9688 5290.7393 5311.6182 5334.3413 5359.0752 5385.9971 5415.3394 5447.3301 5482.2354 5520.2915 5561.7422 5606.7622 5655.4678 5707.2461 5757.2432 5809.0332 5863.0942 5918.9946 5976.2598 6034.2754 6092.4072 6149.9062 6206.0591 6260.0864 6311.0542 6361.7539
    -0.4820    0.0000 5247.1426 5260.4326 5275.5718 5291.6875 5309.3677 5328.9834 5350.6616 5374.5542 5400.8682 5429.8252 5461.6948 5496.7422 5535.2646 5577.5200 5623.7671 5674.0229 5726.3047 5778.1758 5832.9521 5890.5376 5950.5688 6012.5200 6075.8149 6139.7261 6203.5215 6266.3267 6327.3398 6385.6914 6440.3384 6494.4507
    -0.2410    0.0000 5247.3784 5260.9438 5276.4033 5292.8008 5310.8691 5330.9321 5353.1294 5377.6299 5404.6567 5434.4517 5467.3096 5503.5210 5543.4097 5587.2627 5635.3667 5687.6118 5740.7017 5794.5581 5851.7383 5911.9199 5974.7202 6039.5791 6105.8848 6172.8545 6239.7056 6305.5151 6369.4209 6430.5005 6487.6436 6544.2041
     0.0000    0.0000 5247.5913 5261.3984 5277.1274 5293.7520 5312.1284 5332.5376 5355.1328 5380.0874 5407.6426 5438.0508 5471.6235 5508.6704 5549.5356 5594.5205 5643.9375 5697.5625 5751.0103 5806.4087 5865.2783 5927.3047 5992.0894 6059.0493 6127.5430 6196.7573 6265.8638 6333.8862 6399.9180 6462.9771 6521.8857 6580.1182
     0.2410    0.0000 5247.7231 5261.6353 5277.4448 5294.0952 5312.4980 5332.9131 5355.4961 5380.4233 5407.9307 5438.2720 5471.7544 5508.6821 5549.3936 5594.1860 5643.3643 5696.7139 5749.9424 5804.9683 5863.4175 5924.9707 5989.2363 6055.6426 6123.5615 6192.1885 6260.7183 6328.1968 6393.7373 6456.3853 6515.0034 6573.0923
     0.4820    0.0000 5247.6646 5261.4741 5277.1387 5293.6328 5311.8071 5331.9419 5354.1851 5378.7026 5405.7188 5435.4727 5468.2549 5504.3540 5544.0869 5587.7324 5635.5752 5687.5020 5740.2559 5793.6826 5850.3804 5910.0396 5972.2861 6036.5698 6102.2896 6168.6855 6234.9829 6300.2832 6363.7461 6424.4624 6481.3501 6537.7847
     0.7230    0.0000 5247.5640 5261.2026 5276.6230 5292.8550 5310.6519 5330.3188 5351.9912 5375.8184 5402.0029 5430.7588 5462.3452 5497.0186 5535.0630 5576.7246 5622.2505 5671.6704 5723.2559 5774.1978 5827.8408 5884.2148 5942.9795 6003.6377 6065.6533 6128.3320 6190.9771 6252.7715 6312.9473 6370.6890 6425.0103 6479.1489
     0.9640    0.0000 5247.4434 5260.8755 5276.0000 5291.9141 5309.2544 5328.3608 5349.3535 5372.3628 5397.5684 5425.1548 5455.3511 5488.3740 5524.4702 5563.8462 5606.7090 5653.2002 5702.9648 5751.4819 5801.5830 5854.1338 5908.8311 5965.2334 6022.8716 6081.1353 6139.4229 6197.0190 6253.2480 6307.3784 6358.5068 6409.6021
     1.2050    0.0000 5247.2827 5260.4395 5275.1729 5290.6685 5307.4067 5325.7769 5345.8809 5367.8320 5391.7793 5417.8794 5446.3247 5477.2954 5510.9976 5547.6021 5587.2812 5630.1445 5676.1313 5723.4102 5769.7319 5817.9077 5867.9863 5919.5845 5972.3032 6025.6216 6079.0308 6131.9160 6183.7222 6233.8257 6281.4868 6329.5049
     1.4460    0.0000 5247.1431 5260.0630 5274.4590 5289.5947 5305.8198 5323.5630 5342.9165 5363.9751 5386.8721 5411.7358 5438.7344 5468.0190 5499.7642 5534.1123 5571.2104 5611.1421 5653.9810 5699.3379 5743.5547 5788.2012 5834.5571 5882.2871 5931.0449 5980.3770 6029.8374 6078.8936 6127.0513 6173.7710 6218.3911 6263.4995
    -1.5665   -0.2087 5246.9604 5259.5742 5273.5391 5288.2188 5303.7949 5320.7529 5339.1724 5359.1309 5380.7378 5404.1006 5429.3560 5456.6250 5486.0537 5517.7549 5551.8521 5588.4111 5627.4941 5669.0273 5712.0894 5753.4009 5795.6157 5839.0977 5883.5674 5928.6543 5974.0015 6019.1670 6063.7539 6107.2979 6149.2363 6191.9844
    -1.3255   -0.2087 5246.9658 5259.7085 5273.9248 5288.9307 5304.9863 5322.5552 5341.7217 5362.5781 5385.2510 5409.8687 5436.5923 5465.5693 5496.9717 5530.9380 5567.6118 5607.0747 5649.4038 5694.2729 5738.5586 5782.7192 5828.5688 5875.7808 5924.0161 5972.8291 6021.7871 6070.3643 6118.0791 6164.3984 6208.6719 6253.4385
    -1.0845   -0.2087 5247.1064 5260.0889 5274.6470 5290.0186 5306.5981 5324.8066 5344.7422 5366.5117 5390.2637 5416.1489 5444.3574 5475.0654 5508.4775 5544.7632 5584.0918 5626.5693 5672.1714 5719.3804 5765.4414 5813.2358 5862.9209 5914.1260 5966.4570 6019.3984 6072.4478 6124.9902 6176.4668 6226.2476 6273.5737 6321.1709
    -0.8435   -0.2087 5247.2656 5260.5195 5275.4629 5291.2461 5308.4155 5327.3447 5348.1475 5370.9517 5395.9331 5423.2715 5453.1943 5485.9150 5521.6782 5560.6919 5603.1626 5649.2339 5698.6094 5747.2256 5796.9595 5849.1382 5903.4624 5959.4980 6016.7700 6074.6724 6132.6035 6189.8379 6245.7100 6299.4893 6350.3022 6401.1157
    -0.6025   -0.2087 5247.3887 5260.8545 5276.1001 5292.2090 5309.8457 5329.3501 5350.8501 5374.4922 5400.4751 5429.0078 5460.3467 5494.7427 5532.4741 5573.7876 5618.9229 5667.9414 5719.4111 5770.0537 5823.2637 5879.1782 5937.4595 5997.6172 6059.1147 6121.2695 6183.3965 6244.6885 6304.3906 6361.6904 6415.6021 6469.2935
    -0.3615   -0.2087 5247.6602 5261.4629 5277.1172 5293.6016 5311.7627 5331.8809 5354.1011 5378.5903 5405.5698 5435.2778 5468.0010 5504.0254 5543.6689 5587.2061 5634.9233 5686.7173 5739.4224 5792.7168 5849.2822 5908.8193 5970.9556 6035.1567 6100.8232 6167.1953 6233.5127 6298.8721 6362.4336 6423.3018 6480.3931 6537.1064
    -0.1205   -0.2087 5247.7231 5261.6338 5277.4404 5294.0879 5312.4839 5332.8916 5355.4678 5380.3862 5407.8862 5438.2202 5471.6953 5508.6172 5549.3223 5594.1084 5643.2793 5696.6201 5749.8462 5804.8545 5863.2798 5924.8013 5989.0269 6055.3882 6123.2583 6191.8462 6260.3442 6327.8135 6393.3579 6456.0259 6514.6523 6572.7114
     0.1205   -0.2087 5247.7266 5261.6426 5277.4565 5294.1123 5312.5195 5332.9409 5355.5298 5380.4648 5407.9814 5438.3330 5471.8276 5508.7705 5549.5000 5594.3135 5643.5132 5696.8857 5750.1118 5805.1528 5863.6157 5925.1841 5989.4678 6055.8999 6123.8569 6192.5435 6261.1606 6328.7563 6394.4502 6457.2764 6516.0757 6574.3447
     0.3615   -0.2087 5247.6675 5261.4829 5277.1528 5293.6514 5311.8345 5331.9780 5354.2310 5378.7622 5405.7935 5435.5664 5468.3726 5504.5000 5544.2686 5587.9595 5635.8569 5687.8467 5740.6201 5794.1167 5850.8960 5910.6567 5973.0264 6037.4551 6103.3462 6169.9375 6236.4551 6301.9946 6365.7065 6426.6846 6483.8408 6540.6050
     0.6025   -0.2087 5247.5679 5261.2124 5276.6406 5292.8804 5310.6890 5330.3721 5352.0645 5375.9175 5402.1343 5430.9307 5462.5674 5497.3027 5535.4238 5577.1787 5622.8188 5672.3706 5724.0317 5775.0928 5828.9048 5885.4751 5944.4688 6005.3940 6067.7158 6130.7417 6193.7891 6256.0420 6316.7378 6375.0420 6429.9551 6484.7266
     0.8435   -0.2087 5247.4453 5260.8818 5276.0127 5291.9331 5309.2847 5328.4048 5349.4170 5372.4531 5397.6934 5425.3271 5455.5850 5488.6880 5524.8901 5564.4004 5607.4355 5654.1392 5704.1387 5752.7769 5803.1685 5856.0537 5911.1313 5967.9624 6026.0728 6084.8564 6143.7085 6201.9058 6258.7788 6313.6084 6365.4961 6417.5151
     1.0845   -0.2087 5247.2852 5260.4482 5275.1899 5290.6958 5307.4507 5325.8433 5345.9785 5367.9697 5391.9712 5418.1406 5446.6729 5477.7559 5511.5981 5548.3755 5588.2686 5631.3916 5677.6753 5725.1367 5771.7422 5820.3022 5870.8120 5922.8926 5976.1353 6030.0186 6084.0229 6137.5239 6189.9580 6240.6968 6288.9785 6337.6606
     1.3255   -0.2087 5247.1445 5260.0674 5274.4668 5289.6060 5305.8359 5323.5845 5342.9443 5364.0107 5386.9141 5411.7876 5438.7954 5468.0913 5499.8496 5534.2153 5571.3350 5611.2939 5654.1704 5699.5679 5743.8042 5788.5107 5834.9507 5882.7998 5931.7183 5981.2598 6030.9844 6080.3672 6128.9219 6176.0991 6221.2324 6266.9297
     1.5665   -0.2087 5246.9683 5259.5908 5273.5669 5288.2563 5303.8462 5320.8198 5339.2563 5359.2349 5380.8657 5404.2549 5429.5405 5456.8447 5486.3145 5518.0635 5552.2144 5588.8369 5627.9932 5669.6060 5712.6968 5754.0781 5796.3965 5840.0024 5884.6260 5929.9023 5975.4814 6020.9258 6065.8345 6109.7554 6152.1162 6195.3682
    -1.4460   -0.4174 5246.9639 5259.5830 5273.5527 5288.2368 5303.8193 5320.7871 5339.2158 5359.1870 5380.8101 5404.1909 5429.4683 5456.7656 5486.2275 5517.9692 5552.1128 5588.7290 5627.8745 5669.4775 5712.5669 5753.9321 5796.2207 5839.7822 5884.3398 5929.5283 5974.9868 6020.2842 6065.0195 6108.7422 6150.8838 6193.8882
    -1.2050   -0.4174 5247.1396 5260.0581 5274.4541 5289.5918 5305.8203 5323.5708 5342.9351 5364.0059 5386.9180 5411.8013 5438.8208 5468.1299 5499.9028 5534.2803 5571.4087 5611.3760 5654.2505 5699.6377 5743.8447 5788.5117 5834.8882 5882.6431 5931.4336 5980.8154 6030.3530 6079.5229 6127.8442 6174.7896 6219.7026 6265.2104
    -0.9640   -0.4174 5247.2803 5260.4385 5275.1743 5290.6753 5307.4243 5325.8110 5345.9390 5367.9209 5391.9111 5418.0654 5446.5786 5477.6353 5511.4458 5548.1831 5588.0273 5631.0918 5677.3115 5724.7393 5771.2915 5819.7822 5870.2188 5922.2192 5975.3809 6029.1768 6083.0923 6136.5093 6188.8584 6239.5156 6287.7095 6336.2783
    -0.7230   -0.4174 5247.4404 5260.8706 5275.9941 5291.9111 5309.2578 5328.3755 5349.3867 5372.4263 5397.6733 5425.3179 5455.5903 5488.7178 5524.9492 5564.5029 5607.5918 5654.3618 5704.4453 5753.1421 5803.6362 5856.6289 5911.8130 5968.7334 6026.9102 6085.7197 6144.5415 6202.6421 6259.3462 6313.9224 6365.4961 6417.1250
    -0.4820   -0.4174 5247.5630 5261.2002 5276.6187 5292.8486 5310.6455 5330.3159 5351.9951 5375.8359 5402.0400 5430.8257 5462.4536 5497.1836 5535.3018 5577.0586 5622.7075 5672.2720 5723.9624 5775.0547 5828.8999 5885.5049 5944.5312 6005.4800 6067.8188 6130.8560 6193.9043 6256.1411 6316.8086 6375.0605 6429.8760 6484.4668
    -0.2410   -0.4174 5247.6650 5261.4771 5277.1416 5293.6343 5311.8076 5331.9380 5354.1729 5378.6787 5405.6792 5435.4116 5468.1660 5504.2295 5543.9185 5587.5117 5635.2949 5687.1577 5739.8794 5793.2349 5849.8589 5909.4434 5971.6191 6035.8462 6101.5234 6167.8999 6234.2065 6299.5493 6363.0898 6423.9258 6480.9644 6537.5894
     0.0000   -0.4174 5247.6660 5261.4785 5277.1455 5293.6401 5311.8169 5331.9541 5354.1978 5378.7173 5405.7368 5435.4951 5468.2852 5504.3975 5544.1528 5587.8335 5635.7334 5687.7354 5740.5527 5794.1021 5850.9604 5910.8281 5973.3306 6037.9238 6104.0039 6170.8013 6237.5396 6303.2944 6367.2158 6428.3799 6485.6816 6542.5396
     0.2410   -0.4174 5247.6655 5261.4771 5277.1421 5293.6372 5311.8135 5331.9487 5354.1890 5378.7026 5405.7109 5435.4531 5468.2188 5504.2935 5543.9951 5587.6016 5635.3945 5687.2627 5739.9819 5793.3379 5849.9541 5909.5205 5971.6646 6035.8369 6101.4453 6167.7280 6233.9248 6299.1396 6362.5415 6423.2339 6480.1274 6536.6006
     0.4820   -0.4174 5247.5674 5261.2104 5276.6338 5292.8672 5310.6665 5330.3374 5352.0151 5375.8511 5402.0474 5430.8218 5462.4341 5497.1445 5535.2388 5576.9673 5622.5796 5672.1079 5723.7695 5774.8281 5828.6396 5885.2197 5944.2363 6005.2002 6067.5737 6130.6743 6193.8101 6256.1562 6316.9604 6375.3813 6430.4170 6485.3398
     0.7230   -0.4174 5247.4468 5260.8857 5276.0190 5291.9429 5309.2969 5328.4209 5349.4351 5372.4751 5397.7192 5425.3564 5455.6177 5488.7251 5524.9312 5564.4497 5607.4927 5654.2100 5704.2285 5752.8740 5803.2886 5856.2041 5911.3232 5968.2041 6026.3740 6085.2227 6144.1416 6202.4019 6259.3311 6314.1855 6366.0737 6418.0620
     0.9640   -0.4174 5247.2856 5260.4502 5275.1943 5290.7036 5307.4639 5325.8633 5346.0068 5368.0078 5392.0200 5418.2017 5446.7485 5477.8447 5511.7026 5548.4956 5588.4038 5631.5430 5677.8418 5725.3057 5771.9224 5820.5073 5871.0488 5923.1743 5976.4795 6030.4443 6084.5449 6138.1611 6190.7075 6241.5464 6289.8872 6338.5547
     1.2050   -0.4174 5247.1445 5260.0674 5274.4668 5289.6069 5305.8379 5323.5898 5342.9541 5364.0264 5386.9385 5411.8232 5438.8467 5468.1621 5499.9468 5534.3433 5571.5020 5611.5088 5654.4409 5699.8955 5744.1538 5788.9189 5835.4136 5883.3115 5932.2720 5981.8511 6031.6069 6081.0186 6129.5991 6176.8115 6221.9824 6267.7354
     1.4460   -0.4174 5246.9688 5259.5918 5273.5674 5288.2554 5303.8438 5320.8145 5339.2476 5359.2217 5380.8452 5404.2271 5429.5039 5456.7969 5486.2534 5517.9878 5552.1221 5588.7246 5627.8569 5669.4419 5712.5151 5753.8633 5796.1338 5839.6802 5884.2290 5929.4126 5974.8779 6020.1865 6064.9424 6108.6929 6150.8804 6193.9629
    -1.3255   -0.6261 5246.9663 5259.5884 5273.5630 5288.2520 5303.8408 5320.8154 5339.2529 5359.2339 5380.8677 5404.2637 5429.5566 5456.8726 5486.3569 5518.1255 5552.3013 5588.9531 5628.1436 5669.7920 5712.9033 5754.3066 5796.6484 5840.2642 5884.8823 5930.1323 5975.6621 6021.0308 6065.8472 6109.6602 6151.9058 6195.0405
    -1.0845   -0.6261 5247.1431 5260.0654 5274.4648 5289.6050 5305.8369 5323.5903 5342.9561 5364.0308 5386.9468 5411.8354 5438.8647 5468.1870 5499.9819 5534.3926 5571.5654 5611.5894 5654.5425 5700.0205 5744.2856 5789.0757 5835.6001 5883.5317 5932.5273 5982.1328 6031.9111 6081.3276 6129.8906 6177.0498 6222.1372 6267.7710
    -0.8435   -0.6261 5247.2837 5260.4478 5275.1909 5290.6997 5307.4595 5325.8579 5346.0000 5368.0005 5392.0103 5418.1899 5446.7324 5477.8247 5511.6758 5548.4614 5588.3589 5631.4844 5677.7700 5725.2222 5771.8242 5820.3867 5870.9048 5923.0073 5976.2915 6030.2344 6084.3247 6137.9365 6190.4858 6241.3408 6289.7026 6338.3906
    -0.6025   -0.6261 5247.4429 5260.8784 5276.0103 5291.9351 5309.2939 5328.4268 5349.4556 5372.5171 5397.7900 5425.4668 5455.7778 5488.9502 5525.2334 5564.8433 5607.9937 5654.8306 5704.9756 5753.6714 5804.2246 5857.2783 5912.5352 5969.5532 6027.8486 6086.8091 6145.8140 6204.1274 6261.0703 6315.8965 6367.7085 6419.5518
    -0.3615   -0.6261 5247.5620 5261.1997 5276.6187 5292.8501 5310.6470 5330.3174 5351.9961 5375.8350 5402.0361 5430.8169 5462.4375 5497.1558 5535.2549 5576.9839 5622.5889 5672.0942 5723.7314 5774.7432 5828.4707 5884.9233 5943.7534 6004.4629 6066.5020 6129.1831 6191.8125 6253.5767 6313.7144 6371.4229 6425.7095 6479.8062
    -0.1205   -0.6261 5247.5659 5261.2090 5276.6353 5292.8735 5310.6816 5330.3647 5352.0581 5375.9136 5402.1343 5430.9341 5462.5771 5497.3188 5535.4443 5577.2026 5622.8452 5672.3950 5724.0488 5775.1025 5828.9033 5885.4609 5944.4409 6005.3560 6067.6685 6130.6982 6193.7534 6256.0156 6316.7300 6375.0728 6430.0386 6484.9019
     0.1205   -0.6261 5247.5664 5261.2090 5276.6353 5292.8721 5310.6768 5330.3545 5352.0425 5375.8906 5402.1030 5430.8955 5462.5317 5497.2686 5535.3955 5577.1611 5622.8174 5672.3931 5724.0820 5775.1792 5829.0425 5885.6792 5944.7554 6005.7778 6068.2153 6131.3765 6194.5586 6256.9453 6317.7554 6376.1587 6431.1382 6485.9619
     0.3615   -0.6261 5247.5649 5261.2046 5276.6245 5292.8545 5310.6489 5330.3130 5351.9814 5375.8042 5401.9834 5430.7319 5462.3101 5496.9731 5535.0044 5576.6484 5622.1543 5671.5522 5723.1211 5774.0420 5827.6660 5884.0269 5942.7886 6003.4663 6065.5146 6128.2515 6190.9805 6252.8906 6313.2065 6371.1089 6425.5903 6479.8813
     0.6025   -0.6261 5247.4448 5260.8789 5276.0083 5291.9287 5309.2793 5328.4019 5349.4160 5372.4585 5397.7080 5425.3564 5455.6338 5488.7676 5525.0078 5564.5723 5607.6758 5654.4644 5704.5615 5753.2598 5803.7646 5856.7632 5911.9502 5968.8770 6027.0601 6085.8853 6144.7368 6202.8906 6259.6768 6314.3545 6366.0269 6417.7461
     0.8435   -0.6261 5247.2847 5260.4478 5275.1904 5290.6992 5307.4590 5325.8594 5346.0039 5368.0078 5392.0244 5418.2114 5446.7651 5477.8721 5511.7417 5548.5522 5588.4824 5631.6475 5677.9790 5725.4639 5772.1118 5820.7314 5871.3086 5923.4619 5976.7822 6030.7485 6084.8276 6138.3994 6190.8760 6241.6187 6289.8374 6338.3506
     1.0845   -0.6261 5247.1445 5260.0669 5274.4668 5289.6079 5305.8413 5323.5967 5342.9653 5364.0430 5386.9614 5411.8530 5438.8833 5468.2051 5499.9951 5534.3960 5571.5552 5611.5586 5654.4814 5699.9194 5744.1519 5788.8838 5835.3398 5883.1919 5932.0986 5981.6104 6031.2900 6080.6089 6129.0874 6176.1851 6221.2485 6266.9146
     1.3255   -0.6261 5246.9673 5259.5894 5273.5640 5288.2534 5303.8423 5320.8174 5339.2563 5359.2383 5380.8740 5404.2715 5429.5679 5456.8872 5486.3740 5518.1470 5552.3242 5588.9795 5628.1709 5669.8208 5712.9287 5754.3379 5796.6865 5840.3154 5884.9507 5930.2280 5975.7896 6021.1968 6066.0522 6109.8970 6152.1592 6195.2847
    -1.2050   -0.8348 5246.9644 5259.5845 5273.5591 5288.2505 5303.8438 5320.8237 5339.2710 5359.2627 5380.9106 5404.3218 5429.6313 5456.9653 5486.4658 5518.2490 5552.4365 5589.0957 5628.2881 5669.9312 5713.0220 5754.4136 5796.7393 5840.3418 5884.9478 5930.1924 5975.7222 6021.1030 6065.9292 6109.7524 6151.9893 6195.0835
    -0.9640   -0.8348 5247.1421 5260.0640 5274.4644 5289.6069 5305.8418 5323.6011 5342.9746 5364.0601 5386.9888 5411.8940 5438.9404 5468.2808 5500.0942 5534.5215 5571.7129 5611.7500 5654.7139 5700.1943 5744.4365 5789.2119 5835.7090 5883.5957 5932.5220 5982.0317 6031.6782 6080.9287 6129.2974 6176.2515 6221.1357 6266.5972
    -0.7230   -0.8348 5247.2842 5260.4468 5275.1875 5290.6909 5307.4438 5325.8315 5345.9595 5367.9399 5391.9248 5418.0708 5446.5728 5477.6133 5511.4014 5548.1123 5587.9229 5630.9478 5677.1221 5724.5122 5771.0142 5819.4448 5869.8237 5921.7759 5974.9038 6028.6875 6082.6240 6136.0957 6188.5332 6239.3101 6287.6479 6336.3804
    -0.4820   -0.8348 5247.4404 5260.8701 5275.9912 5291.9028 5309.2393 5328.3413 5349.3296 5372.3354 5397.5376 5425.1226 5455.3164 5488.3403 5524.4419 5563.8281 5606.7100 5653.2290 5703.0288 5751.5806 5801.7393 5854.3560 5909.1260 5965.6074 6023.3213 6081.6606 6140.0122 6197.6572 6253.9189 6308.0698 6359.2261 6410.3911
    -0.2410   -0.8348 5247.4438 5260.8789 5276.0088 5291.9307 5309.2832 5328.4062 5349.4229 5372.4663 5397.7168 5425.3643 5455.6401 5488.7681 5525.0020 5564.5581 5607.6538 5654.4365 5704.5366 5753.2476 5803.7808 5856.8306 5912.0981 5969.1348 6027.4590 6086.4551 6145.5010 6203.8623 6260.8555 6315.7393 6367.6084 6419.5073
     0.0000   -0.8348 5247.4448 5260.8813 5276.0142 5291.9385 5309.2959 5328.4272 5349.4541 5372.5112 5397.7822 5425.4536 5455.7607 5488.9277 5525.2051 5564.8081 5607.9531 5654.7808 5704.9185 5753.6045 5804.1367 5857.1650 5912.3779 5969.3296 6027.5376 6086.3809 6145.2441 6203.3945 6260.1636 6314.8218 6366.4844 6418.2402
     0.2410   -0.8348 5247.4434 5260.8765 5276.0059 5291.9258 5309.2788 5328.4038 5349.4263 5372.4790 5397.7446 5425.4146 5455.7212 5488.8916 5525.1768 5564.7949 5607.9604 5654.8203 5704.9976 5753.7251 5804.3130 5857.4004 5912.6777 5969.6958 6027.9697 6086.8799 6145.8071 6204.0254 6260.8555 6315.5625 6367.2407 6418.9277
     0.4820   -0.8348 5247.4419 5260.8721 5275.9937 5291.9033 5309.2368 5328.3350 5349.3169 5372.3159 5397.5098 5425.0830 5455.2656 5488.2744 5524.3564 5563.7188 5606.5693 5653.0479 5702.8022 5751.3271 5801.4248 5853.9780 5908.6812 5965.0972 6022.7612 6081.0698 6139.4229 6197.1064 6253.4590 6307.7554 6359.1099 6410.5259
     0.7230   -0.8348 5247.2837 5260.4468 5275.1904 5290.6997 5307.4604 5325.8613 5346.0073 5368.0122 5392.0312 5418.2212 5446.7793 5477.8906 5511.7651 5548.5811 5588.5142 5631.6812 5678.0103 5725.4897 5772.1318 5820.7446 5871.3110 5923.4595 5976.7778 6030.7451 6084.8389 6138.4282 6190.9399 6241.7388 6290.0513 6338.7104
     0.9640   -0.8348 5247.1445 5260.0684 5274.4697 5289.6118 5305.8457 5323.6006 5342.9673 5364.0405 5386.9521 5411.8335 5438.8486 5468.1504 5499.9146 5534.2817 5571.3989 5611.3486 5654.2065 5699.5762 5743.7700 5788.4258 5834.7998 5882.5698 5931.3994 5980.8472 6030.4790 6079.7725 6128.2495 6175.3784 6220.4937 6266.2476
     1.2050   -0.8348 5246.9668 5259.5889 5273.5640 5288.2539 5303.8452 5320.8213 5339.2622 5359.2466 5380.8853 5404.2866 5429.5874 5456.9136 5486.4097 5518.1938 5552.3887 5589.0649 5628.2852 5669.9707 5713.1069 5754.5552 5796.9502 5840.6304 5885.3140 5930.6348 5976.2300 6021.6548 6066.5068 6110.3218 6152.5288 6195.5566
    -1.0845   -1.0436 5246.9658 5259.5874 5273.5630 5288.2520 5303.8413 5320.8149 5339.2524 5359.2310 5380.8623 5404.2534 5429.5396 5456.8467 5486.3184 5518.0698 5552.2227 5588.8477 5628.0039 5669.6138 5712.6924 5754.0615 5796.3550 5839.9248 5884.4956 5929.7080 5975.2031 6020.5493 6065.3506 6109.1597 6151.4160 6194.5889
    -0.8435   -1.0436 5247.1411 5260.0615 5274.4600 5289.6001 5305.8325 5323.5859 5342.9526 5364.0278 5386.9419 5411.8271 5438.8486 5468.1582 5499.9316 5534.3105 5571.4443 5611.4185 5654.3115 5699.7256 5743.9614 5788.6899 5835.1538 5883.0337 5931.9897 5981.5771 6031.3584 6080.8091 6129.4414 6176.7188 6221.9658 6267.8091
    -0.6025   -1.0436 5247.2788 5260.4360 5275.1724 5290.6743 5307.4263 5325.8169 5345.9507 5367.9414 5391.9409 5418.1079 5446.6348 5477.7061 5511.5283 5548.2764 5588.1201 5631.1724 5677.3623 5724.7524 5771.2520 5819.6592 5869.9746 5921.8135 5974.7632 6028.2944 6081.8804 6134.8882 6186.7334 6236.7871 6284.2690 6331.9404
    -0.3615   -1.0436 5247.2832 5260.4458 5275.1885 5290.6968 5307.4561 5325.8545 5345.9990 5368.0024 5392.0200 5418.2095 5446.7671 5477.8794 5511.7559 5548.5718 5588.5063 5631.6694 5677.9902 5725.4565 5772.0776 5820.6582 5871.1831 5923.2812 5976.5469 6030.4624 6084.5156 6138.0869 6190.6104 6241.4502 6289.8296 6338.5688
    -0.1205   -1.0436 5247.2852 5260.4468 5275.1865 5290.6885 5307.4385 5325.8232 5345.9478 5367.9248 5391.9067 5418.0503 5446.5503 5477.5889 5511.3784 5548.0913 5587.9082 5630.9414 5677.1318 5724.5420 5771.0737 5819.5454 5869.9834 5922.0127 5975.2378 6029.1460 6083.2222 6136.8486 6189.4517 6240.3955 6288.8999 6337.8027
     0.1205   -1.0436 5247.2842 5260.4473 5275.1909 5290.7002 5307.4614 5325.8623 5346.0083 5368.0146 5392.0342 5418.2275 5446.7891 5477.9058 5511.7905 5548.6182 5588.5684 5631.7568 5678.1108 5725.6055 5772.2646 5820.8906 5871.4634 5923.6055 5976.9028 6030.8306 6084.8599 6138.3643 6190.7695 6241.4370 6289.5986 6338.0864
     0.3615   -1.0436 5247.2832 5260.4453 5275.1880 5290.6948 5307.4531 5325.8496 5345.9907 5367.9893 5391.9985 5418.1772 5446.7188 5477.8086 5511.6567 5548.4375 5588.3291 5631.4438 5677.7119 5725.1436 5771.7144 5820.2290 5870.6807 5922.6953 5975.8657 6029.6748 6083.6089 6137.0562 6189.4355 6240.1348 6288.3613 6336.9512
     0.6025   -1.0436 5247.2812 5260.4380 5275.1714 5290.6670 5307.4067 5325.7788 5345.8853 5367.8398 5391.7930 5417.9014 5446.3579 5477.3433 5511.0674 5547.7017 5587.4219 5630.3379 5676.3911 5723.7246 5770.1240 5818.4087 5868.6133 5920.3579 5973.2378 6026.7300 6080.3159 6133.3760 6185.3301 6235.5522 6283.2651 6331.2480
     0.8435   -1.0436 5247.1431 5260.0649 5274.4639 5289.6030 5305.8340 5323.5859 5342.9502 5364.0244 5386.9390 5411.8271 5438.8550 5468.1748 5499.9639 5534.3643 5571.5229 5611.5269 5654.4521 5699.8945 5744.1304 5788.8706 5835.3330 5883.1895 5932.0962 5981.6089 6031.2827 6080.5913 6129.0439 6176.0991 6221.0815 6266.5991
     1.0845   -1.0436 5246.9668 5259.5894 5273.5664 5288.2593 5303.8550 5320.8379 5339.2871 5359.2832 5380.9355 5404.3540 5429.6758 5457.0244 5486.5464 5518.3574 5552.5835 5589.2886 5628.5361 5670.2422 5713.3735 5754.8164 5797.2075 5840.8706 5885.5254 5930.8013 5976.3374 6021.6895 6066.4609 6110.1982 6152.3335 6195.3306
    -0.9640   -1.2523 5246.9648 5259.5854 5273.5601 5288.2490 5303.8384 5320.8135 5339.2529 5359.2344 5380.8701 5404.2666 5429.5610 5456.8774 5486.3608 5518.1260 5552.2974 5588.9429 5628.1240 5669.7622 5712.8638 5754.2622 5796.5957 5840.2104 5884.8296 5930.0874 5975.6289 6021.0161 6065.8442 6109.6567 6151.8765 6194.9395
    -0.7230   -1.2523 5247.1406 5260.0601 5274.4556 5289.5923 5305.8174 5323.5615 5342.9155 5363.9731 5386.8652 5411.7241 5438.7119 5467.9795 5499.7031 5534.0215 5571.0806 5610.9644 5653.7476 5699.0483 5743.2358 5787.8218 5834.1162 5881.7993 5930.5259 5979.8481 6029.3286 6078.4351 6126.6797 6173.5249 6218.2969 6263.5918
    -0.4820   -1.2523 5247.1421 5260.0620 5274.4604 5289.5981 5305.8267 5323.5762 5342.9370 5364.0068 5386.9170 5411.7998 5438.8223 5468.1382 5499.9248 5534.3252 5571.4902 5611.5063 5654.4502 5699.9194 5744.1890 5788.9702 5835.4814 5883.3926 5932.3579 5981.9233 6031.6465 6080.9932 6129.4766 6176.5576 6221.5747 6267.1587
    -0.2410   -1.2523 5247.1426 5260.0645 5274.4653 5289.6084 5305.8447 5323.6045 5342.9785 5364.0654 5386.9956 5411.9014 5438.9502 5468.2944 5500.1128 5534.5469 5571.7466 5611.7969 5654.7754 5700.2739 5744.5259 5789.3223 5835.8408 5883.7490 5932.6992 5982.2456 6031.9390 6081.2539 6129.7046 6176.7520 6221.7295 6267.2681
     0.0000   -1.2523 5247.1416 5260.0635 5274.4644 5289.6084 5305.8462 5323.6094 5342.9902 5364.0859 5387.0308 5411.9570 5439.0347 5468.4155 5500.2803 5534.7705 5572.0361 5612.1611 5655.2197 5700.7964 5745.0664 5789.9375 5836.5225 5884.4917 5933.4888 5983.0649 6032.7661 6082.0630 6130.4697 6177.4473 6222.3394 6267.7749
     0.2410   -1.2523 5247.1426 5260.0654 5274.4658 5289.6084 5305.8433 5323.6001 5342.9692 5364.0488 5386.9692 5411.8628 5438.8955 5468.2212 5500.0161 5534.4243 5571.5928 5611.6089 5654.5498 5700.0146 5744.2646 5789.0361 5835.5396 5883.4478 5932.4194 5982.0044 6031.7559 6081.1499 6129.6943 6176.8501 6221.9478 6267.6216
     0.4820   -1.2523 5247.1411 5260.0605 5274.4580 5289.5977 5305.8301 5323.5859 5342.9575 5364.0430 5386.9727 5411.8809 5438.9346 5468.2871 5500.1162 5534.5669 5571.7871 5611.8618 5654.8691 5700.4009 5744.6802 5789.5254 5836.1035 5884.0771 5933.1006 5982.7178 6032.4810 6081.8496 6130.3354 6177.3984 6222.3721 6267.8809
     0.7230   -1.2523 5247.1401 5260.0596 5274.4561 5289.5952 5305.8262 5323.5791 5342.9443 5364.0186 5386.9307 5411.8130 5438.8296 5468.1299 5499.8896 5534.2480 5571.3481 5611.2734 5654.0942 5699.4224 5743.5835 5788.1719 5834.4507 5882.0947 5930.7563 5979.9907 6029.3589 6078.3374 6126.4473 6173.1616 6217.8232 6263.0474
     0.9640   -1.2523 5246.9663 5259.5874 5273.5610 5288.2490 5303.8354 5320.8066 5339.2397 5359.2139 5380.8389 5404.2222 5429.5005 5456.7983 5486.2612 5518.0039 5552.1509 5588.7715 5627.9316 5669.5532 5712.6582 5754.0552 5796.3906 5840.0122 5884.6465 5929.9258 5975.4912 6020.9043 6065.7588 6109.5977 6151.8423 6194.9341
    -0.6025   -1.4610 5246.9648 5259.5859 5273.5605 5288.2500 5303.8403 5320.8164 5339.2583 5359.2432 5380.8838 5404.2856 5429.5874 5456.9131 5486.4062 5518.1855 5552.3716 5589.0361 5628.2393 5669.8999 5713.0156 5754.4341 5796.7920 5840.4272 5885.0640 5930.3301 5975.8643 6021.2285 6066.0146 6109.7705 6151.9229 6194.9092
    -0.3615   -1.4610 5246.9663 5259.5884 5273.5630 5288.2515 5303.8389 5320.8110 5339.2461 5359.2222 5380.8501 5404.2388 5429.5225 5456.8271 5486.2979 5518.0503 5552.2061 5588.8359 5628.0029 5669.6289 5712.7310 5754.1274 5796.4629 5840.0903 5884.7314 5930.0264 5975.6216 6021.0732 6065.9858 6109.9019 6152.2461 6195.4624
    -0.1205   -1.4610 5246.9663 5259.5884 5273.5640 5288.2544 5303.8457 5320.8228 5339.2642 5359.2495 5380.8882 5404.2876 5429.5864 5456.9053 5486.3921 5518.1611 5552.3345 5588.9829 5628.1665 5669.8081 5712.9102 5754.3076 5796.6440 5840.2593 5884.8784 5930.1323 5975.6621 6021.0264 6065.8267 6109.6011 6151.7925 6194.8521
     0.1205   -1.4610 5246.9663 5259.5884 5273.5640 5288.2549 5303.8477 5320.8262 5339.2695 5359.2573 5380.8999 5404.3052 5429.6113 5456.9419 5486.4424 5518.2290 5552.4253 5589.0991 5628.3101 5669.9795 5713.0918 5754.5054 5796.8574 5840.4858 5885.1118 5930.3691 5975.9014 6021.2720 6066.0776 6109.8706 6152.0664 6195.1104
     0.3615   -1.4610 5246.9658 5259.5874 5273.5630 5288.2534 5303.8438 5320.8198 5339.2598 5359.2417 5380.8765 5404.2715 5429.5625 5456.8730 5486.3496 5518.1035 5552.2588 5588.8818 5628.0361 5669.6392 5712.7090 5754.0605 5796.3364 5839.8857 5884.4326 5929.6152 5975.0815 6020.3955 6065.1694 6108.9561 6151.1934 6194.3579
     0.6025   -1.4610 5246.9653 5259.5854 5273.5591 5288.2480 5303.8359 5320.8101 5339.2476 5359.2280 5380.8623 5404.2568 5429.5518 5456.8687 5486.3550 5518.1245 5552.3027 5588.9600 5628.1543 5669.8110 5712.9277 5754.3477 5796.7070 5840.3491 5885.0020 5930.2974 5975.8813 6021.3125 6066.1943 6110.0601 6152.3403 6195.4590
