    -0.602500    1.460985    0.132260    0.132373    0.132614    0.132848    0.133086    0.133318    0.133592    0.133902    0.134225    0.134546    0.134876    0.135206    0.135545    0.135887    0.136238    0.136594    0.136959    0.137332    0.137714    0.138105    0.138502    0.138966    0.139486    0.140007    0.140509    0.141000    0.141466    0.141917    0.142336    0.142747
     0.142941   -0.361500    1.460985    0.132194    0.132313    0.132547    0.132784    0.133024    0.133263    0.133540    0.133857    0.134180    0.134505    0.134834    0.135167    0.135505    0.135849    0.136200    0.136559    0.136927    0.137306    0.137696    0.138096    0.138505    0.138981    0.139511    0.140038    0.140550    0.141047    0.141524    0.141982    0.142414
     0.142839    0.143053   -0.120500    1.460985    0.132208    0.132325    0.132568    0.132810    0.133057    0.133305    0.133591    0.133909    0.134233    0.134558    0.134889    0.135223    0.135564    0.135910    0.136264    0.136626    0.136998    0.137382    0.137779    0.138187    0.138620    0.139118    0.139650    0.140178    0.140688    0.141187    0.141663    0.142122
     0.142550    0.142971    0.143174    0.120500    1.460985    0.132828    0.132939    0.133174    0.133420    0.133705    0.134003    0.134314    0.134626    0.134950    0.135272    0.135603    0.135933    0.136270    0.136608    0.136955    0.137305    0.137664    0.138029    0.138399    0.138839    0.139348    0.139867    0.140382    0.140893    0.141389    0.141874    0.142335
     0.142783    0.143198    0.143607    0.143800    0.361500    1.460985    0.132698    0.132813    0.133046    0.133302    0.133597    0.133912    0.134235    0.134564    0.134901    0.135243    0.135592    0.135945    0.136303    0.136665    0.137033    0.137404    0.137781    0.138162    0.138553    0.139014    0.139535    0.140056    0.140566    0.141065    0.141550    0.142021
     0.142473    0.142908    0.143320    0.143729    0.143934    0.602500    1.460985    0.132808    0.132923    0.133161    0.133416    0.133711    0.134018    0.134332    0.134646    0.134968    0.135291    0.135622    0.135954    0.136294    0.136636    0.136986    0.137341    0.137705    0.138077    0.138463    0.138924    0.139447    0.139975    0.140493    0.141007    0.141505
     0.141993    0.142458    0.142908    0.143326    0.143738    0.143935   -0.964000    1.252273    0.132183    0.132301    0.132532    0.132768    0.133005    0.133245    0.133522    0.133844    0.134171    0.134504    0.134839    0.135180    0.135524    0.135876    0.136232    0.136595    0.136966    0.137345    0.137731    0.138127    0.138532    0.139004    0.139535    0.140064
     0.140582    0.141083    0.141569    0.142030    0.142472    0.142899    0.143122   -0.723000    1.252273    0.132212    0.132327    0.132568    0.132807    0.133051    0.133296    0.133584    0.133911    0.134246    0.134584    0.134928    0.135276    0.135629    0.135987    0.136352    0.136723    0.137101    0.137486    0.137876    0.138269    0.138718    0.139243    0.139783
     0.140320    0.140842    0.141350    0.141835    0.142300    0.142733    0.143152    0.143356   -0.482000    1.252273    0.132194    0.132312    0.132554    0.132795    0.133041    0.133288    0.133580    0.133909    0.134246    0.134587    0.134934    0.135284    0.135641    0.136003    0.136371    0.136745    0.137126    0.137515    0.137909    0.138304    0.138757    0.139282
     0.139819    0.140350    0.140865    0.141367    0.141844    0.142304    0.142732    0.143151    0.143356   -0.241000    1.252273    0.132219    0.132334    0.132580    0.132821    0.133068    0.133317    0.133610    0.133935    0.134270    0.134606    0.134951    0.135297    0.135652    0.136011    0.136377    0.136751    0.137134    0.137526    0.137927    0.138335    0.138811
     0.139352    0.139894    0.140433    0.140953    0.141463    0.141945    0.142411    0.142840    0.143255    0.143444    0.000000    1.252273    0.132733    0.132847    0.133081    0.133328    0.133612    0.133911    0.134225    0.134548    0.134883    0.135219    0.135565    0.135911    0.136265    0.136621    0.136986    0.137354    0.137730    0.138107    0.138515    0.139001
     0.139531    0.140072    0.140610    0.141143    0.141658    0.142161    0.142639    0.143098    0.143523    0.143933    0.144127    0.241000    1.252273    0.132784    0.132897    0.133126    0.133377    0.133667    0.133974    0.134290    0.134615    0.134948    0.135290    0.135638    0.135995    0.136357    0.136727    0.137102    0.137484    0.137871    0.138259    0.138707
     0.139232    0.139785    0.140335    0.140880    0.141412    0.141932    0.142432    0.142913    0.143369    0.143801    0.144220    0.144440    0.482000    1.252273    0.132816    0.132931    0.133168    0.133426    0.133724    0.134036    0.134357    0.134681    0.135014    0.135351    0.135696    0.136045    0.136402    0.136764    0.137132    0.137505    0.137884    0.138264
     0.138705    0.139226    0.139771    0.140313    0.140848    0.141373    0.141883    0.142377    0.142850    0.143303    0.143728    0.144143    0.144349    0.723000    1.252273    0.132751    0.132866    0.133104    0.133363    0.133662    0.133976    0.134297    0.134620    0.134952    0.135288    0.135633    0.135984    0.136343    0.136709    0.137082    0.137463    0.137850
     0.138240    0.138690    0.139221    0.139778    0.140334    0.140882    0.141420    0.141942    0.142448    0.142930    0.143389    0.143818    0.144233    0.144439    0.964000    1.252273    0.132839    0.132951    0.133190    0.133438    0.133725    0.134020    0.134322    0.134622    0.134931    0.135239    0.135558    0.135880    0.136212    0.136549    0.136898    0.137255
     0.137625    0.138005    0.138402    0.138876    0.139415    0.139960    0.140496    0.141028    0.141543    0.142048    0.142526    0.142988    0.143414    0.143831    0.144026   -1.084500    1.043561    0.132148    0.132265    0.132499    0.132735    0.132973    0.133212    0.133489    0.133811    0.134140    0.134475    0.134814    0.135159    0.135509    0.135865    0.136227
     0.136594    0.136967    0.137347    0.137734    0.138128    0.138528    0.138994    0.139516    0.140038    0.140544    0.141038    0.141511    0.141966    0.142393    0.142809    0.143012   -0.843500    1.043561    0.132184    0.132301    0.132543    0.132786    0.133033    0.133284    0.133581    0.133916    0.134263    0.134611    0.134968    0.135325    0.135691    0.136059
     0.136433    0.136810    0.137193    0.137578    0.137969    0.138357    0.138804    0.139320    0.139851    0.140375    0.140884    0.141381    0.141853    0.142308    0.142730    0.143138    0.143329   -0.602500    1.043561    0.132195    0.132310    0.132556    0.132796    0.133038    0.133286    0.133581    0.133913    0.134256    0.134604    0.134960    0.135324    0.135694
     0.136072    0.136455    0.136847    0.137243    0.137645    0.138047    0.138482    0.138992    0.139551    0.140107    0.140655    0.141187    0.141704    0.142196    0.142665    0.143099    0.143517    0.143717   -0.361500    1.043561    0.132107    0.132226    0.132470    0.132716    0.132966    0.133226    0.133533    0.133878    0.134232    0.134592    0.134961    0.135336
     0.135718    0.136107    0.136504    0.136907    0.137318    0.137735    0.138155    0.138612    0.139150    0.139723    0.140290    0.140844    0.141384    0.141902    0.142398    0.142864    0.143301    0.143719    0.143929   -0.120500    1.043561    0.132137    0.132255    0.132504    0.132753    0.133009    0.133277    0.133591    0.133935    0.134286    0.134644    0.135009
     0.135382    0.135761    0.136148    0.136542    0.136944    0.137354    0.137774    0.138196    0.138679    0.139232    0.139806    0.140369    0.140922    0.141456    0.141974    0.142466    0.142936    0.143374    0.143801    0.144013    0.120500    1.043561    0.132658    0.132775    0.133008    0.133265    0.133563    0.133881    0.134212    0.134555    0.134910    0.135270
     0.135639    0.136012    0.136394    0.136777    0.137169    0.137562    0.137960    0.138367    0.138854    0.139404    0.139969    0.140533    0.141090    0.141635    0.142163    0.142672    0.143157    0.143619    0.144047    0.144460    0.144659    0.361500    1.043561    0.132867    0.132981    0.133221    0.133481    0.133781    0.134092    0.134413    0.134736    0.135067
     0.135401    0.135744    0.136089    0.136442    0.136800    0.137165    0.137536    0.137912    0.138318    0.138809    0.139365    0.139928    0.140494    0.141052    0.141605    0.142140    0.142662    0.143158    0.143633    0.144072    0.144495    0.144695    0.602500    1.043561    0.132745    0.132862    0.133096    0.133360    0.133664    0.133985    0.134313    0.134649
     0.134993    0.135344    0.135703    0.136069    0.136442    0.136821    0.137206    0.137596    0.137989    0.138408    0.138910    0.139473    0.140043    0.140610    0.141170    0.141717    0.142249    0.142762    0.143250    0.143714    0.144146    0.144562    0.144766    0.843500    1.043561    0.132755    0.132873    0.133106    0.133365    0.133664    0.133980    0.134300
     0.134625    0.134955    0.135292    0.135635    0.135984    0.136342    0.136706    0.137078    0.137459    0.137848    0.138240    0.138699    0.139239    0.139804    0.140369    0.140928    0.141477    0.142012    0.142528    0.143021    0.143487    0.143925    0.144351    0.144574    1.084500    1.043561    0.132714    0.132829    0.133063    0.133315    0.133605    0.133909
     0.134218    0.134529    0.134846    0.135167    0.135496    0.135831    0.136175    0.136526    0.136887    0.137256    0.137636    0.138026    0.138432    0.138913    0.139458    0.140006    0.140546    0.141079    0.141596    0.142101    0.142579    0.143039    0.143464    0.143880    0.144079   -1.205000    0.834848    0.132156    0.132273    0.132511    0.132749    0.132990
     0.133229    0.133509    0.133829    0.134160    0.134493    0.134834    0.135178    0.135530    0.135886    0.136251    0.136621    0.136999    0.137384    0.137777    0.138177    0.138584    0.139057    0.139586    0.140114    0.140626    0.141125    0.141602    0.142061    0.142489    0.142906    0.143109   -0.964000    0.834848    0.132177    0.132294    0.132534    0.132773
     0.133015    0.133262    0.133552    0.133882    0.134222    0.134568    0.134919    0.135278    0.135642    0.136014    0.136392    0.136778    0.137170    0.137569    0.137974    0.138379    0.138847    0.139383    0.139934    0.140475    0.141004    0.141512    0.142001    0.142462    0.142898    0.143317    0.143535   -0.723000    0.834848    0.132120    0.132240    0.132480
     0.132726    0.132976    0.133237    0.133543    0.133890    0.134243    0.134602    0.134968    0.135338    0.135714    0.136095    0.136481    0.136873    0.137270    0.137672    0.138076    0.138517    0.139036    0.139598    0.140157    0.140708    0.141244    0.141763    0.142259    0.142731    0.143170    0.143593    0.143805   -0.482000    0.834848    0.132123    0.132245
     0.132493    0.132743    0.133000    0.133272    0.133593    0.133950    0.134316    0.134688    0.135068    0.135453    0.135845    0.136241    0.136644    0.137050    0.137461    0.137874    0.138293    0.138790    0.139354    0.139928    0.140493    0.141049    0.141587    0.142107    0.142601    0.143071    0.143508    0.143930    0.144137   -0.241000    0.834848    0.132107
     0.132231    0.132481    0.132733    0.132989    0.133258    0.133573    0.133923    0.134278    0.134641    0.135009    0.135386    0.135767    0.136159    0.136555    0.136963    0.137376    0.137800    0.138237    0.138763    0.139351    0.139946    0.140532    0.141110    0.141670    0.142211    0.142726    0.143213    0.143665    0.144097    0.144311    0.000000    0.834848
     0.132103    0.132225    0.132475    0.132732    0.132996    0.133284    0.133612    0.133967    0.134327    0.134697    0.135072    0.135458    0.135849    0.136251    0.136659    0.137078    0.137507    0.137944    0.138423    0.138988    0.139592    0.140194    0.140786    0.141368    0.141932    0.142478    0.142996    0.143488    0.143944    0.144382    0.144598    0.241000
     0.834848    0.132808    0.132925    0.133166    0.133430    0.133736    0.134054    0.134386    0.134724    0.135074    0.135428    0.135792    0.136160    0.136538    0.136921    0.137311    0.137707    0.138103    0.138569    0.139124    0.139710    0.140303    0.140893    0.141475    0.142044    0.142596    0.143125    0.143630    0.144104    0.144548    0.144974    0.145189
     0.482000    0.834848    0.132827    0.132943    0.133183    0.133449    0.133756    0.134075    0.134404    0.134738    0.135080    0.135429    0.135786    0.136150    0.136522    0.136901    0.137286    0.137678    0.138070    0.138542    0.139103    0.139694    0.140288    0.140882    0.141468    0.142042    0.142600    0.143136    0.143646    0.144125    0.144572    0.144997
     0.145211    0.723000    0.834848    0.132775    0.132890    0.133130    0.133391    0.133693    0.134006    0.134327    0.134653    0.134986    0.135326    0.135674    0.136030    0.136393    0.136765    0.137144    0.137532    0.137925    0.138351    0.138864    0.139439    0.140017    0.140596    0.141165    0.141726    0.142268    0.142794    0.143292    0.143767    0.144207
     0.144632    0.144839    0.964000    0.834848    0.132761    0.132875    0.133116    0.133375    0.133676    0.133988    0.134311    0.134634    0.134967    0.135301    0.135646    0.135994    0.136353    0.136715    0.137089    0.137467    0.137856    0.138246    0.138703    0.139238    0.139798    0.140356    0.140907    0.141449    0.141974    0.142484    0.142967    0.143429
     0.143856    0.144270    0.144467    1.205000    0.834848    0.132732    0.132848    0.133081    0.133333    0.133623    0.133929    0.134240    0.134553    0.134870    0.135192    0.135519    0.135851    0.136191    0.136538    0.136894    0.137260    0.137637    0.138026    0.138433    0.138917    0.139467    0.140021    0.140570    0.141110    0.141637    0.142148    0.142636
     0.143100    0.143536    0.143958    0.144169   -1.325500    0.626136    0.132105    0.132220    0.132459    0.132694    0.132933    0.133168    0.133445    0.133762    0.134090    0.134421    0.134761    0.135106    0.135460    0.135820    0.136189    0.136565    0.136950    0.137342    0.137742    0.138150    0.138562    0.139041    0.139573    0.140105    0.140618    0.141118
     0.141593    0.142051    0.142475    0.142891    0.143090   -1.084500    0.626136    0.132131    0.132248    0.132488    0.132726    0.132966    0.133208    0.133494    0.133819    0.134154    0.134495    0.134844    0.135200    0.135564    0.135936    0.136316    0.136704    0.137100    0.137503    0.137913    0.138324    0.138794    0.139335    0.139888    0.140434    0.140964
     0.141479    0.141969    0.142436    0.142870    0.143289    0.143491   -0.843500    0.626136    0.132092    0.132211    0.132455    0.132700    0.132950    0.133207    0.133512    0.133855    0.134207    0.134566    0.134934    0.135308    0.135689    0.136078    0.136472    0.136874    0.137280    0.137692    0.138104    0.138552    0.139076    0.139642    0.140200    0.140750
     0.141282    0.141800    0.142291    0.142761    0.143196    0.143618    0.143824   -0.602500    0.626136    0.132190    0.132308    0.132562    0.132810    0.133062    0.133321    0.133632    0.133975    0.134328    0.134686    0.135055    0.135429    0.135813    0.136203    0.136603    0.137009    0.137422    0.137841    0.138274    0.138790    0.139371    0.139960    0.140542
     0.141112    0.141664    0.142196    0.142699    0.143173    0.143610    0.144023    0.144218   -0.361500    0.626136    0.132047    0.132171    0.132417    0.132675    0.132939    0.133228    0.133564    0.133932    0.134306    0.134688    0.135076    0.135473    0.135875    0.136284    0.136700    0.137124    0.137552    0.137985    0.138473    0.139049    0.139660    0.140271
     0.140873    0.141465    0.142039    0.142592    0.143118    0.143612    0.144074    0.144515    0.144743   -0.120500    0.626136    0.132028    0.132150    0.132406    0.132665    0.132930    0.133220    0.133556    0.133920    0.134292    0.134673    0.135064    0.135464    0.135874    0.136292    0.136719    0.137156    0.137603    0.138052    0.138576    0.139180    0.139802
     0.140418    0.141022    0.141613    0.142182    0.142731    0.143248    0.143739    0.144190    0.144622    0.144823    0.120500    0.626136    0.132693    0.132816    0.133062    0.133331    0.133641    0.133965    0.134305    0.134653    0.135013    0.135376    0.135749    0.136124    0.136509    0.136898    0.137295    0.137696    0.138104    0.138598    0.139175    0.139776
     0.140384    0.140991    0.141590    0.142177    0.142747    0.143294    0.143814    0.144303    0.144754    0.145180    0.145385    0.361500    0.626136    0.132712    0.132829    0.133073    0.133347    0.133665    0.133996    0.134338    0.134689    0.135050    0.135419    0.135798    0.136184    0.136579    0.136979    0.137385    0.137793    0.138224    0.138746    0.139344
     0.139954    0.140565    0.141171    0.141767    0.142351    0.142914    0.143456    0.143968    0.144452    0.144896    0.145317    0.145518    0.602500    0.626136    0.132725    0.132843    0.133089    0.133361    0.133677    0.134004    0.134340    0.134680    0.135029    0.135384    0.135749    0.136120    0.136498    0.136885    0.137277    0.137678    0.138080    0.138566
     0.139141    0.139740    0.140340    0.140938    0.141527    0.142105    0.142663    0.143201    0.143708    0.144188    0.144631    0.145057    0.145267    0.843500    0.626136    0.132721    0.132836    0.133078    0.133343    0.133651    0.133970    0.134298    0.134629    0.134970    0.135315    0.135670    0.136029    0.136398    0.136773    0.137156    0.137546    0.137944
     0.138372    0.138889    0.139466    0.140048    0.140629    0.141202    0.141767    0.142312    0.142841    0.143338    0.143811    0.144243    0.144658    0.144849    1.084500    0.626136    0.132725    0.132839    0.133076    0.133332    0.133627    0.133934    0.134247    0.134562    0.134883    0.135209    0.135542    0.135882    0.136230    0.136586    0.136951    0.137328
     0.137714    0.138109    0.138569    0.139116    0.139688    0.140266    0.140837    0.141405    0.141956    0.142493    0.143003    0.143489    0.143938    0.144368    0.144575    1.325500    0.626136    0.132595    0.132713    0.132940    0.133195    0.133487    0.133801    0.134119    0.134444    0.134772    0.135109    0.135449    0.135799    0.136154    0.136518    0.136890
     0.137272    0.137664    0.138067    0.138485    0.138981    0.139539    0.140099    0.140653    0.141196    0.141727    0.142237    0.142728    0.143192    0.143634    0.144062    0.144289   -1.446000    0.417424    0.132059    0.132175    0.132412    0.132648    0.132888    0.133126    0.133405    0.133724    0.134054    0.134388    0.134730    0.135077    0.135434    0.135797
     0.136170    0.136551    0.136941    0.137340    0.137747    0.138163    0.138584    0.139072    0.139610    0.140147    0.140665    0.141169    0.141648    0.142109    0.142538    0.142956    0.143157   -1.205000    0.417424    0.132085    0.132205    0.132444    0.132687    0.132935    0.133188    0.133485    0.133821    0.134167    0.134516    0.134874    0.135237    0.135608
     0.135984    0.136369    0.136760    0.137158    0.137562    0.137973    0.138382    0.138852    0.139390    0.139939    0.140479    0.141003    0.141512    0.141997    0.142460    0.142890    0.143308    0.143516   -0.964000    0.417424    0.132197    0.132315    0.132570    0.132816    0.133067    0.133319    0.133621    0.133955    0.134301    0.134648    0.135006    0.135368
     0.135740    0.136117    0.136503    0.136895    0.137295    0.137700    0.138108    0.138552    0.139073    0.139635    0.140188    0.140734    0.141262    0.141775    0.142261    0.142724    0.143149    0.143558    0.143747   -0.723000    0.417424    0.132093    0.132216    0.132466    0.132719    0.132976    0.133246    0.133564    0.133916    0.134275    0.134642    0.135016
     0.135398    0.135787    0.136185    0.136590    0.137003    0.137423    0.137849    0.138288    0.138810    0.139395    0.139986    0.140568    0.141138    0.141690    0.142222    0.142728    0.143205    0.143649    0.144077    0.144294   -0.482000    0.417424    0.132139    0.132257    0.132514    0.132765    0.133023    0.133296    0.133620    0.133971    0.134332    0.134700
     0.135078    0.135464    0.135860    0.136264    0.136677    0.137099    0.137528    0.137962    0.138453    0.139033    0.139640    0.140246    0.140836    0.141419    0.141977    0.142518    0.143025    0.143508    0.143948    0.144372    0.144568   -0.241000    0.417424    0.132685    0.132810    0.133058    0.133321    0.133622    0.133936    0.134275    0.134625    0.134991
     0.135358    0.135738    0.136121    0.136515    0.136912    0.137319    0.137725    0.138139    0.138635    0.139209    0.139811    0.140425    0.141035    0.141638    0.142224    0.142793    0.143337    0.143852    0.144335    0.144781    0.145199    0.145406    0.000000    0.417424    0.132007    0.132131    0.132388    0.132656    0.132933    0.133245    0.133598    0.133971
     0.134350    0.134740    0.135135    0.135542    0.135955    0.136379    0.136809    0.137256    0.137709    0.138204    0.138794    0.139443    0.140088    0.140733    0.141366    0.141990    0.142591    0.143171    0.143719    0.144234    0.144709    0.145162    0.145391    0.241000    0.417424    0.132703    0.132824    0.133072    0.133351    0.133674    0.134010    0.134359
     0.134715    0.135081    0.135452    0.135833    0.136219    0.136614    0.137015    0.137422    0.137832    0.138286    0.138840    0.139457    0.140085    0.140716    0.141342    0.141960    0.142562    0.143144    0.143699    0.144224    0.144714    0.145165    0.145593    0.145808    0.482000    0.417424    0.132654    0.132776    0.133022    0.133303    0.133629    0.133971
     0.134322    0.134682    0.135050    0.135426    0.135811    0.136201    0.136601    0.137005    0.137416    0.137830    0.138273    0.138807    0.139417    0.140034    0.140650    0.141259    0.141859    0.142443    0.143007    0.143548    0.144057    0.144537    0.144979    0.145404    0.145614    0.723000    0.417424    0.132713    0.132833    0.133079    0.133354    0.133674
     0.134006    0.134347    0.134692    0.135044    0.135400    0.135764    0.136131    0.136506    0.136885    0.137273    0.137668    0.138066    0.138547    0.139122    0.139721    0.140322    0.140925    0.141521    0.142109    0.142678    0.143229    0.143748    0.144240    0.144690    0.145118    0.145322    0.964000    0.417424    0.132704    0.132821    0.133068    0.133336
     0.133648    0.133971    0.134303    0.134637    0.134980    0.135326    0.135683    0.136043    0.136415    0.136791    0.137179    0.137572    0.137976    0.138409    0.138933    0.139515    0.140103    0.140689    0.141267    0.141836    0.142385    0.142916    0.143416    0.143891    0.144327    0.144748    0.144950    1.205000    0.417424    0.132701    0.132814    0.133059
     0.133319    0.133621    0.133932    0.134254    0.134575    0.134907    0.135240    0.135584    0.135932    0.136289    0.136653    0.137028    0.137410    0.137804    0.138201    0.138664    0.139209    0.139780    0.140351    0.140914    0.141470    0.142008    0.142530    0.143024    0.143495    0.143927    0.144341    0.144533    1.446000    0.417424    0.132695    0.132809
     0.133049    0.133303    0.133598    0.133904    0.134218    0.134532    0.134854    0.135177    0.135509    0.135845    0.136191    0.136543    0.136905    0.137277    0.137660    0.138054    0.138465    0.138952    0.139502    0.140056    0.140601    0.141139    0.141660    0.142167    0.142648    0.143109    0.143536    0.143952    0.144152   -1.566500    0.208712    0.132114
     0.132229    0.132474    0.132713    0.132958    0.133200    0.133483    0.133800    0.134127    0.134458    0.134796    0.135141    0.135493    0.135854    0.136222    0.136601    0.136987    0.137385    0.137792    0.138209    0.138639    0.139133    0.139671    0.140206    0.140722    0.141226    0.141705    0.142166    0.142594    0.143014    0.143217   -1.325500    0.208712
     0.132114    0.132232    0.132476    0.132719    0.132967    0.133219    0.133512    0.133842    0.134178    0.134520    0.134869    0.135226    0.135590    0.135964    0.136345    0.136736    0.137135    0.137545    0.137962    0.138387    0.138880    0.139434    0.139991    0.140542    0.141076    0.141594    0.142086    0.142555    0.142990    0.143409    0.143616   -1.084500
     0.208712    0.132148    0.132268    0.132518    0.132766    0.133017    0.133276    0.133579    0.133914    0.134256    0.134604    0.134959    0.135324    0.135694    0.136075    0.136462    0.136861    0.137265    0.137681    0.138098    0.138563    0.139099    0.139670    0.140228    0.140781    0.141313    0.141832    0.142324    0.142794    0.143231    0.143656    0.143863
    -0.843500    0.208712    0.132078    0.132203    0.132449    0.132705    0.132965    0.133246    0.133569    0.133926    0.134286    0.134655    0.135027    0.135408    0.135793    0.136188    0.136587    0.136997    0.137413    0.137839    0.138285    0.138822    0.139411    0.140007    0.140595    0.141173    0.141734    0.142276    0.142791    0.143277    0.143730    0.144166
     0.144392   -0.602500    0.208712    0.132091    0.132217    0.132477    0.132739    0.133008    0.133296    0.133633    0.133997    0.134371    0.134751    0.135142    0.135538    0.135945    0.136356    0.136778    0.137202    0.137636    0.138069    0.138561    0.139133    0.139729    0.140317    0.140890    0.141452    0.141991    0.142513    0.143003    0.143472    0.143898
     0.144310    0.144496   -0.361500    0.208712    0.132072    0.132195    0.132455    0.132719    0.132993    0.133295    0.133642    0.134012    0.134390    0.134778    0.135175    0.135581    0.135995    0.136419    0.136850    0.137293    0.137741    0.138218    0.138784    0.139413    0.140040    0.140662    0.141271    0.141866    0.142437    0.142987    0.143503    0.143990
     0.144435    0.144862    0.145068   -0.120500    0.208712    0.132057    0.132182    0.132449    0.132722    0.133007    0.133324    0.133685    0.134063    0.134449    0.134843    0.135245    0.135655    0.136073    0.136498    0.136932    0.137377    0.137829    0.138334    0.138933    0.139576    0.140210    0.140841    0.141459    0.142065    0.142648    0.143212    0.143741
     0.144244    0.144703    0.145142    0.145348    0.120500    0.208712    0.132665    0.132785    0.133042    0.133323    0.133650    0.133985    0.134341    0.134700    0.135077    0.135456    0.135850    0.136245    0.136654    0.137063    0.137484    0.137901    0.138377    0.138949    0.139575    0.140206    0.140839    0.141464    0.142077    0.142676    0.143250    0.143802
     0.144318    0.144806    0.145243    0.145653    0.145832    0.361500    0.208712    0.132647    0.132768    0.133013    0.133294    0.133617    0.133955    0.134301    0.134656    0.135019    0.135390    0.135768    0.136157    0.136550    0.136954    0.137363    0.137779    0.138249    0.138827    0.139459    0.140101    0.140743    0.141385    0.142018    0.142640    0.143241
     0.143819    0.144366    0.144878    0.145352    0.145800    0.146028    0.602500    0.208712    0.132683    0.132805    0.133059    0.133343    0.133670    0.134008    0.134355    0.134705    0.135065    0.135430    0.135805    0.136186    0.136576    0.136973    0.137378    0.137789    0.138231    0.138768    0.139382    0.140005    0.140629    0.141249    0.141861    0.142460
     0.143038    0.143593    0.144116    0.144605    0.145053    0.145476    0.145678    0.843500    0.208712    0.132621    0.132742    0.132983    0.133259    0.133576    0.133910    0.134250    0.134597    0.134951    0.135313    0.135680    0.136056    0.136436    0.136827    0.137223    0.137629    0.138037    0.138531    0.139117    0.139729    0.140344    0.140960    0.141569
     0.142168    0.142749    0.143308    0.143838    0.144335    0.144796    0.145236    0.145464    1.084500    0.208712    0.132648    0.132766    0.133010    0.133280    0.133594    0.133922    0.134259    0.134599    0.134949    0.135302    0.135664    0.136030    0.136405    0.136785    0.137173    0.137568    0.137970    0.138402    0.138923    0.139503    0.140088    0.140671
     0.141246    0.141811    0.142357    0.142885    0.143386    0.143861    0.144300    0.144722    0.144927    1.325500    0.208712    0.132648    0.132764    0.133003    0.133265    0.133568    0.133886    0.134212    0.134540    0.134876    0.135215    0.135561    0.135913    0.136271    0.136638    0.137013    0.137397    0.137790    0.138189    0.138653    0.139201    0.139773
     0.140347    0.140914    0.141473    0.142016    0.142544    0.143047    0.143526    0.143972    0.144401    0.144615    1.566500    0.208712    0.132637    0.132751    0.132988    0.133243    0.133538    0.133848    0.134166    0.134486    0.134813    0.135142    0.135480    0.135822    0.136172    0.136529    0.136895    0.137270    0.137655    0.138051    0.138461    0.138947
     0.139494    0.140046    0.140587    0.141121    0.141637    0.142140    0.142619    0.143080    0.143508    0.143929    0.144132   -1.446000    0.000000    0.132820    0.132933    0.133169    0.133411    0.133689    0.133978    0.134283    0.134596    0.134921    0.135247    0.135584    0.135923    0.136272    0.136625    0.136987    0.137354    0.137727    0.138100    0.138502
     0.138979    0.139505    0.140040    0.140574    0.141104    0.141619    0.142120    0.142598    0.143055    0.143480    0.143888    0.144084   -1.205000    0.000000    0.132139    0.132260    0.132507    0.132765    0.133032    0.133319    0.133645    0.133998    0.134355    0.134719    0.135088    0.135463    0.135844    0.136232    0.136625    0.137025    0.137433    0.137851
     0.138270    0.138766    0.139328    0.139903    0.140471    0.141031    0.141576    0.142104    0.142607    0.143085    0.143530    0.143959    0.144176   -0.964000    0.000000    0.132749    0.132869    0.133111    0.133370    0.133668    0.133980    0.134311    0.134652    0.135006    0.135362    0.135729    0.136098    0.136476    0.136858    0.137248    0.137639    0.138032
     0.138459    0.138972    0.139533    0.140111    0.140691    0.141267    0.141829    0.142377    0.142902    0.143404    0.143874    0.144313    0.144730    0.144942   -0.723000    0.000000    0.132165    0.132284    0.132548    0.132813    0.133089    0.133389    0.133734    0.134097    0.134470    0.134849    0.135238    0.135634    0.136037    0.136448    0.136865    0.137290
     0.137722    0.138158    0.138678    0.139274    0.139873    0.140468    0.141051    0.141624    0.142174    0.142708    0.143209    0.143686    0.144121    0.144538    0.144729   -0.482000    0.000000    0.132752    0.132874    0.133123    0.133395    0.133709    0.134036    0.134380    0.134734    0.135099    0.135468    0.135845    0.136226    0.136615    0.137008    0.137407
     0.137807    0.138234    0.138755    0.139342    0.139948    0.140561    0.141170    0.141771    0.142358    0.142928    0.143472    0.143991    0.144475    0.144925    0.145352    0.145574   -0.241000    0.000000    0.132628    0.132750    0.132995    0.133271    0.133591    0.133927    0.134278    0.134643    0.135018    0.135402    0.135794    0.136195    0.136603    0.137018
     0.137437    0.137859    0.138332    0.138904    0.139526    0.140158    0.140790    0.141414    0.142028    0.142625    0.143202    0.143752    0.144275    0.144763    0.145217    0.145647    0.145869    0.000000    0.000000    0.132670    0.132789    0.133039    0.133319    0.133644    0.133979    0.134329    0.134687    0.135056    0.135431    0.135816    0.136208    0.136607
     0.137015    0.137427    0.137843    0.138333    0.138928    0.139560    0.140204    0.140847    0.141488    0.142117    0.142735    0.143329    0.143902    0.144440    0.144948    0.145412    0.145850    0.146060    0.241000    0.000000    0.132692    0.132813    0.133067    0.133354    0.133689    0.134034    0.134391    0.134753    0.135125    0.135502    0.135888    0.136279
     0.136678    0.137082    0.137494    0.137908    0.138397    0.138990    0.139625    0.140267    0.140909    0.141548    0.142178    0.142793    0.143387    0.143957    0.144493    0.144997    0.145459    0.145897    0.146111    0.482000    0.000000    0.132654    0.132776    0.133025    0.133311    0.133641    0.133986    0.134340    0.134701    0.135071    0.135448    0.135834
     0.136225    0.136626    0.137032    0.137446    0.137862    0.138336    0.138911    0.139544    0.140182    0.140822    0.141458    0.142085    0.142698    0.143290    0.143857    0.144392    0.144892    0.145352    0.145786    0.146000    0.723000    0.000000    0.132682    0.132803    0.133052    0.133331    0.133654    0.133990    0.134335    0.134685    0.135044    0.135409
     0.135783    0.136164    0.136553    0.136950    0.137354    0.137763    0.138201    0.138733    0.139342    0.139963    0.140586    0.141205    0.141816    0.142414    0.142992    0.143546    0.144068    0.144558    0.145010    0.145441    0.145656    0.964000    0.000000    0.132675    0.132793    0.133045    0.133321    0.133643    0.133976    0.134321    0.134670    0.135029
     0.135392    0.135765    0.136141    0.136527    0.136916    0.137314    0.137715    0.138118    0.138596    0.139165    0.139759    0.140356    0.140949    0.141533    0.142105    0.142658    0.143191    0.143693    0.144170    0.144605    0.145016    0.145203    1.205000    0.000000    0.132576    0.132694    0.132930    0.133196    0.133504    0.133831    0.134166    0.134510
     0.134861    0.135222    0.135588    0.135964    0.136346    0.136737    0.137134    0.137540    0.137948    0.138385    0.138904    0.139486    0.140072    0.140656    0.141229    0.141790    0.142334    0.142858    0.143358    0.143832    0.144277    0.144709    0.144933    1.446000    0.000000    0.132672    0.132786    0.133033    0.133299    0.133607    0.133928    0.134260
     0.134593    0.134936    0.135281    0.135635    0.135991    0.136357    0.136726    0.137105    0.137488    0.137880    0.138272    0.138726    0.139258    0.139817    0.140373    0.140918    0.141453    0.141968    0.142469    0.142943    0.143398    0.143815    0.144218    0.144405   -1.566500   -0.208712    0.132722    0.132836    0.133064    0.133316    0.133605    0.133917
     0.134234    0.134558    0.134888    0.135222    0.135561    0.135904    0.136253    0.136607    0.136968    0.137334    0.137709    0.138089    0.138483    0.138949    0.139484    0.140023    0.140557    0.141082    0.141595    0.142093    0.142572    0.143028    0.143460    0.143879    0.144089   -1.325500   -0.208712    0.132732    0.132846    0.133075    0.133325    0.133611
     0.133917    0.134230    0.134554    0.134884    0.135223    0.135568    0.135921    0.136281    0.136649    0.137024    0.137407    0.137795    0.138184    0.138625    0.139143    0.139700    0.140256    0.140808    0.141349    0.141876    0.142386    0.142874    0.143338    0.143773    0.144191    0.144402   -1.084500   -0.208712    0.132759    0.132873    0.133115    0.133375
     0.133677    0.133991    0.134320    0.134653    0.134997    0.135344    0.135701    0.136060    0.136427    0.136797    0.137175    0.137555    0.137938    0.138339    0.138821    0.139367    0.139925    0.140485    0.141038    0.141585    0.142114    0.142630    0.143119    0.143589    0.144020    0.144434    0.144624   -0.843500   -0.208712    0.132771    0.132888    0.133130
     0.133397    0.133707    0.134032    0.134368    0.134712    0.135065    0.135423    0.135787    0.136156    0.136531    0.136911    0.137295    0.137683    0.138069    0.138523    0.139064    0.139641    0.140221    0.140801    0.141372    0.141935    0.142479    0.143006    0.143505    0.143980    0.144420    0.144842    0.145052   -0.602500   -0.208712    0.132758    0.132879
     0.133128    0.133406    0.133729    0.134066    0.134417    0.134775    0.135144    0.135515    0.135894    0.136274    0.136661    0.137050    0.137443    0.137838    0.138251    0.138753    0.139330    0.139923    0.140517    0.141107    0.141687    0.142255    0.142804    0.143332    0.143832    0.144305    0.144743    0.145162    0.145370   -0.361500   -0.208712    0.132752
     0.132869    0.133122    0.133403    0.133733    0.134072    0.134427    0.134787    0.135160    0.135537    0.135926    0.136317    0.136717    0.137118    0.137526    0.137931    0.138388    0.138940    0.139545    0.140152    0.140756    0.141353    0.141936    0.142505    0.143051    0.143578    0.144073    0.144545    0.144972    0.145382    0.145565   -0.120500   -0.208712
     0.132748    0.132868    0.133122    0.133408    0.133742    0.134086    0.134444    0.134806    0.135180    0.135557    0.135944    0.136334    0.136731    0.137131    0.137536    0.137941    0.138418    0.138997    0.139616    0.140239    0.140862    0.141480    0.142085    0.142679    0.143250    0.143801    0.144319    0.144810    0.145257    0.145681    0.145879    0.120500
    -0.208712    0.132717    0.132841    0.133090    0.133377    0.133709    0.134055    0.134409    0.134770    0.135138    0.135513    0.135895    0.136284    0.136678    0.137080    0.137487    0.137898    0.138383    0.138975    0.139606    0.140243    0.140881    0.141515    0.142140    0.142751    0.143342    0.143908    0.144445    0.144947    0.145414    0.145858    0.146086
     0.361500   -0.208712    0.132753    0.132872    0.133125    0.133406    0.133733    0.134068    0.134413    0.134761    0.135119    0.135480    0.135852    0.136229    0.136616    0.137009    0.137410    0.137817    0.138282    0.138852    0.139478    0.140109    0.140742    0.141373    0.141994    0.142604    0.143191    0.143756    0.144286    0.144787    0.145241    0.145672
     0.145871    0.602500   -0.208712    0.132698    0.132818    0.133069    0.133349    0.133674    0.134010    0.134356    0.134706    0.135066    0.135430    0.135804    0.136183    0.136571    0.136965    0.137368    0.137775    0.138214    0.138748    0.139356    0.139974    0.140592    0.141206    0.141810    0.142402    0.142971    0.143521    0.144038    0.144527    0.144977
     0.145408    0.145616    0.843500   -0.208712    0.132716    0.132833    0.133083    0.133356    0.133673    0.133999    0.134336    0.134676    0.135025    0.135378    0.135740    0.136106    0.136481    0.136862    0.137251    0.137647    0.138046    0.138527    0.139099    0.139696    0.140293    0.140891    0.141478    0.142057    0.142615    0.143157    0.143668    0.144154
     0.144600    0.145027    0.145228    1.084500   -0.208712    0.132654    0.132771    0.133011    0.133278    0.133586    0.133911    0.134243    0.134581    0.134925    0.135277    0.135634    0.136000    0.136372    0.136754    0.137141    0.137539    0.137942    0.138377    0.138900    0.139482    0.140068    0.140651    0.141225    0.141787    0.142331    0.142855    0.143354
     0.143826    0.144269    0.144697    0.144918    1.325500   -0.208712    0.132703    0.132815    0.133063    0.133326    0.133632    0.133948    0.134278    0.134608    0.134949    0.135290    0.135641    0.135993    0.136355    0.136719    0.137092    0.137470    0.137856    0.138243    0.138690    0.139216    0.139764    0.140308    0.140839    0.141362    0.141864    0.142357
     0.142822    0.143275    0.143692    0.144096    0.144272    1.566500   -0.208712    0.132619    0.132737    0.132970    0.133229    0.133527    0.133847    0.134170    0.134499    0.134830    0.135166    0.135504    0.135847    0.136193    0.136549    0.136909    0.137280    0.137659    0.138050    0.138456    0.138940    0.139486    0.140036    0.140577    0.141108    0.141626
     0.142127    0.142612    0.143072    0.143516    0.143947    0.144175   -1.446000   -0.417424    0.132836    0.132949    0.133182    0.133431    0.133717    0.134017    0.134324    0.134632    0.134946    0.135263    0.135584    0.135910    0.136241    0.136579    0.136922    0.137275    0.137635    0.138005    0.138390    0.138853    0.139381    0.139917    0.140447    0.140972
     0.141485    0.141986    0.142468    0.142930    0.143364    0.143786    0.143994   -1.205000   -0.417424    0.132850    0.132963    0.133205    0.133463    0.133763    0.134075    0.134397    0.134720    0.135052    0.135385    0.135726    0.136069    0.136420    0.136773    0.137133    0.137497    0.137867    0.138236    0.138668    0.139178    0.139715    0.140252    0.140781
     0.141304    0.141812    0.142308    0.142781    0.143237    0.143660    0.144071    0.144265   -0.964000   -0.417424    0.132832    0.132947    0.133190    0.133454    0.133761    0.134080    0.134410    0.134742    0.135082    0.135424    0.135773    0.136124    0.136481    0.136841    0.137207    0.137577    0.137951    0.138354    0.138842    0.139392    0.139947    0.140503
     0.141052    0.141593    0.142119    0.142632    0.143120    0.143588    0.144024    0.144444    0.144644   -0.723000   -0.417424    0.132777    0.132895    0.133141    0.133415    0.133732    0.134064    0.134405    0.134752    0.135107    0.135467    0.135833    0.136205    0.136581    0.136964    0.137351    0.137745    0.138137    0.138611    0.139174    0.139760    0.140345
     0.140928    0.141501    0.142061    0.142605    0.143127    0.143625    0.144096    0.144538    0.144962    0.145176   -0.482000   -0.417424    0.132718    0.132839    0.133079    0.133357    0.133677    0.134015    0.134360    0.134716    0.135078    0.135451    0.135828    0.136214    0.136604    0.137002    0.137403    0.137810    0.138243    0.138770    0.139370    0.139976
     0.140582    0.141182    0.141773    0.142349    0.142908    0.143444    0.143955    0.144436    0.144884    0.145311    0.145526   -0.241000   -0.417424    0.132780    0.132901    0.133151    0.133433    0.133760    0.134099    0.134448    0.134802    0.135165    0.135533    0.135909    0.136291    0.136680    0.137075    0.137475    0.137878    0.138335    0.138893    0.139505
     0.140121    0.140736    0.141346    0.141945    0.142531    0.143095    0.143639    0.144153    0.144639    0.145085    0.145511    0.145719    0.000000   -0.417424    0.132702    0.132825    0.133067    0.133348    0.133671    0.134010    0.134355    0.134710    0.135071    0.135444    0.135822    0.136212    0.136607    0.137014    0.137426    0.137845    0.138320    0.138901
     0.139531    0.140166    0.140799    0.141424    0.142039    0.142635    0.143212    0.143760    0.144282    0.144767    0.145222    0.145654    0.145882    0.241000   -0.417424    0.132766    0.132886    0.133138    0.133421    0.133751    0.134090    0.134441    0.134795    0.135160    0.135528    0.135908    0.136291    0.136686    0.137083    0.137490    0.137896    0.138360
     0.138920    0.139537    0.140155    0.140771    0.141380    0.141977    0.142558    0.143117    0.143654    0.144158    0.144636    0.145071    0.145487    0.145680    0.482000   -0.417424    0.132742    0.132861    0.133105    0.133379    0.133695    0.134022    0.134356    0.134696    0.135044    0.135399    0.135763    0.136135    0.136515    0.136904    0.137301    0.137706
     0.138140    0.138672    0.139278    0.139896    0.140512    0.141126    0.141730    0.142323    0.142894    0.143445    0.143965    0.144458    0.144913    0.145349    0.145562    0.723000   -0.417424    0.132692    0.132813    0.133050    0.133321    0.133633    0.133962    0.134296    0.134639    0.134987    0.135345    0.135709    0.136083    0.136463    0.136854    0.137251
     0.137658    0.138066    0.138559    0.139142    0.139747    0.140351    0.140954    0.141547    0.142127    0.142690    0.143229    0.143742    0.144225    0.144678    0.145113    0.145340    0.964000   -0.417424    0.132719    0.132836    0.133081    0.133350    0.133664    0.133992    0.134330    0.134670    0.135020    0.135371    0.135731    0.136092    0.136463    0.136835
     0.137217    0.137601    0.137994    0.138413    0.138921    0.139485    0.140054    0.140620    0.141176    0.141723    0.142251    0.142764    0.143248    0.143713    0.144140    0.144550    0.144737    1.205000   -0.417424    0.132707    0.132822    0.133061    0.133321    0.133624    0.133941    0.134268    0.134598    0.134934    0.135274    0.135620    0.135970    0.136328
     0.136693    0.137065    0.137447    0.137837    0.138231    0.138689    0.139226    0.139786    0.140342    0.140887    0.141421    0.141937    0.142436    0.142913    0.143370    0.143801    0.144223    0.144433    1.446000   -0.417424    0.132673    0.132789    0.133024    0.133279    0.133573    0.133885    0.134201    0.134520    0.134843    0.135171    0.135502    0.135840
     0.136182    0.136534    0.136892    0.137262    0.137640    0.138030    0.138434    0.138916    0.139458    0.140004    0.140541    0.141067    0.141579    0.142075    0.142552    0.143008    0.143442    0.143865    0.144082   -1.325500   -0.626136    0.132838    0.132955    0.133185    0.133436    0.133724    0.134030    0.134338    0.134650    0.134965    0.135285    0.135607
     0.135935    0.136266    0.136604    0.136948    0.137300    0.137660    0.138030    0.138415    0.138878    0.139405    0.139936    0.140463    0.140981    0.141490    0.141985    0.142462    0.142918    0.143351    0.143773    0.143988   -1.084500   -0.626136    0.132820    0.132938    0.133172    0.133431    0.133730    0.134046    0.134368    0.134695    0.135027    0.135364
     0.135705    0.136052    0.136402    0.136759    0.137120    0.137488    0.137862    0.138237    0.138677    0.139195    0.139739    0.140279    0.140814    0.141339    0.141850    0.142345    0.142820    0.143272    0.143699    0.144115    0.144330   -0.843500   -0.626136    0.132887    0.133007    0.133244    0.133510    0.133815    0.134136    0.134462    0.134792    0.135126
     0.135466    0.135807    0.136155    0.136505    0.136862    0.137222    0.137590    0.137960    0.138363    0.138852    0.139402    0.139956    0.140510    0.141060    0.141600    0.142128    0.142637    0.143128    0.143592    0.144032    0.144456    0.144680   -0.602500   -0.626136    0.132843    0.132963    0.133210    0.133486    0.133806    0.134139    0.134482    0.134828
     0.135183    0.135541    0.135907    0.136275    0.136651    0.137028    0.137413    0.137799    0.138186    0.138651    0.139207    0.139780    0.140355    0.140923    0.141485    0.142032    0.142564    0.143077    0.143566    0.144030    0.144462    0.144875    0.145073   -0.361500   -0.626136    0.132843    0.132962    0.133212    0.133490    0.133812    0.134146    0.134491
     0.134839    0.135197    0.135559    0.135931    0.136306    0.136690    0.137076    0.137470    0.137864    0.138286    0.138796    0.139382    0.139975    0.140566    0.141151    0.141725    0.142285    0.142826    0.143347    0.143842    0.144312    0.144746    0.145160    0.145354   -0.120500   -0.626136    0.132902    0.133022    0.133269    0.133544    0.133862    0.134190
     0.134524    0.134862    0.135207    0.135555    0.135911    0.136271    0.136638    0.137011    0.137391    0.137776    0.138190    0.138702    0.139286    0.139880    0.140473    0.141065    0.141646    0.142218    0.142770    0.143304    0.143811    0.144293    0.144739    0.145166    0.145375    0.120500   -0.626136    0.132905    0.133026    0.133273    0.133549    0.133866
     0.134193    0.134527    0.134863    0.135206    0.135554    0.135909    0.136270    0.136638    0.137013    0.137395    0.137782    0.138198    0.138710    0.139295    0.139889    0.140481    0.141071    0.141650    0.142219    0.142768    0.143298    0.143798    0.144273    0.144712    0.145134    0.145340    0.361500   -0.626136    0.132847    0.132965    0.133218    0.133495
     0.133817    0.134146    0.134485    0.134825    0.135176    0.135529    0.135893    0.136260    0.136637    0.137016    0.137404    0.137794    0.138211    0.138718    0.139302    0.139895    0.140488    0.141077    0.141654    0.142221    0.142765    0.143293    0.143788    0.144261    0.144692    0.145105    0.145292    0.602500   -0.626136    0.132751    0.132870    0.133109
     0.133379    0.133692    0.134019    0.134354    0.134696    0.135045    0.135401    0.135766    0.136137    0.136516    0.136903    0.137297    0.137699    0.138102    0.138587    0.139163    0.139759    0.140356    0.140948    0.141533    0.142103    0.142657    0.143187    0.143692    0.144168    0.144612    0.145039    0.145259    0.843500   -0.626136    0.132782    0.132896
     0.133141    0.133405    0.133712    0.134030    0.134357    0.134687    0.135027    0.135370    0.135722    0.136079    0.136445    0.136817    0.137198    0.137586    0.137980    0.138405    0.138917    0.139487    0.140060    0.140629    0.141189    0.141737    0.142266    0.142777    0.143262    0.143723    0.144152    0.144566    0.144767    1.084500   -0.626136    0.132761
     0.132876    0.133114    0.133374    0.133673    0.133987    0.134307    0.134630    0.134960    0.135294    0.135634    0.135981    0.136335    0.136697    0.137067    0.137445    0.137831    0.138221    0.138674    0.139208    0.139763    0.140317    0.140861    0.141396    0.141912    0.142413    0.142890    0.143346    0.143772    0.144190    0.144396    1.325500   -0.626136
     0.132740    0.132853    0.133090    0.133343    0.133637    0.133945    0.134261    0.134577    0.134900    0.135224    0.135555    0.135889    0.136231    0.136578    0.136934    0.137299    0.137674    0.138058    0.138458    0.138932    0.139467    0.140005    0.140531    0.141050    0.141551    0.142041    0.142508    0.142960    0.143383    0.143798    0.143995   -1.205000
    -0.834848    0.132906    0.133020    0.133257    0.133511    0.133804    0.134110    0.134424    0.134736    0.135056    0.135374    0.135699    0.136022    0.136353    0.136684    0.137023    0.137365    0.137716    0.138071    0.138443    0.138888    0.139396    0.139908    0.140412    0.140911    0.141396    0.141873    0.142326    0.142767    0.143176    0.143579    0.143766
    -0.964000   -0.834848    0.132959    0.133074    0.133318    0.133578    0.133880    0.134192    0.134513    0.134831    0.135159    0.135483    0.135816    0.136146    0.136485    0.136822    0.137169    0.137515    0.137871    0.138225    0.138644    0.139141    0.139663    0.140185    0.140699    0.141207    0.141699    0.142181    0.142638    0.143081    0.143488    0.143885
     0.144064   -0.723000   -0.834848    0.132926    0.133042    0.133280    0.133541    0.133840    0.134151    0.134467    0.134786    0.135108    0.135434    0.135763    0.136099    0.136437    0.136784    0.137134    0.137495    0.137859    0.138256    0.138740    0.139288    0.139841    0.140397    0.140946    0.141491    0.142021    0.142537    0.143031    0.143504    0.143946
     0.144373    0.144582   -0.482000   -0.834848    0.132962    0.133080    0.133320    0.133587    0.133894    0.134212    0.134536    0.134863    0.135195    0.135531    0.135871    0.136217    0.136567    0.136925    0.137288    0.137659    0.138029    0.138481    0.139021    0.139592    0.140165    0.140739    0.141306    0.141865    0.142408    0.142934    0.143437    0.143914
     0.144360    0.144787    0.145002   -0.241000   -0.834848    0.132924    0.133042    0.133281    0.133549    0.133857    0.134178    0.134506    0.134836    0.135172    0.135513    0.135858    0.136208    0.136565    0.136928    0.137297    0.137676    0.138056    0.138521    0.139078    0.139659    0.140242    0.140824    0.141400    0.141965    0.142514    0.143044    0.143551
     0.144029    0.144478    0.144907    0.145126    0.000000   -0.834848    0.133001    0.133119    0.133360    0.133626    0.133933    0.134251    0.134575    0.134902    0.135235    0.135572    0.135916    0.136265    0.136622    0.136984    0.137353    0.137729    0.138106    0.138566    0.139115    0.139685    0.140255    0.140822    0.141380    0.141927    0.142457    0.142969
     0.143457    0.143920    0.144354    0.144774    0.144983    0.241000   -0.834848    0.132939    0.133055    0.133296    0.133562    0.133870    0.134188    0.134514    0.134844    0.135182    0.135525    0.135876    0.136234    0.136600    0.136972    0.137352    0.137737    0.138124    0.138592    0.139149    0.139725    0.140301    0.140872    0.141434    0.141982    0.142514
     0.143025    0.143512    0.143973    0.144403    0.144818    0.145026    0.482000   -0.834848    0.132840    0.132957    0.133200    0.133468    0.133778    0.134100    0.134430    0.134763    0.135106    0.135453    0.135809    0.136170    0.136539    0.136913    0.137293    0.137677    0.138060    0.138520    0.139067    0.139642    0.140217    0.140792    0.141356    0.141913
     0.142451    0.142974    0.143469    0.143943    0.144380    0.144799    0.144997    0.723000   -0.834848    0.132842    0.132958    0.133200    0.133464    0.133769    0.134086    0.134411    0.134738    0.135074    0.135412    0.135760    0.136111    0.136471    0.136837    0.137210    0.137589    0.137975    0.138390    0.138893    0.139454    0.140020    0.140584    0.141139
     0.141686    0.142216    0.142728    0.143216    0.143680    0.144111    0.144526    0.144727    0.964000   -0.834848    0.132877    0.132992    0.133229    0.133484    0.133779    0.134085    0.134397    0.134711    0.135030    0.135352    0.135681    0.136015    0.136355    0.136703    0.137058    0.137422    0.137792    0.138167    0.138604    0.139123    0.139665    0.140208
     0.140743    0.141272    0.141784    0.142284    0.142759    0.143218    0.143644    0.144062    0.144264    1.205000   -0.834848    0.132804    0.132918    0.133152    0.133403    0.133693    0.133998    0.134309    0.134621    0.134938    0.135257    0.135582    0.135911    0.136248    0.136590    0.136943    0.137303    0.137675    0.138056    0.138454    0.138928    0.139464
     0.140003    0.140532    0.141052    0.141557    0.142049    0.142517    0.142967    0.143389    0.143804    0.144008   -1.084500   -1.043561    0.132902    0.133016    0.133250    0.133499    0.133787    0.134086    0.134392    0.134697    0.135007    0.135317    0.135633    0.135950    0.136274    0.136602    0.136938    0.137281    0.137633    0.137997    0.138376    0.138834
     0.139355    0.139883    0.140404    0.140921    0.141423    0.141916    0.142385    0.142840    0.143264    0.143682    0.143886   -0.843500   -1.043561    0.132878    0.132994    0.133228    0.133485    0.133780    0.134090    0.134404    0.134722    0.135043    0.135368    0.135696    0.136029    0.136367    0.136711    0.137061    0.137419    0.137784    0.138153    0.138588
     0.139106    0.139650    0.140197    0.140738    0.141273    0.141795    0.142304    0.142792    0.143258    0.143696    0.144120    0.144331   -0.602500   -1.043561    0.132942    0.133060    0.133297    0.133562    0.133868    0.134190    0.134518    0.134849    0.135186    0.135525    0.135870    0.136217    0.136570    0.136926    0.137290    0.137656    0.138029    0.138428
     0.138914    0.139459    0.140017    0.140570    0.141121    0.141659    0.142185    0.142689    0.143175    0.143632    0.144063    0.144478    0.144694   -0.361500   -1.043561    0.133075    0.133189    0.133431    0.133687    0.133983    0.134285    0.134595    0.134903    0.135218    0.135533    0.135857    0.136182    0.136516    0.136854    0.137201    0.137554    0.137914
     0.138305    0.138785    0.139326    0.139873    0.140422    0.140964    0.141501    0.142022    0.142532    0.143018    0.143487    0.143921    0.144340    0.144535   -0.120500   -1.043561    0.132974    0.133087    0.133322    0.133578    0.133871    0.134175    0.134485    0.134798    0.135117    0.135440    0.135769    0.136105    0.136446    0.136795    0.137148    0.137511
     0.137877    0.138276    0.138757    0.139301    0.139846    0.140392    0.140927    0.141457    0.141970    0.142471    0.142948    0.143408    0.143835    0.144251    0.144447    0.120500   -1.043561    0.133003    0.133120    0.133354    0.133614    0.133914    0.134226    0.134544    0.134865    0.135190    0.135519    0.135853    0.136191    0.136535    0.136884    0.137239
     0.137601    0.137967    0.138365    0.138850    0.139395    0.139943    0.140490    0.141030    0.141560    0.142077    0.142576    0.143055    0.143510    0.143942    0.144361    0.144582    0.361500   -1.043561    0.132995    0.133110    0.133351    0.133609    0.133907    0.134214    0.134528    0.134842    0.135165    0.135491    0.135825    0.136164    0.136512    0.136865
     0.137225    0.137590    0.137960    0.138358    0.138841    0.139382    0.139926    0.140468    0.140999    0.141523    0.142029    0.142523    0.142992    0.143444    0.143861    0.144269    0.144459    0.602500   -1.043561    0.132868    0.132985    0.133220    0.133480    0.133778    0.134091    0.134409    0.134731    0.135059    0.135394    0.135735    0.136084    0.136440
     0.136804    0.137174    0.137551    0.137931    0.138340    0.138832    0.139388    0.139950    0.140513    0.141068    0.141614    0.142145    0.142658    0.143150    0.143615    0.144052    0.144474    0.144689    0.843500   -1.043561    0.132884    0.133000    0.133233    0.133489    0.133783    0.134092    0.134406    0.134723    0.135046    0.135374    0.135707    0.136046
     0.136391    0.136742    0.137099    0.137463    0.137833    0.138206    0.138641    0.139157    0.139696    0.140235    0.140767    0.141291    0.141801    0.142296    0.142770    0.143223    0.143648    0.144062    0.144269    1.084500   -1.043561    0.132881    0.132996    0.133231    0.133485    0.133778    0.134085    0.134399    0.134712    0.135032    0.135351    0.135676
     0.136002    0.136336    0.136672    0.137017    0.137366    0.137726    0.138092    0.138474    0.138930    0.139448    0.139969    0.140481    0.140985    0.141475    0.141954    0.142410    0.142850    0.143263    0.143670    0.143868   -0.964000   -1.252273    0.132883    0.132997    0.133235    0.133487    0.133780    0.134084    0.134398    0.134708    0.135028    0.135345
     0.135672    0.135996    0.136331    0.136665    0.137009    0.137355    0.137712    0.138073    0.138450    0.138899    0.139410    0.139926    0.140431    0.140931    0.141414    0.141889    0.142339    0.142778    0.143181    0.143582    0.143768   -0.723000   -1.252273    0.132980    0.133095    0.133332    0.133585    0.133876    0.134177    0.134483    0.134789    0.135099
     0.135410    0.135726    0.136048    0.136374    0.136709    0.137050    0.137402    0.137760    0.138126    0.138553    0.139066    0.139608    0.140154    0.140693    0.141226    0.141745    0.142250    0.142733    0.143193    0.143626    0.144046    0.144259   -0.482000   -1.252273    0.132944    0.133061    0.133290    0.133544    0.133834    0.134140    0.134448    0.134762
     0.135078    0.135400    0.135727    0.136060    0.136398    0.136743    0.137095    0.137455    0.137821    0.138190    0.138623    0.139135    0.139671    0.140205    0.140733    0.141250    0.141753    0.142241    0.142708    0.143155    0.143574    0.143985    0.144189   -0.241000   -1.252273    0.133042    0.133156    0.133391    0.133643    0.133934    0.134235    0.134543
     0.134851    0.135166    0.135482    0.135805    0.136131    0.136465    0.136803    0.137149    0.137500    0.137859    0.138218    0.138642    0.139144    0.139669    0.140190    0.140704    0.141209    0.141700    0.142177    0.142634    0.143074    0.143488    0.143894    0.144095    0.000000   -1.252273    0.133106    0.133219    0.133459    0.133715    0.134012    0.134318
     0.134632    0.134944    0.135264    0.135582    0.135907    0.136229    0.136560    0.136889    0.137226    0.137563    0.137909    0.138253    0.138661    0.139146    0.139654    0.140160    0.140657    0.141147    0.141623    0.142088    0.142532    0.142964    0.143368    0.143766    0.143955    0.241000   -1.252273    0.133076    0.133191    0.133425    0.133675    0.133962
     0.134259    0.134560    0.134862    0.135168    0.135479    0.135793    0.136114    0.136440    0.136774    0.137112    0.137460    0.137812    0.138170    0.138589    0.139091    0.139614    0.140138    0.140653    0.141161    0.141655    0.142135    0.142598    0.143041    0.143462    0.143874    0.144086    0.482000   -1.252273    0.132940    0.133055    0.133288    0.133542
     0.133834    0.134141    0.134452    0.134767    0.135088    0.135412    0.135744    0.136080    0.136424    0.136773    0.137129    0.137490    0.137859    0.138228    0.138662    0.139174    0.139710    0.140243    0.140768    0.141284    0.141786    0.142273    0.142740    0.143188    0.143608    0.144017    0.144217    0.723000   -1.252273    0.133001    0.133113    0.133357
     0.133612    0.133906    0.134208    0.134517    0.134824    0.135139    0.135454    0.135777    0.136103    0.136438    0.136777    0.137123    0.137476    0.137836    0.138198    0.138621    0.139127    0.139658    0.140190    0.140714    0.141231    0.141734    0.142224    0.142692    0.143143    0.143562    0.143969    0.144163    0.964000   -1.252273    0.132802    0.132918
     0.133147    0.133396    0.133682    0.133986    0.134292    0.134605    0.134921    0.135245    0.135572    0.135908    0.136248    0.136598    0.136953    0.137316    0.137686    0.138065    0.138456    0.138921    0.139446    0.139973    0.140492    0.141000    0.141497    0.141977    0.142441    0.142884    0.143309    0.143725    0.143940   -0.602500   -1.460985    0.133066
     0.133178    0.133416    0.133662    0.133946    0.134236    0.134532    0.134822    0.135119    0.135411    0.135712    0.136012    0.136320    0.136633    0.136956    0.137286    0.137628    0.137981    0.138351    0.138800    0.139311    0.139831    0.140342    0.140849    0.141341    0.141824    0.142282    0.142727    0.143139    0.143546    0.143739   -0.361500   -1.460985
     0.133024    0.133138    0.133369    0.133616    0.133899    0.134194    0.134492    0.134789    0.135090    0.135390    0.135695    0.136000    0.136312    0.136628    0.136952    0.137282    0.137623    0.137973    0.138339    0.138783    0.139289    0.139803    0.140308    0.140809    0.141297    0.141777    0.142235    0.142680    0.143097    0.143509    0.143707   -0.120500
    -1.460985    0.133099    0.133213    0.133442    0.133687    0.133967    0.134260    0.134555    0.134850    0.135147    0.135445    0.135745    0.136048    0.136354    0.136667    0.136984    0.137311    0.137644    0.137990    0.138349    0.138787    0.139286    0.139793    0.140291    0.140784    0.141266    0.141737    0.142190    0.142627    0.143042    0.143453    0.143662
     0.120500   -1.460985    0.133085    0.133199    0.133432    0.133678    0.133960    0.134253    0.134551    0.134847    0.135148    0.135449    0.135756    0.136065    0.136380    0.136699    0.137026    0.137358    0.137698    0.138046    0.138407    0.138843    0.139338    0.139836    0.140325    0.140807    0.141276    0.141735    0.142176    0.142604    0.143009    0.143411
     0.143609    0.361500   -1.460985    0.133012    0.133127    0.133358    0.133605    0.133887    0.134184    0.134484    0.134784    0.135088    0.135393    0.135703    0.136014    0.136331    0.136652    0.136979    0.137312    0.137654    0.138005    0.138369    0.138810    0.139312    0.139820    0.140319    0.140815    0.141298    0.141773    0.142230    0.142674    0.143094
     0.143508    0.143710    0.602500   -1.460985    0.132912    0.133027    0.133255    0.133501    0.133780    0.134074    0.134369    0.134668    0.134969    0.135276    0.135588    0.135908    0.136235    0.136572    0.136916    0.137272    0.137637    0.138013    0.138405    0.138874    0.139404    0.139938    0.140463    0.140980    0.141485    0.141975    0.142448    0.142901
     0.143332    0.143751    0.143964
