    -0.6025    1.4610    1.1419    2.2833    1.1411    2.2813    1.1403    2.2799    1.1397    2.2789    1.1393    2.2783    1.1391    2.2780    1.1390    2.2777    1.1388    2.2773    1.1385    2.2766    1.1381    2.2756    1.1375    2.2748    1.1376    2.2753    1.1378    2.2756    1.1378    2.2757    1.1378    2.2755
    -0.3615    1.4610    1.1418    2.2830    1.1410    2.2811    1.1402    2.2797    1.1396    2.2788    1.1392    2.2782    1.1390    2.2779    1.1389    2.2777    1.1387    2.2773    1.1385    2.2767    1.1381    2.2758    1.1376    2.2749    1.1376    2.2754    1.1378    2.2756    1.1379    2.2758    1.1379    2.2756
    -0.1205    1.4610    1.1411    2.2819    1.1405    2.2803    1.1399    2.2792    1.1394    2.2784    1.1390    2.2780    1.1390    2.2779    1.1389    2.2778    1.1389    2.2777    1.1388    2.2774    1.1386    2.2769    1.1383    2.2762    1.1379    2.2753    1.1376    2.2754    1.1377    2.2756    1.1378    2.2756
     0.1205    1.4610    1.1389    2.2778    1.1389    2.2781    1.1392    2.2788    1.1397    2.2801    1.1404    2.2815    1.1412    2.2832    1.1420    2.2849    1.1428    2.2865    1.1436    2.2879    1.1443    2.2892    1.1449    2.2902    1.1453    2.2910    1.1457    2.2916    1.1459    2.2920    1.1461    2.2921
     0.3615    1.4610    1.1385    2.2771    1.1386    2.2776    1.1390    2.2785    1.1396    2.2798    1.1403    2.2814    1.1412    2.2832    1.1421    2.2851    1.1430    2.2868    1.1438    2.2885    1.1446    2.2899    1.1453    2.2911    1.1458    2.2921    1.1462    2.2928    1.1465    2.2933    1.1467    2.2935
     0.6025    1.4610    1.1384    2.2768    1.1385    2.2773    1.1389    2.2783    1.1395    2.2797    1.1402    2.2813    1.1411    2.2831    1.1420    2.2849    1.1429    2.2867    1.1438    2.2884    1.1446    2.2898    1.1452    2.2910    1.1458    2.2920    1.1462    2.2927    1.1465    2.2932    1.1467    2.2935
    -0.9640    1.2523    1.1421    2.2836    1.1413    2.2816    1.1404    2.2801    1.1398    2.2790    1.1393    2.2784    1.1391    2.2780    1.1389    2.2776    1.1387    2.2771    1.1384    2.2764    1.1380    2.2754    1.1374    2.2746    1.1375    2.2753    1.1377    2.2756    1.1379    2.2758    1.1379    2.2757
    -0.7230    1.2523    1.1420    2.2835    1.1412    2.2815    1.1403    2.2799    1.1397    2.2788    1.1392    2.2782    1.1390    2.2778    1.1388    2.2774    1.1386    2.2769    1.1383    2.2762    1.1378    2.2752    1.1373    2.2744    1.1374    2.2750    1.1376    2.2754    1.1378    2.2756    1.1378    2.2756
    -0.4820    1.2523    1.1418    2.2831    1.1410    2.2812    1.1402    2.2798    1.1396    2.2788    1.1392    2.2783    1.1390    2.2780    1.1389    2.2777    1.1387    2.2773    1.1385    2.2766    1.1381    2.2757    1.1375    2.2748    1.1376    2.2754    1.1378    2.2757    1.1379    2.2758    1.1379    2.2756
    -0.2410    1.2523    1.1415    2.2825    1.1408    2.2808    1.1400    2.2795    1.1395    2.2786    1.1392    2.2782    1.1390    2.2780    1.1390    2.2778    1.1389    2.2776    1.1387    2.2771    1.1384    2.2764    1.1380    2.2754    1.1377    2.2755    1.1378    2.2758    1.1380    2.2760    1.1380    2.2759
     0.0000    1.2523    1.1395    2.2788    1.1393    2.2787    1.1395    2.2793    1.1399    2.2804    1.1405    2.2818    1.1412    2.2832    1.1420    2.2847    1.1427    2.2861    1.1434    2.2873    1.1439    2.2882    1.1443    2.2889    1.1446    2.2894    1.1448    2.2898    1.1450    2.2899    1.1449    2.2897
     0.2410    1.2523    1.1385    2.2770    1.1385    2.2773    1.1389    2.2782    1.1394    2.2795    1.1402    2.2812    1.1410    2.2830    1.1419    2.2848    1.1429    2.2866    1.1437    2.2882    1.1445    2.2897    1.1451    2.2909    1.1457    2.2918    1.1461    2.2926    1.1464    2.2931    1.1466    2.2933
     0.4820    1.2523    1.1382    2.2765    1.1384    2.2770    1.1387    2.2780    1.1394    2.2795    1.1401    2.2812    1.1410    2.2830    1.1420    2.2850    1.1429    2.2868    1.1438    2.2885    1.1446    2.2899    1.1453    2.2911    1.1458    2.2921    1.1463    2.2928    1.1466    2.2933    1.1467    2.2936
     0.7230    1.2523    1.1382    2.2764    1.1383    2.2769    1.1387    2.2779    1.1393    2.2794    1.1401    2.2811    1.1410    2.2831    1.1420    2.2850    1.1430    2.2869    1.1439    2.2887    1.1447    2.2901    1.1454    2.2913    1.1459    2.2923    1.1463    2.2930    1.1466    2.2934    1.1468    2.2936
     0.9640    1.2523    1.1384    2.2768    1.1385    2.2773    1.1389    2.2783    1.1395    2.2797    1.1402    2.2813    1.1411    2.2832    1.1420    2.2850    1.1430    2.2868    1.1438    2.2884    1.1446    2.2899    1.1453    2.2911    1.1458    2.2920    1.1462    2.2927    1.1465    2.2931    1.1466    2.2934
    -1.0845    1.0436    1.1423    2.2840    1.1415    2.2820    1.1406    2.2804    1.1399    2.2793    1.1394    2.2786    1.1392    2.2782    1.1390    2.2777    1.1387    2.2772    1.1384    2.2764    1.1380    2.2754    1.1374    2.2746    1.1375    2.2752    1.1377    2.2756    1.1378    2.2757    1.1378    2.2756
    -0.8435    1.0436    1.1422    2.2838    1.1414    2.2818    1.1405    2.2803    1.1399    2.2793    1.1394    2.2786    1.1392    2.2782    1.1390    2.2778    1.1388    2.2773    1.1385    2.2766    1.1381    2.2756    1.1375    2.2748    1.1375    2.2753    1.1378    2.2757    1.1379    2.2758    1.1379    2.2756
    -0.6025    1.0436    1.1419    2.2832    1.1411    2.2813    1.1402    2.2799    1.1397    2.2789    1.1393    2.2784    1.1391    2.2781    1.1390    2.2779    1.1388    2.2775    1.1386    2.2768    1.1382    2.2758    1.1376    2.2751    1.1377    2.2756    1.1379    2.2759    1.1380    2.2760    1.1380    2.2758
    -0.3615    1.0436    1.1417    2.2829    1.1409    2.2810    1.1401    2.2796    1.1396    2.2787    1.1392    2.2782    1.1390    2.2780    1.1389    2.2777    1.1388    2.2774    1.1386    2.2768    1.1382    2.2759    1.1376    2.2750    1.1376    2.2754    1.1378    2.2757    1.1379    2.2758    1.1379    2.2757
    -0.1205    1.0436    1.1410    2.2815    1.1403    2.2800    1.1397    2.2788    1.1392    2.2781    1.1389    2.2777    1.1389    2.2777    1.1389    2.2777    1.1388    2.2776    1.1387    2.2774    1.1386    2.2769    1.1383    2.2763    1.1380    2.2754    1.1377    2.2755    1.1378    2.2757    1.1379    2.2758
     0.1205    1.0436    1.1391    2.2781    1.1390    2.2782    1.1393    2.2789    1.1397    2.2801    1.1404    2.2815    1.1412    2.2831    1.1420    2.2847    1.1428    2.2862    1.1435    2.2876    1.1441    2.2887    1.1446    2.2896    1.1450    2.2902    1.1452    2.2907    1.1454    2.2909    1.1455    2.2909
     0.3615    1.0436    1.1385    2.2770    1.1386    2.2775    1.1390    2.2784    1.1395    2.2798    1.1403    2.2815    1.1412    2.2833    1.1421    2.2852    1.1430    2.2869    1.1439    2.2886    1.1446    2.2900    1.1453    2.2911    1.1458    2.2920    1.1462    2.2927    1.1465    2.2932    1.1466    2.2934
     0.6025    1.0436    1.1383    2.2766    1.1384    2.2772    1.1388    2.2782    1.1395    2.2797    1.1403    2.2814    1.1412    2.2833    1.1421    2.2852    1.1431    2.2871    1.1440    2.2887    1.1447    2.2901    1.1454    2.2913    1.1459    2.2922    1.1463    2.2929    1.1466    2.2933    1.1467    2.2935
     0.8435    1.0436    1.1382    2.2766    1.1384    2.2771    1.1388    2.2781    1.1394    2.2795    1.1402    2.2812    1.1411    2.2831    1.1421    2.2851    1.1430    2.2869    1.1439    2.2886    1.1447    2.2901    1.1454    2.2913    1.1459    2.2922    1.1463    2.2929    1.1466    2.2933    1.1467    2.2935
     1.0845    1.0436    1.1385    2.2770    1.1386    2.2775    1.1390    2.2785    1.1395    2.2798    1.1403    2.2814    1.1412    2.2832    1.1421    2.2851    1.1430    2.2868    1.1438    2.2885    1.1446    2.2899    1.1453    2.2911    1.1458    2.2920    1.1462    2.2927    1.1465    2.2931    1.1466    2.2933
    -1.2050    0.8348    1.1423    2.2841    1.1415    2.2821    1.1406    2.2805    1.1400    2.2794    1.1395    2.2787    1.1392    2.2782    1.1390    2.2777    1.1387    2.2771    1.1383    2.2762    1.1379    2.2752    1.1372    2.2743    1.1373    2.2749    1.1375    2.2752    1.1377    2.2753    1.1377    2.2753
    -0.9640    0.8348    1.1421    2.2837    1.1413    2.2817    1.1404    2.2801    1.1398    2.2790    1.1393    2.2784    1.1391    2.2780    1.1389    2.2776    1.1387    2.2771    1.1384    2.2764    1.1380    2.2755    1.1374    2.2747    1.1375    2.2753    1.1378    2.2757    1.1379    2.2758    1.1379    2.2756
    -0.7230    0.8348    1.1420    2.2834    1.1412    2.2814    1.1403    2.2799    1.1397    2.2789    1.1392    2.2783    1.1390    2.2779    1.1389    2.2776    1.1387    2.2771    1.1384    2.2765    1.1380    2.2755    1.1374    2.2747    1.1375    2.2753    1.1378    2.2757    1.1379    2.2759    1.1379    2.2758
    -0.4820    0.8348    1.1419    2.2832    1.1411    2.2812    1.1402    2.2798    1.1396    2.2788    1.1392    2.2783    1.1391    2.2780    1.1389    2.2777    1.1387    2.2773    1.1385    2.2766    1.1381    2.2757    1.1375    2.2749    1.1376    2.2754    1.1378    2.2757    1.1379    2.2759    1.1379    2.2758
    -0.2410    0.8348    1.1415    2.2825    1.1408    2.2806    1.1400    2.2793    1.1394    2.2785    1.1391    2.2780    1.1390    2.2779    1.1389    2.2777    1.1388    2.2774    1.1386    2.2769    1.1383    2.2761    1.1377    2.2753    1.1377    2.2756    1.1379    2.2758    1.1380    2.2760    1.1380    2.2759
     0.0000    0.8348    1.1406    2.2810    1.1401    2.2796    1.1396    2.2787    1.1392    2.2781    1.1390    2.2780    1.1390    2.2781    1.1391    2.2783    1.1392    2.2783    1.1391    2.2782    1.1390    2.2779    1.1388    2.2773    1.1385    2.2766    1.1380    2.2759    1.1380    2.2761    1.1380    2.2761
     0.2410    0.8348    1.1387    2.2774    1.1387    2.2777    1.1390    2.2785    1.1395    2.2797    1.1402    2.2813    1.1411    2.2830    1.1420    2.2848    1.1429    2.2865    1.1437    2.2881    1.1444    2.2894    1.1450    2.2904    1.1454    2.2912    1.1457    2.2917    1.1460    2.2920    1.1461    2.2921
     0.4820    0.8348    1.1382    2.2765    1.1383    2.2770    1.1387    2.2780    1.1393    2.2794    1.1401    2.2811    1.1410    2.2830    1.1420    2.2850    1.1429    2.2868    1.1438    2.2885    1.1446    2.2899    1.1453    2.2911    1.1458    2.2920    1.1462    2.2927    1.1465    2.2931    1.1466    2.2933
     0.7230    0.8348    1.1383    2.2766    1.1384    2.2771    1.1388    2.2781    1.1394    2.2796    1.1402    2.2814    1.1412    2.2833    1.1421    2.2852    1.1431    2.2871    1.1440    2.2888    1.1448    2.2902    1.1454    2.2914    1.1459    2.2923    1.1463    2.2929    1.1466    2.2933    1.1467    2.2935
     0.9640    0.8348    1.1384    2.2768    1.1385    2.2773    1.1389    2.2782    1.1394    2.2796    1.1402    2.2812    1.1411    2.2831    1.1420    2.2849    1.1429    2.2867    1.1438    2.2884    1.1446    2.2899    1.1453    2.2911    1.1458    2.2921    1.1462    2.2928    1.1465    2.2933    1.1467    2.2935
     1.2050    0.8348    1.1385    2.2770    1.1386    2.2775    1.1390    2.2785    1.1396    2.2798    1.1403    2.2814    1.1412    2.2832    1.1421    2.2851    1.1430    2.2868    1.1438    2.2885    1.1446    2.2899    1.1453    2.2911    1.1458    2.2920    1.1462    2.2927    1.1465    2.2932    1.1467    2.2934
    -1.3255    0.6261    1.1423    2.2840    1.1414    2.2819    1.1406    2.2805    1.1399    2.2794    1.1395    2.2788    1.1393    2.2783    1.1391    2.2779    1.1388    2.2774    1.1385    2.2766    1.1380    2.2755    1.1374    2.2746    1.1374    2.2751    1.1376    2.2753    1.1377    2.2754    1.1377    2.2752
    -1.0845    0.6261    1.1421    2.2837    1.1413    2.2817    1.1404    2.2802    1.1398    2.2792    1.1394    2.2786    1.1392    2.2782    1.1390    2.2778    1.1388    2.2773    1.1385    2.2766    1.1380    2.2755    1.1374    2.2747    1.1375    2.2752    1.1377    2.2755    1.1378    2.2755    1.1377    2.2754
    -0.8435    0.6261    1.1420    2.2835    1.1412    2.2815    1.1404    2.2801    1.1398    2.2791    1.1393    2.2785    1.1392    2.2782    1.1390    2.2778    1.1388    2.2774    1.1385    2.2767    1.1381    2.2757    1.1375    2.2749    1.1376    2.2754    1.1378    2.2757    1.1379    2.2758    1.1379    2.2756
    -0.6025    0.6261    1.1418    2.2831    1.1410    2.2811    1.1402    2.2797    1.1396    2.2788    1.1392    2.2783    1.1390    2.2780    1.1389    2.2777    1.1387    2.2773    1.1385    2.2766    1.1381    2.2756    1.1375    2.2748    1.1375    2.2752    1.1377    2.2756    1.1378    2.2757    1.1378    2.2756
    -0.3615    0.6261    1.1415    2.2824    1.1407    2.2807    1.1400    2.2794    1.1395    2.2786    1.1392    2.2783    1.1391    2.2782    1.1391    2.2781    1.1390    2.2779    1.1388    2.2775    1.1386    2.2767    1.1381    2.2757    1.1378    2.2758    1.1380    2.2760    1.1380    2.2761    1.1380    2.2760
    -0.1205    0.6261    1.1410    2.2816    1.1404    2.2801    1.1397    2.2790    1.1393    2.2783    1.1390    2.2780    1.1390    2.2780    1.1390    2.2780    1.1390    2.2779    1.1389    2.2777    1.1387    2.2772    1.1384    2.2764    1.1379    2.2757    1.1379    2.2760    1.1380    2.2761    1.1381    2.2762
     0.1205    0.6261    1.1393    2.2785    1.1392    2.2785    1.1394    2.2792    1.1399    2.2804    1.1406    2.2819    1.1413    2.2834    1.1421    2.2850    1.1429    2.2864    1.1435    2.2876    1.1440    2.2885    1.1444    2.2892    1.1447    2.2896    1.1449    2.2898    1.1449    2.2899    1.1449    2.2897
     0.3615    0.6261    1.1384    2.2768    1.1385    2.2772    1.1388    2.2782    1.1394    2.2795    1.1402    2.2812    1.1410    2.2830    1.1420    2.2849    1.1429    2.2867    1.1438    2.2883    1.1445    2.2897    1.1451    2.2908    1.1457    2.2918    1.1461    2.2924    1.1464    2.2929    1.1465    2.2932
     0.6025    0.6261    1.1383    2.2766    1.1384    2.2771    1.1388    2.2782    1.1394    2.2796    1.1402    2.2813    1.1411    2.2832    1.1421    2.2851    1.1430    2.2869    1.1439    2.2885    1.1446    2.2900    1.1453    2.2912    1.1458    2.2921    1.1462    2.2928    1.1465    2.2932    1.1467    2.2934
     0.8435    0.6261    1.1383    2.2767    1.1384    2.2772    1.1388    2.2781    1.1394    2.2795    1.1402    2.2812    1.1410    2.2830    1.1420    2.2849    1.1429    2.2867    1.1438    2.2883    1.1445    2.2898    1.1452    2.2910    1.1457    2.2919    1.1462    2.2927    1.1465    2.2931    1.1467    2.2934
     1.0845    0.6261    1.1383    2.2766    1.1384    2.2771    1.1388    2.2782    1.1394    2.2796    1.1402    2.2813    1.1411    2.2832    1.1421    2.2851    1.1430    2.2869    1.1439    2.2886    1.1447    2.2901    1.1453    2.2913    1.1459    2.2922    1.1463    2.2929    1.1466    2.2933    1.1467    2.2935
     1.3255    0.6261    1.1384    2.2769    1.1385    2.2774    1.1389    2.2784    1.1395    2.2797    1.1403    2.2814    1.1411    2.2832    1.1421    2.2850    1.1430    2.2868    1.1438    2.2885    1.1446    2.2899    1.1453    2.2911    1.1458    2.2920    1.1462    2.2927    1.1465    2.2931    1.1466    2.2933
    -1.4460    0.4174    1.1423    2.2840    1.1415    2.2820    1.1406    2.2805    1.1399    2.2794    1.1395    2.2786    1.1392    2.2782    1.1390    2.2777    1.1387    2.2771    1.1384    2.2763    1.1379    2.2752    1.1372    2.2743    1.1372    2.2747    1.1374    2.2750    1.1375    2.2751    1.1375    2.2750
    -1.2050    0.4174    1.1421    2.2836    1.1413    2.2817    1.1404    2.2802    1.1398    2.2792    1.1394    2.2786    1.1392    2.2782    1.1390    2.2779    1.1388    2.2774    1.1385    2.2767    1.1381    2.2757    1.1375    2.2748    1.1375    2.2752    1.1377    2.2755    1.1378    2.2755    1.1377    2.2754
    -0.9640    0.4174    1.1420    2.2835    1.1412    2.2815    1.1403    2.2800    1.1397    2.2790    1.1393    2.2783    1.1391    2.2779    1.1389    2.2775    1.1387    2.2770    1.1384    2.2763    1.1379    2.2753    1.1373    2.2745    1.1374    2.2750    1.1376    2.2753    1.1377    2.2754    1.1377    2.2754
    -0.7230    0.4174    1.1418    2.2830    1.1410    2.2811    1.1402    2.2798    1.1397    2.2789    1.1393    2.2785    1.1392    2.2782    1.1391    2.2780    1.1389    2.2776    1.1387    2.2770    1.1383    2.2760    1.1377    2.2751    1.1376    2.2755    1.1378    2.2757    1.1379    2.2758    1.1379    2.2757
    -0.4820    0.4174    1.1415    2.2826    1.1408    2.2808    1.1401    2.2796    1.1396    2.2787    1.1392    2.2783    1.1391    2.2781    1.1390    2.2780    1.1389    2.2777    1.1388    2.2772    1.1385    2.2765    1.1380    2.2754    1.1376    2.2755    1.1378    2.2757    1.1379    2.2758    1.1379    2.2758
    -0.2410    0.4174    1.1402    2.2799    1.1398    2.2794    1.1398    2.2798    1.1401    2.2806    1.1406    2.2818    1.1412    2.2830    1.1418    2.2842    1.1424    2.2852    1.1428    2.2860    1.1431    2.2865    1.1433    2.2867    1.1434    2.2869    1.1435    2.2870    1.1435    2.2868    1.1434    2.2865
     0.0000    0.4174    1.1403    2.2804    1.1399    2.2792    1.1394    2.2783    1.1390    2.2778    1.1388    2.2777    1.1389    2.2780    1.1390    2.2782    1.1392    2.2784    1.1392    2.2784    1.1392    2.2782    1.1390    2.2778    1.1388    2.2772    1.1384    2.2764    1.1378    2.2755    1.1378    2.2756
     0.2410    0.4174    1.1386    2.2773    1.1387    2.2776    1.1390    2.2784    1.1395    2.2797    1.1403    2.2813    1.1411    2.2831    1.1420    2.2849    1.1429    2.2866    1.1437    2.2881    1.1444    2.2893    1.1449    2.2903    1.1454    2.2911    1.1457    2.2916    1.1459    2.2918    1.1460    2.2919
     0.4820    0.4174    1.1382    2.2764    1.1383    2.2769    1.1387    2.2779    1.1393    2.2794    1.1401    2.2812    1.1411    2.2831    1.1421    2.2851    1.1430    2.2870    1.1440    2.2887    1.1447    2.2902    1.1454    2.2913    1.1459    2.2922    1.1463    2.2929    1.1466    2.2933    1.1467    2.2935
     0.7230    0.4174    1.1381    2.2763    1.1383    2.2769    1.1387    2.2780    1.1393    2.2795    1.1402    2.2813    1.1411    2.2833    1.1422    2.2853    1.1431    2.2872    1.1440    2.2889    1.1448    2.2903    1.1455    2.2915    1.1460    2.2924    1.1464    2.2930    1.1466    2.2934    1.1467    2.2936
     0.9640    0.4174    1.1382    2.2765    1.1384    2.2770    1.1388    2.2781    1.1394    2.2796    1.1402    2.2813    1.1411    2.2833    1.1421    2.2852    1.1431    2.2871    1.1440    2.2887    1.1447    2.2902    1.1454    2.2913    1.1459    2.2922    1.1463    2.2929    1.1466    2.2933    1.1467    2.2935
     1.2050    0.4174    1.1383    2.2767    1.1385    2.2772    1.1388    2.2782    1.1394    2.2796    1.1402    2.2813    1.1411    2.2831    1.1420    2.2850    1.1430    2.2868    1.1438    2.2884    1.1446    2.2898    1.1452    2.2910    1.1457    2.2919    1.1461    2.2926    1.1464    2.2930    1.1466    2.2932
     1.4460    0.4174    1.1385    2.2771    1.1386    2.2776    1.1390    2.2786    1.1396    2.2799    1.1404    2.2816    1.1412    2.2834    1.1421    2.2852    1.1430    2.2869    1.1439    2.2885    1.1446    2.2899    1.1452    2.2910    1.1457    2.2919    1.1461    2.2925    1.1464    2.2929    1.1465    2.2931
    -1.5665    0.2087    1.1420    2.2835    1.1413    2.2817    1.1405    2.2803    1.1399    2.2794    1.1395    2.2788    1.1393    2.2784    1.1391    2.2781    1.1389    2.2776    1.1387    2.2770    1.1383    2.2761    1.1378    2.2749    1.1373    2.2749    1.1375    2.2751    1.1376    2.2752    1.1376    2.2751
    -1.3255    0.2087    1.1419    2.2833    1.1411    2.2815    1.1404    2.2801    1.1398    2.2791    1.1393    2.2785    1.1391    2.2781    1.1390    2.2777    1.1388    2.2773    1.1385    2.2767    1.1382    2.2759    1.1377    2.2748    1.1373    2.2749    1.1375    2.2752    1.1376    2.2753    1.1377    2.2753
    -1.0845    0.2087    1.1416    2.2828    1.1409    2.2810    1.1402    2.2798    1.1396    2.2789    1.1393    2.2784    1.1391    2.2782    1.1390    2.2779    1.1389    2.2776    1.1387    2.2771    1.1384    2.2764    1.1379    2.2753    1.1376    2.2754    1.1377    2.2756    1.1378    2.2757    1.1379    2.2757
    -0.8435    0.2087    1.1416    2.2827    1.1409    2.2810    1.1402    2.2798    1.1397    2.2789    1.1393    2.2785    1.1392    2.2783    1.1391    2.2782    1.1390    2.2779    1.1388    2.2774    1.1385    2.2767    1.1381    2.2756    1.1377    2.2757    1.1379    2.2759    1.1379    2.2759    1.1379    2.2758
    -0.6025    0.2087    1.1414    2.2823    1.1407    2.2806    1.1400    2.2794    1.1395    2.2786    1.1391    2.2782    1.1390    2.2780    1.1390    2.2779    1.1389    2.2777    1.1388    2.2773    1.1385    2.2766    1.1381    2.2756    1.1377    2.2756    1.1378    2.2757    1.1379    2.2758    1.1379    2.2758
    -0.3615    0.2087    1.1408    2.2813    1.1403    2.2799    1.1397    2.2789    1.1393    2.2783    1.1390    2.2780    1.1390    2.2781    1.1391    2.2781    1.1391    2.2781    1.1390    2.2779    1.1389    2.2775    1.1386    2.2769    1.1383    2.2761    1.1378    2.2754    1.1377    2.2755    1.1377    2.2755
    -0.1205    0.2087    1.1403    2.2805    1.1399    2.2793    1.1394    2.2785    1.1391    2.2780    1.1389    2.2779    1.1390    2.2781    1.1391    2.2784    1.1392    2.2785    1.1393    2.2785    1.1392    2.2783    1.1390    2.2778    1.1388    2.2772    1.1384    2.2762    1.1378    2.2753    1.1377    2.2754
     0.1205    0.2087    1.1389    2.2776    1.1388    2.2778    1.1391    2.2786    1.1396    2.2799    1.1403    2.2814    1.1411    2.2831    1.1420    2.2848    1.1428    2.2864    1.1435    2.2877    1.1442    2.2888    1.1446    2.2897    1.1450    2.2903    1.1452    2.2906    1.1453    2.2907    1.1454    2.2907
     0.3615    0.2087    1.1383    2.2766    1.1384    2.2771    1.1388    2.2781    1.1394    2.2795    1.1402    2.2812    1.1411    2.2831    1.1420    2.2850    1.1430    2.2868    1.1438    2.2884    1.1446    2.2898    1.1452    2.2910    1.1457    2.2918    1.1461    2.2925    1.1464    2.2929    1.1465    2.2931
     0.6025    0.2087    1.1381    2.2764    1.1383    2.2769    1.1387    2.2781    1.1394    2.2796    1.1403    2.2815    1.1413    2.2835    1.1423    2.2856    1.1433    2.2874    1.1442    2.2891    1.1449    2.2905    1.1456    2.2916    1.1461    2.2925    1.1464    2.2931    1.1466    2.2934    1.1467    2.2935
     0.8435    0.2087    1.1382    2.2764    1.1383    2.2769    1.1387    2.2779    1.1393    2.2793    1.1401    2.2810    1.1410    2.2829    1.1419    2.2849    1.1429    2.2867    1.1438    2.2884    1.1446    2.2899    1.1452    2.2911    1.1458    2.2920    1.1462    2.2927    1.1465    2.2931    1.1466    2.2933
     1.0845    0.2087    1.1381    2.2762    1.1382    2.2768    1.1386    2.2778    1.1393    2.2793    1.1401    2.2811    1.1410    2.2830    1.1420    2.2850    1.1430    2.2868    1.1439    2.2885    1.1446    2.2900    1.1453    2.2911    1.1458    2.2920    1.1462    2.2926    1.1464    2.2931    1.1466    2.2933
     1.3255    0.2087    1.1383    2.2767    1.1385    2.2773    1.1389    2.2783    1.1395    2.2797    1.1403    2.2814    1.1412    2.2833    1.1421    2.2852    1.1430    2.2870    1.1439    2.2886    1.1447    2.2900    1.1453    2.2912    1.1458    2.2920    1.1462    2.2927    1.1464    2.2930    1.1466    2.2932
     1.5665    0.2087    1.1384    2.2769    1.1385    2.2774    1.1389    2.2784    1.1395    2.2797    1.1403    2.2814    1.1411    2.2832    1.1421    2.2851    1.1430    2.2868    1.1438    2.2884    1.1446    2.2898    1.1452    2.2909    1.1457    2.2918    1.1461    2.2924    1.1463    2.2928    1.1465    2.2930
    -1.4460    0.0000    1.1400    2.2798    1.1399    2.2797    1.1399    2.2801    1.1403    2.2810    1.1408    2.2821    1.1413    2.2833    1.1419    2.2845    1.1425    2.2856    1.1431    2.2866    1.1435    2.2873    1.1438    2.2878    1.1440    2.2883    1.1443    2.2886    1.1443    2.2887    1.1443    2.2885
    -1.2050    0.0000    1.1410    2.2818    1.1406    2.2805    1.1400    2.2795    1.1396    2.2788    1.1393    2.2785    1.1392    2.2784    1.1392    2.2784    1.1392    2.2783    1.1391    2.2781    1.1389    2.2777    1.1387    2.2772    1.1384    2.2766    1.1381    2.2756    1.1377    2.2755    1.1378    2.2756
    -0.9640    0.0000    1.1400    2.2798    1.1398    2.2795    1.1398    2.2800    1.1402    2.2808    1.1407    2.2820    1.1413    2.2832    1.1419    2.2844    1.1425    2.2855    1.1430    2.2864    1.1434    2.2870    1.1436    2.2875    1.1438    2.2879    1.1440    2.2881    1.1441    2.2881    1.1441    2.2880
    -0.7230    0.0000    1.1407    2.2812    1.1402    2.2799    1.1397    2.2790    1.1394    2.2785    1.1391    2.2783    1.1392    2.2784    1.1392    2.2785    1.1393    2.2785    1.1392    2.2784    1.1391    2.2781    1.1389    2.2776    1.1386    2.2770    1.1383    2.2760    1.1379    2.2759    1.1379    2.2759
    -0.4820    0.0000    1.1394    2.2787    1.1393    2.2786    1.1394    2.2792    1.1399    2.2803    1.1405    2.2817    1.1412    2.2831    1.1419    2.2846    1.1426    2.2859    1.1433    2.2870    1.1438    2.2879    1.1441    2.2886    1.1444    2.2890    1.1446    2.2892    1.1447    2.2893    1.1446    2.2892
    -0.2410    0.0000    1.1391    2.2781    1.1391    2.2783    1.1393    2.2790    1.1398    2.2801    1.1404    2.2816    1.1412    2.2831    1.1420    2.2847    1.1427    2.2862    1.1434    2.2874    1.1440    2.2885    1.1444    2.2892    1.1448    2.2898    1.1450    2.2901    1.1451    2.2903    1.1452    2.2903
     0.0000    0.0000    1.1386    2.2772    1.1386    2.2775    1.1389    2.2784    1.1395    2.2797    1.1403    2.2813    1.1411    2.2831    1.1420    2.2849    1.1429    2.2865    1.1437    2.2880    1.1443    2.2892    1.1449    2.2902    1.1453    2.2909    1.1456    2.2914    1.1458    2.2917    1.1459    2.2918
     0.2410    0.0000    1.1384    2.2768    1.1385    2.2773    1.1389    2.2783    1.1395    2.2797    1.1403    2.2814    1.1412    2.2833    1.1421    2.2852    1.1430    2.2870    1.1439    2.2886    1.1447    2.2900    1.1453    2.2911    1.1458    2.2920    1.1461    2.2926    1.1464    2.2929    1.1465    2.2931
     0.4820    0.0000    1.1382    2.2765    1.1384    2.2770    1.1387    2.2780    1.1393    2.2794    1.1401    2.2811    1.1410    2.2830    1.1420    2.2848    1.1429    2.2866    1.1437    2.2883    1.1445    2.2897    1.1451    2.2908    1.1457    2.2917    1.1461    2.2924    1.1463    2.2929    1.1465    2.2931
     0.7230    0.0000    1.1381    2.2763    1.1382    2.2768    1.1387    2.2779    1.1393    2.2794    1.1402    2.2812    1.1411    2.2832    1.1421    2.2852    1.1431    2.2871    1.1440    2.2888    1.1448    2.2903    1.1454    2.2914    1.1459    2.2922    1.1463    2.2928    1.1465    2.2932    1.1466    2.2934
     0.9640    0.0000    1.1381    2.2763    1.1382    2.2768    1.1387    2.2779    1.1393    2.2794    1.1401    2.2812    1.1411    2.2831    1.1421    2.2851    1.1430    2.2869    1.1439    2.2886    1.1447    2.2901    1.1453    2.2912    1.1458    2.2921    1.1462    2.2927    1.1465    2.2931    1.1466    2.2933
     1.2050    0.0000    1.1382    2.2765    1.1383    2.2771    1.1388    2.2782    1.1394    2.2797    1.1403    2.2815    1.1412    2.2834    1.1422    2.2853    1.1431    2.2872    1.1440    2.2888    1.1448    2.2902    1.1454    2.2914    1.1459    2.2922    1.1463    2.2928    1.1465    2.2932    1.1466    2.2933
     1.4460    0.0000    1.1384    2.2768    1.1385    2.2773    1.1389    2.2783    1.1395    2.2797    1.1402    2.2813    1.1411    2.2831    1.1420    2.2850    1.1429    2.2868    1.1438    2.2884    1.1446    2.2898    1.1452    2.2909    1.1457    2.2918    1.1461    2.2925    1.1464    2.2929    1.1465    2.2931
    -1.5665   -0.2087    1.1394    2.2788    1.1394    2.2791    1.1397    2.2799    1.1402    2.2810    1.1408    2.2823    1.1415    2.2838    1.1423    2.2853    1.1430    2.2867    1.1437    2.2880    1.1443    2.2892    1.1448    2.2901    1.1453    2.2909    1.1456    2.2915    1.1459    2.2919    1.1460    2.2921
    -1.3255   -0.2087    1.1394    2.2788    1.1394    2.2791    1.1397    2.2798    1.1402    2.2809    1.1408    2.2823    1.1415    2.2838    1.1423    2.2852    1.1430    2.2866    1.1436    2.2879    1.1442    2.2889    1.1447    2.2898    1.1451    2.2904    1.1453    2.2909    1.1455    2.2911    1.1456    2.2911
    -1.0845   -0.2087    1.1393    2.2785    1.1393    2.2787    1.1395    2.2794    1.1400    2.2805    1.1406    2.2819    1.1413    2.2833    1.1420    2.2848    1.1428    2.2862    1.1434    2.2875    1.1440    2.2886    1.1445    2.2895    1.1449    2.2902    1.1452    2.2907    1.1454    2.2910    1.1455    2.2911
    -0.8435   -0.2087    1.1392    2.2784    1.1392    2.2787    1.1395    2.2794    1.1400    2.2805    1.1406    2.2819    1.1413    2.2834    1.1421    2.2850    1.1429    2.2864    1.1435    2.2877    1.1441    2.2888    1.1447    2.2897    1.1451    2.2904    1.1454    2.2909    1.1455    2.2912    1.1456    2.2913
    -0.6025   -0.2087    1.1390    2.2780    1.1391    2.2783    1.1393    2.2791    1.1398    2.2803    1.1405    2.2818    1.1413    2.2834    1.1421    2.2850    1.1429    2.2865    1.1436    2.2879    1.1443    2.2890    1.1448    2.2900    1.1452    2.2907    1.1455    2.2911    1.1456    2.2914    1.1457    2.2915
    -0.3615   -0.2087    1.1386    2.2773    1.1387    2.2777    1.1390    2.2786    1.1396    2.2799    1.1404    2.2816    1.1412    2.2834    1.1421    2.2852    1.1430    2.2869    1.1438    2.2884    1.1445    2.2897    1.1451    2.2908    1.1456    2.2916    1.1460    2.2922    1.1462    2.2926    1.1463    2.2928
    -0.1205   -0.2087    1.1385    2.2771    1.1386    2.2775    1.1390    2.2785    1.1396    2.2799    1.1404    2.2816    1.1413    2.2834    1.1422    2.2853    1.1431    2.2871    1.1439    2.2887    1.1447    2.2900    1.1453    2.2911    1.1458    2.2920    1.1461    2.2926    1.1464    2.2929    1.1465    2.2931
     0.1205   -0.2087    1.1382    2.2764    1.1383    2.2770    1.1387    2.2780    1.1393    2.2794    1.1401    2.2812    1.1411    2.2831    1.1420    2.2851    1.1430    2.2869    1.1439    2.2886    1.1447    2.2900    1.1453    2.2912    1.1458    2.2921    1.1462    2.2927    1.1465    2.2931    1.1466    2.2933
     0.3615   -0.2087    1.1381    2.2763    1.1382    2.2768    1.1386    2.2778    1.1393    2.2793    1.1401    2.2811    1.1410    2.2830    1.1420    2.2850    1.1430    2.2869    1.1439    2.2886    1.1447    2.2900    1.1453    2.2912    1.1458    2.2920    1.1462    2.2927    1.1465    2.2931    1.1466    2.2933
     0.6025   -0.2087    1.1381    2.2763    1.1383    2.2769    1.1387    2.2780    1.1393    2.2794    1.1402    2.2812    1.1411    2.2832    1.1421    2.2852    1.1431    2.2870    1.1439    2.2887    1.1447    2.2901    1.1454    2.2913    1.1459    2.2922    1.1463    2.2928    1.1465    2.2932    1.1467    2.2934
     0.8435   -0.2087    1.1380    2.2761    1.1382    2.2767    1.1386    2.2778    1.1392    2.2793    1.1401    2.2811    1.1411    2.2831    1.1421    2.2851    1.1431    2.2870    1.1440    2.2887    1.1448    2.2902    1.1454    2.2914    1.1459    2.2922    1.1463    2.2929    1.1465    2.2933    1.1467    2.2934
     1.0845   -0.2087    1.1381    2.2764    1.1383    2.2769    1.1387    2.2780    1.1393    2.2794    1.1401    2.2812    1.1411    2.2831    1.1421    2.2851    1.1430    2.2870    1.1439    2.2886    1.1447    2.2901    1.1453    2.2912    1.1459    2.2921    1.1462    2.2928    1.1465    2.2932    1.1466    2.2933
     1.3255   -0.2087    1.1383    2.2766    1.1384    2.2771    1.1388    2.2781    1.1394    2.2796    1.1402    2.2813    1.1411    2.2832    1.1421    2.2851    1.1430    2.2869    1.1439    2.2886    1.1447    2.2900    1.1453    2.2912    1.1458    2.2921    1.1462    2.2927    1.1465    2.2931    1.1466    2.2933
     1.5665   -0.2087    1.1384    2.2769    1.1386    2.2774    1.1389    2.2784    1.1395    2.2798    1.1403    2.2814    1.1412    2.2832    1.1421    2.2850    1.1430    2.2868    1.1438    2.2884    1.1446    2.2898    1.1452    2.2909    1.1457    2.2918    1.1461    2.2925    1.1464    2.2929    1.1465    2.2931
    -1.4460   -0.4174    1.1391    2.2782    1.1392    2.2786    1.1395    2.2795    1.1400    2.2806    1.1406    2.2820    1.1414    2.2836    1.1422    2.2851    1.1429    2.2866    1.1436    2.2879    1.1443    2.2891    1.1448    2.2901    1.1453    2.2910    1.1457    2.2916    1.1459    2.2920    1.1461    2.2923
    -1.2050   -0.4174    1.1390    2.2780    1.1391    2.2785    1.1394    2.2794    1.1400    2.2806    1.1407    2.2821    1.1415    2.2838    1.1423    2.2855    1.1431    2.2870    1.1439    2.2885    1.1446    2.2897    1.1451    2.2907    1.1456    2.2915    1.1459    2.2920    1.1461    2.2924    1.1463    2.2926
    -0.9640   -0.4174    1.1388    2.2777    1.1390    2.2782    1.1393    2.2791    1.1398    2.2804    1.1406    2.2819    1.1414    2.2836    1.1422    2.2853    1.1431    2.2869    1.1438    2.2884    1.1445    2.2896    1.1451    2.2906    1.1455    2.2915    1.1459    2.2921    1.1461    2.2924    1.1463    2.2926
    -0.7230   -0.4174    1.1387    2.2774    1.1388    2.2778    1.1391    2.2787    1.1397    2.2800    1.1404    2.2816    1.1412    2.2833    1.1421    2.2850    1.1429    2.2867    1.1438    2.2883    1.1445    2.2896    1.1451    2.2907    1.1456    2.2915    1.1459    2.2922    1.1462    2.2926    1.1463    2.2928
    -0.4820   -0.4174    1.1385    2.2770    1.1386    2.2775    1.1390    2.2785    1.1396    2.2799    1.1404    2.2816    1.1413    2.2835    1.1422    2.2853    1.1431    2.2871    1.1440    2.2887    1.1447    2.2900    1.1453    2.2911    1.1458    2.2919    1.1461    2.2925    1.1463    2.2928    1.1465    2.2930
    -0.2410   -0.4174    1.1384    2.2769    1.1385    2.2774    1.1389    2.2784    1.1395    2.2798    1.1403    2.2814    1.1411    2.2832    1.1421    2.2850    1.1429    2.2867    1.1438    2.2883    1.1445    2.2897    1.1451    2.2908    1.1456    2.2917    1.1460    2.2924    1.1463    2.2928    1.1465    2.2931
     0.0000   -0.4174    1.1383    2.2767    1.1384    2.2772    1.1388    2.2781    1.1394    2.2795    1.1402    2.2812    1.1411    2.2830    1.1420    2.2849    1.1429    2.2867    1.1438    2.2884    1.1446    2.2898    1.1452    2.2910    1.1457    2.2919    1.1461    2.2926    1.1464    2.2930    1.1466    2.2932
     0.2410   -0.4174    1.1382    2.2765    1.1383    2.2770    1.1387    2.2780    1.1394    2.2795    1.1402    2.2812    1.1411    2.2831    1.1420    2.2850    1.1430    2.2868    1.1438    2.2885    1.1446    2.2899    1.1453    2.2911    1.1458    2.2920    1.1462    2.2927    1.1465    2.2931    1.1466    2.2933
     0.4820   -0.4174    1.1380    2.2761    1.1382    2.2767    1.1386    2.2778    1.1392    2.2793    1.1401    2.2811    1.1410    2.2831    1.1421    2.2851    1.1430    2.2870    1.1439    2.2887    1.1447    2.2901    1.1454    2.2913    1.1459    2.2921    1.1462    2.2928    1.1465    2.2932    1.1466    2.2934
     0.7230   -0.4174    1.1380    2.2761    1.1381    2.2767    1.1386    2.2778    1.1392    2.2793    1.1401    2.2812    1.1411    2.2832    1.1421    2.2852    1.1431    2.2871    1.1440    2.2888    1.1448    2.2903    1.1454    2.2914    1.1459    2.2923    1.1463    2.2929    1.1465    2.2933    1.1467    2.2934
     0.9640   -0.4174    1.1381    2.2763    1.1383    2.2768    1.1387    2.2779    1.1393    2.2793    1.1401    2.2811    1.1410    2.2830    1.1420    2.2850    1.1430    2.2868    1.1439    2.2885    1.1446    2.2900    1.1453    2.2912    1.1458    2.2921    1.1462    2.2928    1.1465    2.2932    1.1467    2.2935
     1.2050   -0.4174    1.1383    2.2766    1.1384    2.2771    1.1388    2.2781    1.1394    2.2795    1.1402    2.2812    1.1411    2.2830    1.1420    2.2849    1.1429    2.2868    1.1438    2.2884    1.1446    2.2899    1.1452    2.2911    1.1458    2.2920    1.1462    2.2927    1.1465    2.2932    1.1466    2.2934
     1.4460   -0.4174    1.1384    2.2769    1.1385    2.2774    1.1389    2.2784    1.1395    2.2798    1.1403    2.2815    1.1412    2.2833    1.1421    2.2852    1.1430    2.2869    1.1439    2.2886    1.1446    2.2900    1.1453    2.2911    1.1458    2.2920    1.1462    2.2926    1.1464    2.2930    1.1466    2.2932
    -1.3255   -0.6261    1.1389    2.2778    1.1390    2.2782    1.1393    2.2791    1.1399    2.2804    1.1406    2.2819    1.1414    2.2835    1.1422    2.2852    1.1430    2.2868    1.1438    2.2883    1.1445    2.2896    1.1451    2.2906    1.1455    2.2914    1.1459    2.2921    1.1461    2.2924    1.1463    2.2926
    -1.0845   -0.6261    1.1388    2.2777    1.1389    2.2781    1.1392    2.2790    1.1398    2.2802    1.1405    2.2817    1.1413    2.2833    1.1421    2.2850    1.1429    2.2867    1.1437    2.2882    1.1444    2.2895    1.1450    2.2905    1.1455    2.2914    1.1459    2.2921    1.1462    2.2925    1.1463    2.2927
    -0.8435   -0.6261    1.1385    2.2771    1.1387    2.2776    1.1390    2.2786    1.1396    2.2799    1.1404    2.2816    1.1412    2.2834    1.1421    2.2852    1.1430    2.2869    1.1438    2.2884    1.1446    2.2898    1.1452    2.2909    1.1457    2.2917    1.1460    2.2923    1.1463    2.2927    1.1464    2.2929
    -0.6025   -0.6261    1.1385    2.2771    1.1386    2.2776    1.1390    2.2785    1.1396    2.2798    1.1403    2.2814    1.1412    2.2832    1.1420    2.2850    1.1429    2.2867    1.1438    2.2883    1.1445    2.2896    1.1451    2.2908    1.1456    2.2916    1.1460    2.2923    1.1463    2.2927    1.1464    2.2929
    -0.3615   -0.6261    1.1384    2.2768    1.1385    2.2773    1.1389    2.2783    1.1395    2.2798    1.1403    2.2815    1.1412    2.2833    1.1421    2.2852    1.1431    2.2870    1.1439    2.2886    1.1447    2.2900    1.1453    2.2911    1.1458    2.2920    1.1462    2.2926    1.1464    2.2930    1.1465    2.2931
    -0.1205   -0.6261    1.1383    2.2767    1.1384    2.2772    1.1388    2.2782    1.1394    2.2796    1.1402    2.2814    1.1411    2.2832    1.1421    2.2851    1.1430    2.2869    1.1439    2.2886    1.1447    2.2900    1.1453    2.2912    1.1458    2.2921    1.1462    2.2927    1.1465    2.2931    1.1466    2.2933
     0.1205   -0.6261    1.1382    2.2764    1.1383    2.2769    1.1387    2.2780    1.1393    2.2794    1.1401    2.2812    1.1411    2.2831    1.1420    2.2850    1.1430    2.2869    1.1439    2.2886    1.1447    2.2900    1.1453    2.2912    1.1459    2.2921    1.1462    2.2928    1.1465    2.2932    1.1467    2.2934
     0.3615   -0.6261    1.1381    2.2763    1.1382    2.2768    1.1386    2.2778    1.1393    2.2793    1.1401    2.2810    1.1410    2.2830    1.1420    2.2849    1.1429    2.2868    1.1438    2.2885    1.1446    2.2899    1.1453    2.2911    1.1458    2.2920    1.1462    2.2927    1.1465    2.2931    1.1466    2.2933
     0.6025   -0.6261    1.1381    2.2763    1.1382    2.2768    1.1386    2.2779    1.1393    2.2794    1.1401    2.2812    1.1411    2.2831    1.1421    2.2851    1.1431    2.2870    1.1440    2.2888    1.1448    2.2903    1.1455    2.2915    1.1460    2.2924    1.1464    2.2930    1.1466    2.2934    1.1467    2.2935
     0.8435   -0.6261    1.1381    2.2763    1.1382    2.2768    1.1386    2.2779    1.1393    2.2793    1.1401    2.2811    1.1410    2.2831    1.1420    2.2850    1.1430    2.2869    1.1439    2.2886    1.1447    2.2900    1.1453    2.2912    1.1458    2.2921    1.1462    2.2927    1.1465    2.2932    1.1466    2.2934
     1.0845   -0.6261    1.1382    2.2766    1.1384    2.2771    1.1388    2.2781    1.1394    2.2796    1.1402    2.2813    1.1411    2.2833    1.1421    2.2852    1.1431    2.2870    1.1440    2.2887    1.1447    2.2902    1.1454    2.2914    1.1459    2.2923    1.1463    2.2930    1.1466    2.2934    1.1467    2.2935
     1.3255   -0.6261    1.1382    2.2765    1.1384    2.2771    1.1388    2.2781    1.1394    2.2795    1.1402    2.2813    1.1411    2.2831    1.1421    2.2851    1.1430    2.2869    1.1439    2.2886    1.1447    2.2900    1.1453    2.2912    1.1459    2.2922    1.1463    2.2928    1.1465    2.2933    1.1467    2.2935
    -1.2050   -0.8348    1.1388    2.2776    1.1389    2.2781    1.1393    2.2790    1.1398    2.2803    1.1405    2.2819    1.1413    2.2835    1.1422    2.2852    1.1430    2.2869    1.1438    2.2884    1.1445    2.2897    1.1451    2.2908    1.1456    2.2916    1.1460    2.2923    1.1462    2.2927    1.1464    2.2929
    -0.9640   -0.8348    1.1386    2.2773    1.1388    2.2778    1.1391    2.2787    1.1397    2.2800    1.1404    2.2816    1.1413    2.2834    1.1422    2.2852    1.1430    2.2869    1.1439    2.2885    1.1446    2.2898    1.1452    2.2909    1.1457    2.2918    1.1461    2.2924    1.1463    2.2928    1.1465    2.2930
    -0.7230   -0.8348    1.1385    2.2771    1.1386    2.2776    1.1390    2.2786    1.1396    2.2799    1.1404    2.2816    1.1412    2.2834    1.1421    2.2852    1.1430    2.2869    1.1439    2.2885    1.1446    2.2899    1.1452    2.2910    1.1457    2.2918    1.1461    2.2924    1.1463    2.2928    1.1465    2.2930
    -0.4820   -0.8348    1.1383    2.2767    1.1384    2.2772    1.1388    2.2782    1.1394    2.2796    1.1402    2.2813    1.1411    2.2832    1.1421    2.2851    1.1430    2.2869    1.1438    2.2885    1.1446    2.2899    1.1452    2.2910    1.1457    2.2919    1.1461    2.2925    1.1464    2.2929    1.1465    2.2931
    -0.2410   -0.8348    1.1383    2.2767    1.1384    2.2772    1.1388    2.2782    1.1394    2.2796    1.1402    2.2814    1.1411    2.2832    1.1421    2.2851    1.1430    2.2869    1.1439    2.2886    1.1446    2.2900    1.1453    2.2911    1.1458    2.2920    1.1462    2.2926    1.1464    2.2930    1.1466    2.2932
     0.0000   -0.8348    1.1382    2.2765    1.1383    2.2770    1.1387    2.2780    1.1393    2.2794    1.1401    2.2812    1.1410    2.2830    1.1420    2.2849    1.1429    2.2867    1.1438    2.2884    1.1446    2.2898    1.1452    2.2910    1.1458    2.2919    1.1462    2.2926    1.1464    2.2931    1.1466    2.2933
     0.2410   -0.8348    1.1382    2.2764    1.1383    2.2770    1.1387    2.2780    1.1393    2.2795    1.1402    2.2812    1.1411    2.2831    1.1421    2.2851    1.1430    2.2869    1.1439    2.2886    1.1447    2.2900    1.1453    2.2912    1.1459    2.2921    1.1463    2.2928    1.1465    2.2932    1.1467    2.2934
     0.4820   -0.8348    1.1380    2.2761    1.1381    2.2766    1.1386    2.2777    1.1392    2.2792    1.1400    2.2810    1.1410    2.2830    1.1420    2.2849    1.1429    2.2868    1.1438    2.2885    1.1446    2.2900    1.1453    2.2911    1.1458    2.2921    1.1462    2.2927    1.1465    2.2932    1.1467    2.2934
     0.7230   -0.8348    1.1382    2.2764    1.1383    2.2769    1.1387    2.2780    1.1393    2.2794    1.1402    2.2812    1.1411    2.2831    1.1421    2.2851    1.1430    2.2869    1.1439    2.2886    1.1447    2.2901    1.1453    2.2912    1.1459    2.2921    1.1462    2.2928    1.1465    2.2932    1.1467    2.2934
     0.9640   -0.8348    1.1381    2.2763    1.1382    2.2768    1.1386    2.2779    1.1393    2.2794    1.1401    2.2812    1.1411    2.2831    1.1421    2.2851    1.1430    2.2870    1.1439    2.2887    1.1447    2.2902    1.1454    2.2914    1.1459    2.2923    1.1463    2.2929    1.1466    2.2933    1.1467    2.2935
     1.2050   -0.8348    1.1382    2.2765    1.1384    2.2770    1.1387    2.2781    1.1394    2.2795    1.1401    2.2812    1.1410    2.2830    1.1420    2.2849    1.1429    2.2868    1.1438    2.2885    1.1446    2.2899    1.1453    2.2911    1.1458    2.2921    1.1462    2.2927    1.1465    2.2932    1.1467    2.2934
    -1.0845   -1.0436    1.1386    2.2773    1.1387    2.2777    1.1391    2.2787    1.1396    2.2800    1.1404    2.2816    1.1412    2.2833    1.1421    2.2851    1.1430    2.2868    1.1438    2.2884    1.1446    2.2898    1.1452    2.2910    1.1457    2.2918    1.1461    2.2925    1.1464    2.2929    1.1465    2.2931
    -0.8435   -1.0436    1.1384    2.2770    1.1386    2.2774    1.1389    2.2784    1.1395    2.2798    1.1403    2.2814    1.1411    2.2832    1.1421    2.2850    1.1430    2.2868    1.1438    2.2884    1.1446    2.2898    1.1452    2.2909    1.1457    2.2918    1.1461    2.2925    1.1464    2.2929    1.1465    2.2931
    -0.6025   -1.0436    1.1384    2.2769    1.1385    2.2774    1.1389    2.2784    1.1395    2.2798    1.1403    2.2815    1.1412    2.2834    1.1422    2.2853    1.1431    2.2870    1.1439    2.2887    1.1447    2.2900    1.1453    2.2912    1.1458    2.2920    1.1462    2.2926    1.1464    2.2930    1.1466    2.2932
    -0.3615   -1.0436    1.1383    2.2767    1.1384    2.2772    1.1388    2.2782    1.1394    2.2796    1.1402    2.2812    1.1411    2.2831    1.1420    2.2850    1.1429    2.2868    1.1438    2.2884    1.1446    2.2898    1.1452    2.2909    1.1457    2.2918    1.1461    2.2925    1.1464    2.2929    1.1465    2.2931
    -0.1205   -1.0436    1.1382    2.2765    1.1384    2.2771    1.1388    2.2781    1.1394    2.2795    1.1402    2.2813    1.1411    2.2832    1.1421    2.2851    1.1430    2.2869    1.1439    2.2886    1.1447    2.2900    1.1453    2.2912    1.1458    2.2921    1.1462    2.2927    1.1465    2.2931    1.1466    2.2933
     0.1205   -1.0436    1.1382    2.2765    1.1383    2.2770    1.1387    2.2780    1.1394    2.2795    1.1402    2.2813    1.1411    2.2832    1.1421    2.2852    1.1431    2.2871    1.1440    2.2887    1.1447    2.2902    1.1454    2.2913    1.1459    2.2922    1.1463    2.2928    1.1465    2.2932    1.1467    2.2934
     0.3615   -1.0436    1.1382    2.2764    1.1383    2.2770    1.1387    2.2780    1.1393    2.2794    1.1401    2.2811    1.1410    2.2831    1.1420    2.2850    1.1430    2.2869    1.1439    2.2886    1.1447    2.2900    1.1453    2.2912    1.1459    2.2921    1.1462    2.2928    1.1465    2.2932    1.1466    2.2933
     0.6025   -1.0436    1.1382    2.2764    1.1383    2.2770    1.1387    2.2780    1.1393    2.2795    1.1402    2.2812    1.1411    2.2832    1.1421    2.2851    1.1430    2.2870    1.1439    2.2887    1.1447    2.2901    1.1454    2.2913    1.1459    2.2921    1.1462    2.2928    1.1465    2.2932    1.1466    2.2933
     0.8435   -1.0436    1.1382    2.2764    1.1383    2.2769    1.1387    2.2779    1.1393    2.2793    1.1401    2.2810    1.1410    2.2829    1.1419    2.2848    1.1429    2.2867    1.1438    2.2884    1.1446    2.2898    1.1452    2.2910    1.1457    2.2919    1.1461    2.2926    1.1464    2.2930    1.1466    2.2932
     1.0845   -1.0436    1.1382    2.2765    1.1383    2.2770    1.1388    2.2781    1.1394    2.2796    1.1402    2.2813    1.1411    2.2833    1.1421    2.2852    1.1431    2.2871    1.1440    2.2888    1.1448    2.2902    1.1454    2.2913    1.1459    2.2922    1.1463    2.2928    1.1465    2.2932    1.1467    2.2934
    -0.9640   -1.2523    1.1386    2.2773    1.1387    2.2777    1.1391    2.2786    1.1396    2.2799    1.1403    2.2815    1.1412    2.2832    1.1420    2.2850    1.1429    2.2867    1.1437    2.2882    1.1445    2.2896    1.1451    2.2908    1.1456    2.2916    1.1460    2.2923    1.1463    2.2927    1.1464    2.2930
    -0.7230   -1.2523    1.1384    2.2770    1.1386    2.2775    1.1390    2.2785    1.1396    2.2799    1.1403    2.2815    1.1412    2.2834    1.1421    2.2852    1.1430    2.2870    1.1439    2.2886    1.1446    2.2899    1.1453    2.2911    1.1458    2.2919    1.1461    2.2925    1.1464    2.2929    1.1465    2.2931
    -0.4820   -1.2523    1.1384    2.2768    1.1385    2.2773    1.1389    2.2783    1.1395    2.2797    1.1403    2.2814    1.1412    2.2833    1.1421    2.2851    1.1430    2.2869    1.1439    2.2886    1.1446    2.2900    1.1453    2.2911    1.1458    2.2919    1.1461    2.2926    1.1464    2.2929    1.1465    2.2931
    -0.2410   -1.2523    1.1384    2.2769    1.1386    2.2775    1.1390    2.2785    1.1396    2.2799    1.1404    2.2816    1.1413    2.2834    1.1422    2.2853    1.1431    2.2871    1.1439    2.2887    1.1447    2.2901    1.1453    2.2912    1.1458    2.2920    1.1462    2.2926    1.1464    2.2930    1.1466    2.2932
     0.0000   -1.2523    1.1383    2.2766    1.1384    2.2771    1.1388    2.2781    1.1394    2.2795    1.1402    2.2813    1.1411    2.2831    1.1420    2.2850    1.1430    2.2869    1.1439    2.2885    1.1446    2.2900    1.1453    2.2911    1.1458    2.2920    1.1462    2.2927    1.1465    2.2931    1.1466    2.2933
     0.2410   -1.2523    1.1383    2.2767    1.1384    2.2772    1.1389    2.2783    1.1395    2.2798    1.1403    2.2815    1.1412    2.2834    1.1422    2.2853    1.1431    2.2871    1.1440    2.2888    1.1447    2.2901    1.1454    2.2913    1.1459    2.2921    1.1462    2.2927    1.1465    2.2931    1.1466    2.2933
     0.4820   -1.2523    1.1383    2.2766    1.1384    2.2771    1.1388    2.2781    1.1394    2.2795    1.1402    2.2812    1.1411    2.2831    1.1420    2.2850    1.1429    2.2868    1.1438    2.2884    1.1446    2.2898    1.1452    2.2910    1.1457    2.2919    1.1461    2.2925    1.1464    2.2929    1.1465    2.2931
     0.7230   -1.2523    1.1382    2.2764    1.1383    2.2769    1.1387    2.2780    1.1394    2.2795    1.1402    2.2813    1.1411    2.2833    1.1421    2.2852    1.1431    2.2871    1.1440    2.2887    1.1447    2.2901    1.1454    2.2913    1.1459    2.2921    1.1462    2.2927    1.1464    2.2930    1.1466    2.2932
     0.9640   -1.2523    1.1383    2.2767    1.1385    2.2773    1.1389    2.2783    1.1395    2.2797    1.1403    2.2815    1.1412    2.2834    1.1422    2.2853    1.1431    2.2871    1.1440    2.2888    1.1447    2.2902    1.1454    2.2913    1.1459    2.2922    1.1462    2.2927    1.1465    2.2931    1.1466    2.2933
    -0.6025   -1.4610    1.1385    2.2771    1.1386    2.2776    1.1390    2.2786    1.1396    2.2799    1.1403    2.2815    1.1412    2.2833    1.1421    2.2851    1.1430    2.2868    1.1438    2.2884    1.1446    2.2898    1.1452    2.2909    1.1457    2.2917    1.1460    2.2923    1.1463    2.2928    1.1464    2.2929
    -0.3615   -1.4610    1.1385    2.2770    1.1386    2.2775    1.1390    2.2785    1.1396    2.2799    1.1403    2.2815    1.1412    2.2834    1.1421    2.2852    1.1431    2.2870    1.1439    2.2886    1.1447    2.2900    1.1453    2.2911    1.1458    2.2919    1.1461    2.2925    1.1464    2.2929    1.1465    2.2931
    -0.1205   -1.4610    1.1384    2.2768    1.1385    2.2773    1.1389    2.2783    1.1395    2.2797    1.1403    2.2814    1.1411    2.2832    1.1421    2.2851    1.1430    2.2869    1.1438    2.2885    1.1446    2.2899    1.1452    2.2910    1.1457    2.2918    1.1461    2.2925    1.1464    2.2929    1.1465    2.2931
     0.1205   -1.4610    1.1384    2.2768    1.1385    2.2773    1.1389    2.2783    1.1395    2.2797    1.1403    2.2814    1.1412    2.2833    1.1421    2.2852    1.1430    2.2870    1.1439    2.2886    1.1447    2.2900    1.1453    2.2911    1.1458    2.2920    1.1462    2.2926    1.1464    2.2930    1.1466    2.2932
     0.3615   -1.4610    1.1383    2.2767    1.1384    2.2772    1.1388    2.2782    1.1394    2.2796    1.1402    2.2813    1.1411    2.2831    1.1420    2.2850    1.1429    2.2868    1.1438    2.2884    1.1445    2.2898    1.1452    2.2909    1.1457    2.2917    1.1460    2.2924    1.1463    2.2928    1.1465    2.2930
     0.6025   -1.4610    1.1384    2.2768    1.1385    2.2773    1.1389    2.2784    1.1395    2.2798    1.1403    2.2815    1.1412    2.2833    1.1421    2.2852    1.1431    2.2870    1.1439    2.2886    1.1447    2.2900    1.1453    2.2911    1.1458    2.2920    1.1462    2.2926    1.1464    2.2929    1.1465    2.2931
