         -0.6025         1.4610  15798525.3857  15793620.8478  15790655.5829  15785807.3136  15782913.3889  15778124.6848  15775279.8489  15770525.9968  15767702.7516  15762964.1233  15760141.2341  15755391.0215  15752542.8970  15747760.6961  15744874.7742  15740057.1700  15737141.1564  15732305.0661  15729387.5028  15724568.7096  15721690.3790  15716927.8956  15714124.9565  15709448.0427  15706759.6933  15702194.9482  15699622.0830  15695149.7528  15692649.6777  15688208.4578
         -0.3615         1.4610  15798468.1337  15793459.1166  15790348.4805  15785342.9047  15782272.4698  15777315.3803  15774294.3657  15769373.3755  15766374.2767  15761462.8021  15758454.8261  15753517.7198  15750471.1489  15745489.8805  15742401.0005  15737388.3864  15734288.9144  15729292.5147  15726247.5948  15721343.0214  15718435.0199  15713701.0494  15711002.1126  15706495.3566  15704059.9536  15699812.2596  15697639.3294  15693625.2717  15691671.1666  15687850.9540
         -0.1205         1.4610  15798606.9639  15793867.3604  15791036.1980  15786300.7747  15783486.7660  15778757.8017  15775938.9064  15771185.9491  15768325.5888  15763518.2366  15760586.1665  15755694.7253  15752670.2115  15747686.9930  15744577.3884  15739525.0000  15736369.8376  15731301.7828  15728170.7080  15723166.2392  15720145.2093  15715285.1631  15712448.6379  15707796.3741  15705202.0904  15700787.9748  15698432.4806  15694226.7023  15692055.8104  15687993.2043
          0.1205         1.4610  15798636.8332  15793958.2439  15791181.0481  15786502.7224  15783742.9497  15779069.9414  15776309.7703  15771622.5953  15768831.3911  15764090.4718  15761223.1271  15756383.8231  15753402.0334  15748440.0715  15745338.2447  15740269.0153  15737084.9947  15731967.3702  15728778.4578  15723704.6267  15720612.5116  15715679.8730  15712789.6355  15708085.4729  15705451.6728  15701000.3050  15698615.5589  15694376.0294  15692164.8947  15688036.4878
          0.3615         1.4610  15798554.3261  15793723.9480  15790780.0321  15785947.6734  15783043.6398  15778256.6763  15775408.8592  15770676.2921  15767882.1318  15763191.4099  15760427.8447  15755746.4964  15752975.0107  15748265.0721  15745453.8725  15740694.6796  15737836.5283  15733034.8310  15730147.1994  15725328.4602  15722443.3527  15717643.4680  15714812.1582  15710076.5076  15707327.1177  15702673.1264  15700010.4908  15695425.6024  15692816.5471  15688256.9584
          0.6025         1.4610  15798854.1760  15794608.5372  15792259.5536  15787992.5909  15785621.3460  15781302.6511  15778862.0059  15774453.2892  15771904.6405  15767368.1054  15764672.5984  15759970.4753  15757094.4126  15752203.8331  15749140.4196  15744074.3114  15740858.5189  15735672.1731  15732376.8218  15727155.0041  15723873.5637  15718711.5100  15715553.4672  15710548.3066  15707583.7023  15702779.2694  15700022.1961  15695396.1034  15692783.4941  15688243.8030
         -0.9640         1.2523  15798731.7750  15794255.8234  15791665.8403  15787176.6502  15784598.1546  15780117.5312  15777541.6293  15773047.6958  15770446.0205  15765915.0822  15763260.3584  15758656.6648  15755913.4931  15751205.8869  15748351.9335  15743528.5044  15740565.7705  15735640.6194  15732597.1254  15727607.7109  15724528.5997  15719519.6695  15716448.1778  15711459.9326  15708451.8404  15703534.6940  15700623.7597  15695801.5592  15693001.4342  15688295.7393
         -0.7230         1.2523  15798378.6542  15793195.4820  15789913.8392  15784759.5789  15781562.9465  15776513.4708  15773431.3472  15768491.2123  15765512.9896  15760669.5510  15757773.1633  15752993.1336  15750142.5827  15745391.8013  15742559.3050  15737819.4257  15734999.0766  15730274.8194  15727483.7255  15722797.6210  15720067.0735  15715447.1645  15712800.2348  15708272.8251  15705742.2396  15701326.0905  15698916.8390  15694604.6355  15692295.6921  15688070.2028
         -0.4820         1.2523  15798357.7740  15793128.6318  15789802.7279  15784596.8185  15781346.0357  15776240.6406  15773108.4518  15768123.9698  15765112.6682  15760244.7240  15757337.1377  15752555.1297  15749716.5500  15744986.0862  15742186.3653  15737483.7061  15734708.1691  15730027.5702  15727282.1308  15722636.2938  15719941.3349  15715349.2199  15712727.6964  15708222.6265  15705709.4578  15701309.3048  15698909.4308  15694608.4406  15692304.4335  15688081.9697
         -0.2410         1.2523  15798642.3127  15793968.3764  15791210.7909  15786552.8735  15783822.6587  15779183.2235  15776465.0389  15771824.3557  15769092.6544  15764427.4154  15761652.4268  15756925.6145  15754071.8108  15749255.4837  15746307.2508  15741401.0844  15738375.6166  15733412.0429  15730358.5323  15725394.9958  15722376.9953  15717470.2986  15714544.6424  15709756.0098  15706975.9028  15702334.4313  15699708.4083  15695198.5126  15692680.3015  15688222.0017
          0.0000         1.2523  15798597.1321  15793846.0237  15790966.3567  15786180.0260  15783300.5051  15778516.5832  15775644.5502  15770861.3745  15767981.6887  15763173.9835  15760254.2373  15755387.2169  15752395.7431  15747447.6236  15744377.1648  15739358.2587  15736237.8288  15731193.6583  15728085.9903  15723091.2092  15720078.9141  15715218.7896  15712394.0947  15707742.7698  15705155.9127  15700741.1568  15698395.3617  15694193.8641  15692038.9132  15687984.5661
          0.2410         1.2523  15798683.9381  15794103.2686  15791416.2863  15786819.7280  15784125.8421  15779510.4438  15776792.4085  15772141.9903  15769377.3676  15764666.1455  15761828.1643  15757030.9223  15754100.2044  15749206.8761  15746186.6067  15741213.4023  15738133.9705  15733121.6511  15730034.3004  15725034.1205  15721999.0310  15717084.9278  15714176.8125  15709402.2777  15706656.0875  15702038.1572  15699451.9801  15694970.7630  15692510.1160  15688137.7406
          0.4820         1.2523  15798695.7671  15794138.9431  15791475.4306  15786900.6335  15784224.4438  15779621.9945  15776915.3828  15772275.9048  15769526.4010  15764834.1473  15762022.2734  15757255.4718  15754361.2800  15749506.2219  15746526.3629  15741591.3402  15738547.2496  15733563.6492  15730498.4171  15725511.0464  15722477.2543  15717554.5837  15714626.3713  15709823.7453  15707039.0745  15702377.3057  15699737.7539  15695197.7571  15692663.7599  15688198.7149
          0.7230         1.2523  15798524.3979  15793627.5240  15790625.6779  15785727.1589  15782744.5837  15777854.8271  15774879.9854  15769993.9960  15767021.3403  15762135.3933  15759160.5180  15754268.9995  15751285.9711  15746385.0699  15743396.6042  15738495.8629  15735521.0398  15730644.3777  15727715.4002  15722894.6444  15720047.9401  15715330.0618  15712620.9675  15708048.7549  15705508.7705  15701100.9442  15698730.8182  15694466.2504  15692220.1837  15688045.8211
          0.9640         1.2523  15798607.7735  15793867.0144  15791052.5740  15786341.0244  15783556.2120  15778851.7226  15776064.4168  15771350.4182  15768545.5633  15763808.0814  15760969.0037  15756188.8207  15753295.2581  15748454.8042  15745497.2851  15740596.8177  15737589.0700  15732653.0489  15729630.7817  15724702.8522  15721716.9723  15716847.2517  15713966.5090  15709222.2061  15706499.1827  15701918.4265  15699370.8077  15694941.6858  15692518.8025  15688158.5195
         -1.0845         1.0436  15798501.5275  15793566.3693  15790539.5092  15785640.8416  15782692.6652  15777880.8529  15775023.2896  15770294.4393  15767513.7375  15762854.8004  15760131.0028  15755510.1471  15752807.1410  15748188.0166  15745472.7386  15740827.6542  15738080.8653  15733398.2340  15730617.5847  15725901.8962  15723097.1628  15718359.2517  15715541.2452  15710790.3065  15707987.3990  15703252.2131  15700481.3012  15695770.0811  15693024.8020  15688324.5432
         -0.8435         1.0436  15798628.2623  15793940.5314  15791164.6845  15786510.1710  15783799.3462  15779212.3863  15776570.8698  15772043.3691  15769453.9549  15764966.8626  15762399.3856  15757908.6373  15755314.6018  15750772.6966  15748109.1798  15743480.8369  15740722.2830  15735992.6786  15733135.6990  15728309.6559  15725368.7345  15720460.5021  15717454.4085  15712498.0809  15709470.7798  15704501.5186  15701482.2171  15696518.9538  15693501.9562  15688502.7505
         -0.6025         1.0436  15798499.0845  15793545.6968  15790500.2487  15785565.0274  15782562.0438  15777672.9871  15774719.4305  15769877.7858  15766971.0733  15762177.0033  15759310.5811  15754546.8424  15751700.8117  15746947.1861  15744105.0839  15739349.5080  15736506.9563  15731751.7323  15728918.2319  15724178.2501  15721375.8618  15716667.6238  15713921.9743  15709281.8758  15706626.5639  15702076.3177  15699523.2871  15695059.6794  15692584.8858  15688175.2985
         -0.3615         1.0436  15798343.9312  15793093.0514  15789733.7950  15784502.7255  15781226.0506  15776104.7275  15772955.5738  15767962.8932  15764943.9323  15760076.6558  15757171.0003  15752397.4746  15749568.3159  15744851.0583  15742064.7236  15737376.9897  15734616.6438  15729951.1628  15727220.6002  15722587.9699  15719903.6806  15715318.5577  15712711.1594  15708212.1771  15705711.2848  15701314.8205  15698925.2546  15694620.5209  15692313.9509  15688076.8530
         -0.1205         1.0436  15798666.2683  15794048.9551  15791316.6190  15786672.4646  15783926.5594  15779266.7144  15776504.2708  15771820.0881  15769029.4656  15764312.2366  15761480.7794  15756714.0287  15753829.1251  15749005.5376  15746067.3808  15741193.4327  15738215.9762  15733310.9691  15730319.8779  15725415.5534  15722448.8638  15717579.0455  15714685.4628  15709901.8274  15707117.5461  15702442.1182  15699778.5595  15695210.9641  15692656.0836  15688189.3072
          0.1205         1.0436  15798600.8222  15793861.7644  15790968.9368  15786159.4764  15783237.3760  15778406.7360  15775476.7354  15770641.1669  15767714.6271  15762882.9477  15759965.4693  15755138.8843  15752228.7728  15747405.4340  15744502.9569  15739686.7027  15736799.2286  15731999.8599  15729141.4228  15724366.4672  15721549.5786  15716825.6805  15714078.5506  15709422.7306  15706758.2418  15702180.4816  15699604.9472  15695105.4908  15692610.0464  15688178.1256
          0.3615         1.0436  15798895.2831  15794730.5885  15792469.6031  15788293.4124  15786011.9020  15781785.9371  15779437.0099  15775121.5690  15772662.6637  15768217.0613  15765609.1710  15760998.7509  15758213.4885  15753420.6803  15750454.0042  15745489.4594  15742366.6715  15737267.1894  15734037.8704  15728854.6521  15725590.6852  15720413.2391  15717201.1377  15712096.7702  15708990.3093  15703994.6021  15701009.4723  15696116.1243  15693223.3512  15688389.5078
          0.6025         1.0436  15798653.8984  15794018.1717  15791272.0156  15786628.2824  15783902.0884  15779276.3289  15776571.5667  15771960.8862  15769266.3591  15764655.5804  15761950.9969  15757314.9137  15754572.0333  15749883.8494  15747081.9127  15742329.1575  15739464.2583  15734648.4218  15731728.6633  15726858.5314  15723910.5645  15719029.1892  15716095.6972  15711235.6343  15708345.6981  15703529.4824  15700694.8041  15695918.9362  15693118.3565  15688355.8034
          0.8435         1.0436  15798475.3076  15793487.8570  15790389.2457  15785402.2890  15782344.7463  15777405.9950  15774404.7011  15769518.2891  15766565.3893  15761719.0916  15758797.2513  15753969.3190  15751053.7183  15746220.7002  15743294.7874  15738449.8278  15735520.3037  15730678.8939  15727773.1730  15722964.3835  15720121.2528  15715396.5200  15712674.7560  15708081.4964  15705521.3435  15701087.8216  15698698.2793  15694411.8700  15692162.9635  15688010.7092
          1.0845         1.0436  15798415.2257  15793307.0130  15790086.5194  15784982.8223  15781812.8492  15776765.1346  15773658.2659  15768670.7126  15765622.6564  15760688.6022  15757690.0461  15752796.5922  15749831.6007  15744962.5935  15742019.5571  15737170.6575  15734255.9172  15729442.9336  15726582.2727  15721839.3569  15719070.1333  15714431.3446  15711806.2766  15707325.5842  15704884.7084  15700587.0996  15698332.1974  15694190.0212  15692061.0635  15687998.8351
         -1.2050         0.8348  15798565.6053  15793753.9111  15790851.9649  15786068.7896  15783226.7589  15778502.1048  15775715.0270  15771031.6389  15768273.1104  15763605.7773  15760844.2612  15756152.0000  15753346.5277  15748594.0346  15745718.9370  15740892.5210  15737949.6707  15733065.5311  15730086.4672  15725186.9180  15722222.6342  15717361.1949  15714463.1275  15709682.9056  15706906.1137  15702256.1562  15699629.2062  15695116.5042  15692614.4623  15688185.5713
         -0.9640         0.8348  15798482.4487  15793506.4171  15790436.2812  15785484.6485  15782470.1791  15777580.7098  15774631.3714  15769799.7917  15766901.0506  15762111.9126  15759240.6530  15754461.4857  15751586.0329  15746790.1657  15743893.3430  15739073.9494  15736162.2091  15731336.6279  15728439.5214  15723641.8104  15720800.3271  15716066.8932  15713314.9027  15708683.5219  15706059.5879  15701552.7782  15699067.7028  15694686.5253  15692329.9792  15688072.7158
         -0.7230         0.8348  15798380.8479  15793212.4702  15789922.8040  15784766.0114  15781564.4816  15776531.6376  15773476.0327  15768587.2123  15765672.9055  15760910.8831  15758102.8483  15753415.9895  15750656.4707  15745988.5303  15743228.1341  15738541.1698  15735756.5063  15731042.8217  15728241.9650  15723522.1642  15720737.1208  15716042.1919  15713319.3698  15708705.7294  15706094.5474  15701596.8065  15699119.5498  15694741.0371  15692376.5257  15688093.2860
         -0.4820         0.8348  15798649.0533  15794005.0706  15791256.9994  15786626.7923  15783938.9785  15779386.3542  15776782.8470  15772302.4488  15769757.1806  15765311.1559  15762769.7834  15758291.6350  15755686.5632  15751114.0888  15748393.5377  15743688.9781  15740831.9204  15735991.4602  15733009.6556  15728058.6601  15724990.4229  15719977.6723  15716898.8506  15711899.6069  15708870.0844  15703931.6057  15700982.5284  15696113.3379  15693225.6574  15688392.1799
         -0.2410         0.8348  15798739.9667  15794277.2637  15791722.5169  15787286.6877  15784779.5556  15780383.1455  15777903.8240  15773513.9367  15771023.9891  15766602.9485  15764055.8379  15759549.8345  15756893.1928  15752256.4711  15749455.5336  15744666.2507  15741715.1060  15736782.0345  15733703.2836  15728658.4193  15725499.3482  15720402.7497  15717248.0345  15712179.8133  15709093.9393  15704105.1131  15701118.9621  15696210.2988  15693288.2128  15688410.3253
          0.0000         0.8348  15798592.4679  15793835.7678  15790967.6328  15786211.0433  15783374.6947  15778650.6446  15775842.4886  15771132.9725  15768330.9057  15763615.0484  15760792.3491  15756040.5125  15753171.7405  15748365.1944  15745441.0937  15740579.8716  15737611.2722  15732714.0591  15729729.6890  15724830.0592  15721874.3116  15717026.3021  15714166.5085  15709426.0259  15706701.6430  15702093.5762  15699511.0752  15695021.6134  15692548.7091  15688151.1597
          0.2410         0.8348  15798691.1369  15794121.8842  15791436.2409  15786833.4798  15784123.0633  15779487.7076  15776744.1549  15772069.6209  15769280.7880  15764554.8013  15761708.7565  15756920.7283  15754010.1495  15749158.2663  15746189.7907  15741288.0269  15738280.6855  15733353.8268  15730339.6296  15725412.2861  15722436.7594  15717563.5742  15714673.8424  15709889.9755  15707112.0523  15702432.5027  15699769.9699  15695189.3857  15692634.5547  15688170.6073
          0.4820         0.8348  15798528.0913  15793637.8589  15790645.8041  15785762.2465  15782806.3156  15777965.6798  15775062.3565  15770272.1668  15767413.8942  15762659.3721  15759825.7659  15755083.5840  15752250.7638  15747499.5299  15744652.0709  15739883.3524  15737018.4528  15732235.4366  15729363.1661  15724574.9307  15721732.0278  15716983.0527  15714207.4867  15709529.5439  15706847.1598  15702254.6894  15699665.4651  15695144.6088  15692626.4840  15688174.7803
          0.7230         0.8348  15798629.9305  15793940.7604  15791149.2989  15786460.2567  15783690.4797  15779019.8350  15776271.6119  15771617.8967  15768882.8424  15764236.0983  15761501.3804  15756844.5464  15754089.0291  15749399.7798  15746604.1868  15741868.2838  15739024.8049  15734237.8977  15731348.2106  15726511.9498  15723597.0892  15718750.2242  15715850.5033  15711026.4706  15708173.1628  15703394.7919  15700595.4151  15695851.9584  15693079.5271  15688343.9849
          0.9640         0.8348  15798645.2017  15793986.6884  15791222.9162  15786557.7166  15783801.8051  15779131.7079  15776367.4422  15771679.3785  15768889.6100  15764166.0976  15761332.4956  15756554.3065  15753658.1673  15748810.5515  15745845.4316  15740932.0034  15737914.2573  15732960.4879  15729926.4960  15724969.6046  15721964.7147  15717068.5634  15714168.1089  15709397.1797  15706655.7735  15702049.4329  15699479.8760  15695017.2149  15692563.4580  15688169.6726
          1.2050         0.8348  15798756.8174  15794323.6205  15791796.9884  15787370.8763  15784857.0782  15780425.0663  15777895.9691  15773430.1914  15770845.9729  15766298.2380  15763605.5135  15758925.1997  15756080.6588  15751238.1443  15748230.2139  15743232.8805  15740089.6164  15734982.8567  15731764.4672  15726616.0664  15723401.0235  15718295.5816  15715187.0609  15710218.2166  15707289.4339  15702511.0551  15699791.0522  15695201.4708  15692652.2299  15688189.8916
         -1.3255         0.6261  15798534.2402  15793653.8954  15790668.5292  15785775.8872  15782787.4933  15777880.4263  15774872.5290  15769940.6161  15766908.0750  15761958.9069  15758913.0015  15753954.3472  15750905.7479  15745951.0104  15742916.9617  15737985.1330  15734988.6824  15730105.3375  15727177.1513  15722375.2259  15719550.8650  15714865.8259  15712177.1327  15707633.6581  15705119.4073  15700752.4455  15698427.6521  15694233.8592  15692068.8989  15687997.7151
         -1.0845         0.6261  15798350.0609  15793111.5909  15789778.9923  15784572.2835  15781310.2226  15776182.3652  15773006.1705  15767962.4432  15764871.2768  15759912.4720  15756899.7407  15752008.9707  15749055.9219  15744216.2558  15741310.7669  15736515.9614  15733660.6871  15728920.8813  15726135.1618  15721472.4791  15718785.0667  15714224.9541  15711658.7512  15707229.1871  15704816.9959  15700537.4537  15698286.7803  15694149.5630  15692027.6826  15687984.1961
         -0.8435         0.6261  15798443.5631  15793390.2192  15790227.3636  15785187.3624  15782098.6063  15777157.5775  15774182.6478  15769353.5884  15766487.8537  15761757.1866  15758971.6594  15754295.4733  15751541.9743  15746873.6268  15744111.7508  15739419.9034  15736630.1721  15731908.0332  15729096.0884  15724359.0661  15721550.0555  15716825.0774  15714060.9184  15709397.6890  15706720.7859  15702149.9189  15699580.9513  15695105.1092  15692618.2491  15688189.9529
         -0.6025         0.6261  15798659.7893  15794025.2690  15791316.6868  15786718.3792  15784048.9532  15779475.5105  15776819.2153  15772246.2973  15769581.5697  15764993.3767  15762298.9799  15757668.1850  15754918.7337  15750224.4091  15747405.7756  15742639.7309  15739752.2876  15734920.7824  15731976.7932  15727095.5157  15724116.4568  15719211.3669  15716246.9951  15711365.9128  15708451.0547  15703620.9564  15700770.6342  15695986.7238  15693167.3664  15688378.9220
         -0.3615         0.6261  15798458.0784  15793443.0902  15790301.7839  15785284.2115  15782208.5289  15777284.8179  15774314.0785  15769488.7587  15766612.7878  15761870.0331  15759060.7314  15754363.4898  15751581.9319  15746893.0001  15744107.5947  15739402.1602  15736598.3167  15731869.4131  15729049.9184  15724302.6047  15721486.4114  15716758.7173  15713999.5954  15709335.8257  15706668.7107  15702093.4231  15699526.5956  15695030.3829  15692543.1529  15688137.9299
         -0.1205         0.6261  15798471.5246  15793473.9746  15790381.1953  15785418.0305  15782397.0191  15777511.5656  15774571.2243  15769763.1248  15766900.6751  15762165.3559  15759365.8751  15754680.3588  15751919.5597  15747259.9131  15744516.5249  15739863.3038  15737122.3719  15732461.0373  15729713.0368  15725032.3536  15722275.6529  15717593.4631  15714857.1142  15710192.1698  15707489.1863  15702850.7372  15700183.2500  15695563.5419  15692910.6311  15688287.3728
          0.1205         0.6261  15798696.6714  15794147.2636  15791494.6974  15786952.3787  15784330.5414  15779810.9210  15777205.2606  15772683.7570  15770056.3297  15765488.2104  15762788.6822  15758123.7787  15755306.9103  15750511.4509  15747559.2887  15742631.9110  15739558.7930  15734529.9042  15731380.2955  15726299.4475  15723158.1848  15718121.9683  15715078.8734  15710165.6093  15707285.4000  15702539.0815  15699838.9445  15695246.2837  15692683.6903  15688197.4096
          0.3615         0.6261  15798653.6236  15794016.8443  15791274.4398  15786643.0384  15783934.3050  15779334.4099  15776660.7012  15772088.0227  15769433.4343  15764865.9068  15762202.6295  15757609.0231  15754905.6353  15750257.4488  15747491.0462  15742770.4823  15739926.3251  15735121.7425  15732195.1872  15727313.6326  15724345.2719  15719435.0812  15716469.5811  15711574.7136  15708651.2766  15703800.1716  15700929.4143  15696109.3041  15693251.4667  15688407.6581
          0.6025         0.6261  15798410.4413  15793290.3117  15790068.7477  15784969.9672  15781814.5143  15776797.6273  15773742.6665  15768830.5669  15765880.7577  15761066.5223  15758205.1037  15753465.2040  15750664.7003  15745971.1154  15743206.6141  15738539.2461  15735793.8344  15731138.8638  15728401.9168  15723749.1270  15721041.7137  15716420.6373  15713765.0326  15709195.2175  15706608.1269  15702098.6723  15699576.2964  15695109.5629  15692623.1614  15688182.9795
          0.8435         0.6261  15798385.6096  15793216.3821  15789932.4675  15784765.7615  15781535.3161  15776442.8979  15773307.6080  15768313.2819  15765274.1574  15760364.2718  15757396.5039  15752539.8833  15749610.2026  15744776.6499  15741863.1196  15737041.1160  15734143.1491  15729342.7288  15726484.5970  15721729.5270  15718951.4211  15714302.0374  15711668.5931  15707179.1221  15704736.8999  15700438.2945  15698193.8784  15694064.1727  15691969.5679  15687958.6855
          1.0845         0.6261  15798537.6476  15793666.2482  15790686.8542  15785810.9790  15782854.9296  15778000.7291  15775069.1815  15770233.9352  15767315.7048  15762486.3047  15759566.9059  15754728.2859  15751792.7719  15746932.4553  15743974.3974  15739093.6845  15736125.6120  15731244.9799  15728297.8925  15723446.2640  15720555.4383  15715786.2974  15713019.9577  15708391.5964  15705797.3200  15701340.1084  15698921.5177  15694607.8680  15692308.4659  15688077.6953
          1.3255         0.6261  15798495.4990  15793550.8160  15790484.5309  15785525.4487  15782486.8288  15777566.5638  15774580.6851  15769713.8196  15766782.1177  15761963.1161  15759075.4190  15754291.6300  15751433.7897  15746671.2839  15743831.6433  15739081.9503  15736257.5572  15731521.6717  15728715.7665  15723994.1059  15721212.2676  15716519.9541  15713801.2901  15709175.9623  15706547.0619  15702007.9880  15699475.0830  15695012.5363  15692551.1495  15688151.7620
         -1.4460         0.4174  15798360.0011  15793138.9612  15789813.2625  15784606.1974  15781341.8600  15776213.7772  15773043.9952  15768011.7349  15764938.8387  15760001.5060  15757015.3160  15752150.9741  15749226.1617  15744411.0019  15741527.9432  15736748.0864  15733901.8633  15729161.0091  15726366.6537  15721688.1017  15718976.7720  15714395.2201  15711802.5593  15707347.7213  15704914.0260  15700618.3246  15698352.4985  15694201.7882  15692061.0643  15687997.6920
         -1.2050         0.4174  15798455.7602  15793425.9591  15790293.0877  15785273.2992  15782191.1583  15777231.6893  15774218.0472  15769326.2405  15766383.6142  15761564.8077  15758691.1751  15753932.0857  15751110.0183  15746391.5442  15743601.8905  15738905.6472  15736133.4300  15731448.0312  15728688.5681  15724013.6368  15721273.5010  15716613.1470  15713903.1513  15709286.1615  15706643.4742  15702097.7977  15699543.5197  15695077.6873  15692596.5847  15688180.0288
         -0.9640         0.4174  15798583.2843  15793793.7288  15790945.7451  15786211.0286  15783413.5497  15778705.2745  15775919.2683  15771212.0611  15768422.1793  15763712.4218  15760913.4907  15756190.3261  15753372.0663  15748626.5754  15745782.2073  15741008.7578  15738136.0821  15733335.4257  15730440.1755  15725622.7763  15722724.6998  15717912.0236  15715049.6185  15710290.9923  15707507.0878  15702833.2716  15700147.6616  15695554.3271  15692919.2015  15688309.7561
         -0.7230         0.4174  15798418.1274  15793313.9637  15790112.3208  15785035.2920  15781909.9946  15776924.0294  15773894.7519  15768997.9080  15766051.4220  15761226.8838  15758334.5861  15753543.9663  15750667.3353  15745877.1509  15742991.6253  15738187.5492  15735292.3917  15730485.6155  15727603.9457  15722826.0533  15719998.0053  15715293.9963  15712586.0493  15708016.6622  15705470.9652  15701062.8001  15698687.1414  15694424.7865  15692179.0495  15688025.8206
         -0.4820         0.4174  15798310.1516  15792984.7423  15789581.3094  15784308.5465  15780995.4903  15775828.4085  15772632.3717  15767587.2996  15764518.1063  15759600.2079  15756649.9424  15751840.6805  15748988.0236  15744265.8974  15741491.4040  15736838.2252  15734127.5843  15729528.7356  15726871.7623  15722317.5557  15719709.5920  15715207.9477  15712672.3603  15708238.6581  15705782.5456  15701419.7635  15699040.0331  15694736.0960  15692405.3525  15688122.9427
         -0.2410         0.4174  15798630.0865  15793946.7367  15791174.9226  15786518.4850  15783789.8199  15779167.3598  15776466.8363  15771862.2052  15769166.7628  15764551.1465  15761825.6313  15757160.8292  15754369.5920  15749625.9361  15746749.3996  15741916.9548  15738954.6216  15734042.8178  15731014.0528  15726048.4487  15723013.5197  15718068.8019  15715100.5408  15710242.8191  15707397.5234  15702667.6721  15699964.4558  15695355.0528  15692758.0599  15688225.6729
          0.0000         0.4174  15798606.5363  15793877.1389  15791030.3701  15786294.0226  15783480.0072  15778781.2824  15775999.4970  15771318.0643  15768540.9388  15763844.6461  15761028.8812  15756271.1385  15753374.3290  15748522.1902  15745526.0790  15740576.8780  15737497.6661  15732482.3934  15729368.7896  15724339.6141  15721269.6341  15716326.3815  15713398.9693  15708623.0752  15705905.6930  15701342.2948  15698851.7855  15694488.6652  15692190.4574  15688011.9730
          0.2410         0.4174  15798618.9305  15793911.0158  15791101.6405  15786395.4926  15783602.9922  15778906.2715  15776125.3424  15771436.2299  15768658.0491  15763963.1288  15761168.7822  15756446.9119  15753617.3472  15748854.7002  15745983.9503  15741179.2988  15738269.7524  15733424.0581  15730482.2325  15725614.5645  15722686.1810  15717842.8102  15714969.7531  15710190.1750  15707406.6760  15702716.1466  15700032.7063  15695422.4694  15692808.1481  15688245.2096
          0.4820         0.4174  15798544.1152  15793693.7334  15790743.0737  15785910.9229  15783008.3083  15778224.9420  15775378.3713  15770645.8429  15767845.3744  15763148.0323  15760371.9762  15755684.1704  15752905.3408  15748202.1486  15745401.1277  15740668.6314  15737834.0778  15733061.0514  15730190.2615  15725389.0273  15722524.6278  15717738.4304  15714917.3519  15710182.4599  15707436.7080  15702774.3199  15700106.9766  15695498.0416  15692866.9078  15688268.8651
          0.7230         0.4174  15798630.6866  15793945.9197  15791154.3430  15786465.2194  15783695.6225  15779029.0940  15776288.2571  15771642.8082  15768911.0375  15764254.3855  15761489.0828  15756775.0338  15753931.9183  15749125.1507  15746182.6261  15741277.3594  15738243.0558  15733259.7704  15730167.5220  15725149.6918  15722080.0319  15717119.2860  15714158.8114  15709336.8081  15706558.0687  15701927.9730  15699354.4139  15694902.5124  15692481.0995  15688135.1239
          0.9640         0.4174  15798371.0277  15793167.6713  15789871.4220  15784689.8976  15781441.4278  15776311.2548  15773126.9323  15768066.8048  15764956.3854  15759971.9853  15756937.7196  15752029.0079  15749069.9602  15744235.7862  15741352.3570  15736593.6488  15733787.6560  15729104.2559  15726377.9069  15721763.2739  15719121.8761  15714597.0922  15712063.7209  15707643.4081  15705230.3015  15700920.3486  15698622.2617  15694404.9307  15692190.7868  15688037.5963
          1.2050         0.4174  15798418.5221  15793310.1195  15790124.7281  15785066.5647  15781953.5288  15776961.2229  15773918.0032  15768994.0690  15766014.5096  15761146.1164  15758211.9540  15753378.8130  15750470.5602  15745656.8303  15742764.8091  15737966.7983  15735095.5408  15730321.3662  15727486.6101  15722749.3746  15719969.2109  15715306.0984  15712635.4506  15708092.2084  15705568.3354  15701171.9301  15698804.4730  15694540.0799  15692282.3352  15688077.9195
          1.4460         0.4174  15798551.5502  15793704.2479  15790784.2003  15785979.7737  15783115.3091  15778351.0687  15775520.2141  15770779.1898  15767958.3330  15763212.9153  15760372.1677  15755594.7600  15752710.9013  15747885.7357  15744953.0327  15740084.1385  15737118.1031  15732229.4390  15729261.5305  15724387.5913  15721458.3715  15716643.2253  15713816.9839  15709120.9728  15706441.9052  15701894.6801  15699372.9805  15694957.4886  15692538.3817  15688167.2598
         -1.5665         0.2087  15798402.6583  15793261.7247  15790025.2053  15784909.6595  15781743.2522  15776714.7224  15773648.1275  15768718.6181  15765746.0770  15760904.2479  15758003.9577  15753215.3217  15750349.5963  15745576.9977  15742712.8124  15737929.3359  15735051.6620  15730254.6211  15727377.8425  15722595.5192  15719762.9162  15715048.6188  15712318.7562  15707728.8190  15705169.3322  15700761.7772  15698407.0467  15694194.5545  15692030.1115  15687978.5382
         -1.3255         0.2087  15798482.5816  15793504.4470  15790441.0292  15785499.2926  15782499.7088  15777622.7058  15774690.7699  15769876.9354  15767005.8807  15762249.6068  15759425.6835  15754703.2454  15751899.7748  15747184.4175  15744376.9937  15739647.7790  15736822.6122  15732072.6629  15729234.5640  15724475.9045  15721647.5426  15716903.3448  15714118.3119  15709437.2687  15706745.2692  15702162.0085  15699585.3008  15695103.2638  15692614.9731  15688186.4155
         -1.0845         0.2087  15798516.0822  15793600.4319  15790624.3086  15785773.7255  15782870.3510  15778081.0454  15775233.8127  15770494.7795  15767696.1294  15763006.3085  15760249.5032  15755593.5955  15752859.9272  15748216.4734  15745483.4038  15740828.7573  15738074.7510  15733389.7560  15730601.3799  15725877.3144  15723055.2383  15718297.5224  15715469.1622  15710716.3593  15707915.4224  15703194.4282  15700442.3770  15695760.3754  15693036.0150  15688341.6298
         -0.8435         0.2087  15798335.2292  15793071.2234  15789710.6754  15784480.6345  15781206.6135  15776079.1994  15772915.5212  15767895.2787  15764839.7928  15759923.1622  15756960.1001  15752121.2756  15749221.6399  15744432.8240  15741572.9071  15736816.5836  15733988.1643  15729264.0623  15726476.0373  15721798.4034  15719077.6498  15714482.8545  15711883.7385  15707419.0816  15704975.8972  15700665.0709  15698386.4875  15694215.8236  15692059.6539  15687986.4888
         -0.6025         0.2087  15798433.6197  15793356.2741  15790212.9325  15785203.9003  15782153.7637  15777234.0712  15774269.3148  15769427.5128  15766538.5423  15761766.5923  15758935.4565  15754207.4654  15751407.3283  15746698.0134  15743907.3603  15739200.2891  15736409.1682  15731697.4597  15728905.8307  15724193.3697  15721414.7846  15716734.0752  15714015.8432  15709403.9795  15706772.7729  15702248.0260  15699708.2436  15695250.6684  15692743.8952  15688253.1396
         -0.3615         0.2087  15798500.5320  15793553.2980  15790511.6748  15785584.1611  15782592.4220  15777718.3760  15774780.0067  15769955.4321  15767065.6259  15762282.5713  15759421.7010  15754653.6645  15751795.7924  15747020.6082  15744150.9071  15739361.0425  15736480.1671  15731680.5304  15728804.1493  15724013.8137  15721176.3747  15716446.4815  15713699.2065  15709068.3544  15706440.4937  15701925.3688  15699416.8332  15694996.6168  15692560.3609  15688172.7150
         -0.1205         0.2087  15798615.3909  15793896.9915  15791081.7549  15786379.5878  15783610.0936  15778959.3984  15776243.1351  15771637.8439  15768958.0082  15764367.9959  15761676.0698  15757045.1706  15754287.2153  15749569.7428  15746712.6383  15741889.3042  15738928.5383  15734007.5562  15730967.5972  15725983.8294  15722931.9802  15717974.7606  15714996.1669  15710137.0984  15707292.1200  15702574.1534  15699883.8090  15695302.1388  15692731.5643  15688227.0723
          0.1205         0.2087  15798330.7167  15793047.5631  15789675.0456  15784432.7432  15781141.0572  15775989.6183  15772807.8808  15767777.1767  15764726.0645  15759828.6536  15756909.6550  15752137.2542  15749334.6266  15744666.9084  15741957.6593  15737366.8723  15734722.4630  15730177.8108  15727566.2762  15723043.8555  15720464.0585  15715964.2155  15713416.7807  15708943.4301  15706434.4445  15701993.4982  15699525.0230  15695109.1245  15692655.1631  15688214.5810
          0.3615         0.2087  15798462.6145  15793447.0374  15790316.7379  15785294.8587  15782191.4949  15777202.4112  15774144.3724  15769203.8696  15766195.8199  15761300.9283  15758331.5464  15753466.2716  15750519.1724  15745670.4223  15742739.2657  15737904.6433  15734992.3504  15730174.1243  15727290.5578  15722514.7628  15719711.7599  15715028.7013  15712353.8302  15707808.0347  15705298.5671  15700913.9952  15698574.8067  15694334.2788  15692127.4873  15688003.3255
          0.6025         0.2087  15798670.2902  15794063.9162  15791379.1177  15786808.7200  15784159.4926  15779595.8613  15776937.7510  15772346.4079  15769644.5710  15764994.3183  15762217.9659  15757480.1031  15754605.1021  15749763.5422  15746785.3956  15741846.6161  15738780.7184  15733765.5169  15730645.4610  15725605.3430  15722517.7778  15717542.6304  15714571.0499  15709738.7985  15706948.8084  15702301.4749  15699699.7721  15695199.6433  15692697.1483  15688221.8337
          0.8435         0.2087  15798394.3748  15793245.6869  15790003.3201  15784888.8105  15781718.5262  15776678.5265  15773588.1037  15768622.3326  15765599.3120  15760690.1502  15757710.8072  15752831.3716  15749868.2027  15744995.1901  15742033.3766  15737162.9042  15734209.4471  15729356.4133  15726433.5008  15721627.1447  15718803.9874  15714121.9091  15711467.6561  15706971.6439  15704537.2972  15700256.6948  15698041.4934  15693943.4379  15691886.8357  15687921.5385
          1.0845         0.2087  15798361.3778  15793144.2331  15789834.3764  15784651.4079  15781417.3719  15776321.1003  15773189.2620  15768198.6269  15765172.4302  15760280.2651  15757344.2682  15752530.3723  15749662.3876  15744906.0171  15742088.2406  15737375.3280  15734598.1335  15729920.6586  15727180.6522  15722533.5356  15719844.9959  15715261.9649  15712661.6656  15708171.2507  15705683.8995  15701302.1731  15698929.9296  15694640.8365  15692344.9920  15688097.2582
          1.3255         0.2087  15798282.4227  15792907.2142  15789440.2366  15784098.0886  15780701.5558  15775440.0568  15772137.8940  15766973.5394  15763765.8509  15758688.1352  15755558.6256  15750551.5807  15747488.0992  15742545.6801  15739550.1637  15734681.2112  15731771.6195  15726996.4913  15724200.4343  15719547.3673  15716899.6264  15712411.9408  15709962.2482  15705675.6352  15703446.6263  15699368.6563  15697350.7391  15693454.6390  15691601.4022  15687834.4813
          1.5665         0.2087  15798182.5902  15792602.3674  15788919.5639  15783352.5470  15779733.0030  15774253.4250  15770749.1676  15765401.0869  15762038.4848  15756835.1484  15753618.2227  15748558.7847  15745484.3227  15740565.6316  15737632.3079  15732854.2154  15730065.1158  15725432.3115  15722795.3858  15718317.1282  15715840.6644  15711520.2691  15709225.6519  15705083.4259  15702976.6389  15699009.2142  15697079.1414  15693267.5509  15691485.6738  15687799.1777
         -1.4460         0.0000  15798643.2949  15793979.3686  15791228.2519  15786579.0206  15783849.1739  15779207.2538  15776480.2003  15771834.4861  15769096.5152  15764432.5621  15761670.2360  15756976.5537  15754180.7576  15749449.9432  15746614.6216  15741840.0740  15738960.3151  15734138.3905  15731216.7173  15726356.7627  15723410.7605  15718540.3512  15715618.2095  15710784.6353  15707926.8818  15703165.4019  15700396.5830  15695711.5317  15693002.0162  15688327.6814
         -1.2050         0.0000  15798644.2214  15793990.3932  15791227.1461  15786571.4657  15783841.8147  15779225.7587  15776538.2494  15771953.7060  15769289.7242  15764713.2453  15762037.8648  15757426.8307  15754696.0587  15750009.4876  15747187.8511  15742398.3185  15739470.3029  15734575.9977  15731556.6780  15726587.7259  15723521.9144  15718532.1602  15715502.2675  15710576.6599  15707654.0142  15702851.8291  15700079.8635  15695419.4761  15692782.6121  15688230.8377
         -0.9640         0.0000  15798382.7239  15793210.4968  15789944.8725  15784805.4682  15781609.5848  15776543.8787  15773428.2327  15768442.8379  15765406.5780  15760495.8483  15757527.7267  15752676.4371  15749759.5895  15744951.0244  15742071.1499  15737293.5292  15734442.6264  15729691.9502  15726875.5600  15722158.0053  15719404.5958  15714767.9838  15712129.3917  15707616.7275  15705130.3092  15700768.6902  15698448.9601  15694236.7982  15692061.9510  15687980.0190
         -0.7230         0.0000  15798487.9740  15793514.7545  15790479.0595  15785578.1701  15782636.9737  15777823.2518  15774962.2751  15770219.0799  15767421.0403  15762729.4063  15759966.3583  15755294.4221  15752536.2209  15747856.6480  15745080.0839  15740373.0765  15737563.9296  15732817.7864  15729974.8809  15725193.8428  15722338.0777  15717568.7067  15714756.1173  15710042.6025  15707309.3593  15702676.9150  15700033.1515  15695470.2051  15692870.2183  15688291.4824
         -0.4820         0.0000  15798591.3819  15793826.8396  15790984.8181  15786260.8794  15783478.7053  15778808.1546  15776074.6279  15771437.1677  15768714.6163  15764061.4807  15761293.1005  15756567.2291  15753701.5080  15748863.5682  15745877.8150  15740922.5852  15737829.0024  15732782.2961  15729626.9710  15724558.6429  15721448.3267  15716469.2672  15713508.9010  15708712.1078  15705975.8618  15701408.5485  15698912.8330  15694557.6772  15692250.5765  15688046.5344
         -0.2410         0.0000  15798406.9018  15793279.8162  15790034.1523  15784903.0346  15781704.3789  15776641.3271  15773531.6979  15768562.2577  15765544.4794  15760653.8267  15757699.1274  15752851.7292  15749924.3965  15745089.7735  15742169.1726  15737336.0405  15734421.0732  15729593.5950  15726702.9707  15721921.1375  15719119.5543  15714447.3203  15711794.5636  15707284.0556  15704819.3971  15700492.7906  15698219.2077  15694062.0392  15691950.9106  15687942.7643
          0.0000         0.0000  15798433.2105  15793353.1666  15790158.9920  15785074.1215  15781916.4055  15776883.3371  15773796.0935  15768837.3789  15765821.9174  15760923.4025  15757953.5947  15753084.5318  15750131.1508  15745268.7419  15742318.6390  15737456.6647  15734514.6310  15729662.0396  15726749.0464  15721949.6198  15719131.5822  15714448.4373  15711786.3907  15707272.4913  15704806.4868  15700483.5985  15698214.9025  15694065.1150  15691960.5626  15687952.2705
          0.2410         0.0000  15798447.1898  15793401.5668  15790248.1773  15785210.7643  15782100.3075  15777111.8652  15774060.5616  15769127.6696  15766126.1840  15761231.0790  15758253.4591  15753367.4269  15750387.2533  15745491.0449  15742499.2847  15737591.5102  15734598.9564  15729694.0677  15726727.1378  15721876.9468  15719014.1507  15714292.6967  15711605.2152  15707075.6434  15704612.6564  15700302.4834  15698064.7293  15693947.3395  15691886.2708  15687921.1474
          0.4820         0.0000  15798406.1106  15793280.8441  15790048.9257  15784940.1010  15781766.8082  15776725.3868  15773631.4837  15768667.3448  15765646.2112  15760743.3894  15757770.5625  15752901.2072  15749949.3596  15745091.3189  15742147.0695  15737294.1199  15734360.5623  15729519.6338  15726614.6223  15721822.5010  15719011.7410  15714333.0186  15711677.8954  15707168.6869  15704715.3127  15700403.8674  15698156.6047  15694020.9738  15691933.9086  15687935.8252
          0.7230         0.0000  15798298.6474  15792956.6886  15789513.6839  15784195.1694  15780821.9508  15775589.9040  15772324.9806  15767213.4980  15764080.0649  15759105.1570  15756110.3992  15751270.4537  15748405.3023  15743685.1625  15740930.7461  15736307.0575  15733637.1493  15729081.0301  15726464.8025  15721948.8866  15719390.9405  15714927.9960  15712438.3877  15708040.1789  15705629.0357  15701299.1843  15698957.8760  15694673.7175  15692366.2699  15688100.2589
          0.9640         0.0000  15798487.6446  15793518.3495  15790479.5053  15785574.1262  15782618.9717  15777788.1113  15774908.6236  15770144.0724  15767318.9462  15762590.2878  15759781.3572  15755047.7227  15752215.8166  15747444.7297  15744566.8075  15739746.9928  15736821.7989  15731962.5623  15729009.0577  15724137.3661  15721221.7164  15716419.5308  15713616.0458  15708947.6139  15706306.7113  15701800.7505  15699322.8578  15694945.4039  15692553.8744  15688183.9926
          1.2050         0.0000  15798295.5317  15792949.8760  15789488.9867  15784145.9257  15780739.4410  15775474.8073  15772172.9294  15767025.4099  15763848.3125  15758824.5618  15755769.1033  15750859.6127  15747913.7240  15743106.1799  15740259.7534  15735546.2837  15732794.5591  15728168.1789  15725504.2822  15720954.9102  15718385.5560  15713933.3102  15711475.9013  15707126.9768  15704783.4561  15700535.3638  15698299.3582  15694143.9825  15692008.1064  15687960.7897
          1.4460         0.0000  15798401.4563  15793261.4548  15790042.9061  15784956.8532  15781825.7254  15776828.2583  15773793.1301  15768888.7049  15765939.5277  15761107.5013  15758215.9483  15753425.8009  15750562.4572  15745789.6783  15742936.7110  15738171.2268  15735328.6377  15730575.3402  15727758.0466  15723037.0616  15720273.6977  15715626.4212  15712969.1857  15708433.2467  15705904.4934  15701487.5117  15699079.2829  15694756.1440  15692420.9837  15688126.3674
         -1.5665        -0.2087  15798662.3483  15794047.8677  15791327.0459  15786721.8420  15784052.0065  15779507.0539  15776906.4343  15772420.5371  15769862.7944  15765391.6123  15762820.2648  15758302.2010  15755654.7157  15751032.7956  15748261.7503  15743502.0513  15740591.1422  15735695.1002  15732662.9570  15727662.6474  15724557.5828  15719513.7365  15716421.3656  15711416.2333  15708402.9442  15703490.2881  15700594.5779  15695793.8351  15693012.2225  15688308.0557
         -1.3255        -0.2087  15798532.9400  15793657.2521  15790657.6635  15785759.0051  15782773.3945  15777896.1117  15774940.8761  15770092.4216  15767162.5124  15762331.1675  15759412.5133  15754584.2451  15751664.7410  15746829.4699  15743902.7374  15739056.9722  15736125.6359  15731276.3159  15728357.9194  15723528.7890  15720654.4152  15715889.0733  15713119.1996  15708471.3307  15705848.6254  15701350.8722  15698894.7836  15694551.0883  15692247.8886  15688044.2161
         -1.0845        -0.2087  15798567.5817  15793755.3346  15790846.1620  15786051.3900  15783191.0813  15778446.7218  15775643.2046  15770951.0897  15768191.1777  15763527.7273  15760781.3492  15756114.8000  15753350.6170  15748651.6802  15745844.0723  15741091.4111  15738225.0664  15733410.4606  15730491.3858  15725627.3123  15722687.5748  15717829.6105  15714933.9994  15710138.2828  15707335.9048  15702639.4282  15699952.7234  15695360.3541  15692770.8730  15688241.0155
         -0.8435        -0.2087  15798466.6324  15793458.8402  15790343.8086  15785347.4002  15782289.9511  15777365.5269  15774393.0424  15769551.2820  15766654.7575  15761875.2051  15759026.8504  15754279.1964  15751447.9399  15746702.5943  15743862.4138  15739098.1113  15736232.8705  15731442.6050  15728558.6369  15723753.8233  15720895.3782  15716139.2389  15713370.0070  15708719.1997  15706086.9182  15701572.8173  15699089.4654  15694704.7515  15692347.1240  15688078.0980
         -0.6025        -0.2087  15798595.3673  15793839.5065  15790990.3991  15786256.2362  15783458.6043  15778778.9555  15776044.2078  15771421.0263  15768730.4929  15764129.8110  15761437.0091  15756808.7435  15754064.9064  15749367.9115  15746542.1155  15741757.1898  15738840.7507  15733968.2041  15730975.1748  15726044.8823  15723042.8366  15718128.3756  15715183.8787  15710343.9027  15707504.3640  15702769.8905  15700049.4984  15695417.8559  15692794.6820  15688238.2457
         -0.3615        -0.2087  15798481.5298  15793493.6407  15790406.2258  15785429.1960  15782383.6061  15777454.4267  15774473.3760  15769615.6019  15766710.9475  15761927.4792  15759095.0828  15754378.0548  15751608.4004  15746947.4219  15744228.7500  15739607.2287  15736918.2792  15732308.1375  15729617.2804  15724998.8588  15722312.0107  15717691.4408  15715009.5989  15710388.5840  15707711.3474  15703087.2207  15700409.8642  15695773.6535  15693071.5892  15688365.4651
         -0.1205        -0.2087  15798622.5191  15793920.6264  15791144.1223  15786495.0669  15783793.2642  15779211.7067  15776576.9699  15772046.4336  15769441.8721  15764913.2582  15762279.7942  15757692.4841  15754972.5319  15750278.9888  15747437.6594  15742615.2739  15739644.5360  15734694.0144  15731617.6300  15726598.8711  15723506.3552  15718505.5699  15715481.6949  15710576.6529  15707685.7382  15702918.4292  15700176.1922  15695531.7815  15692886.8211  15688282.4916
          0.1205        -0.2087  15798610.9281  15793890.8926  15791060.5850  15786337.6739  15783533.0824  15778834.2901  15776053.8868  15771364.4677  15768576.0749  15763856.9204  15761017.2202  15756227.4352  15753302.6752  15748420.4904  15745403.2167  15740432.3062  15737339.4788  15732301.1802  15729174.6182  15724143.7596  15721083.9072  15716154.9769  15713253.2950  15708506.5833  15705823.9486  15701292.5459  15698830.5485  15694487.9628  15692202.4714  15688021.9719
          0.3615        -0.2087  15798650.2512  15793998.0738  15791259.9855  15786629.0315  15783925.3787  15779314.7743  15776624.4565  15772012.4353  15769304.3985  15764658.3010  15761897.7153  15757184.4942  15754343.1334  15749543.1531  15746612.0391  15741724.8690  15738713.6824  15733753.7189  15730691.1145  15725708.5001  15722670.8740  15717738.6889  15714794.0479  15709973.0298  15707169.2221  15702487.4805  15699828.8634  15695267.0921  15692712.9094  15688219.5748
          0.6025        -0.2087  15798510.9975  15793591.8566  15790579.9865  15785691.9873  15782742.4054  15777916.7699  15775033.9275  15770267.0500  15767432.4224  15762697.8692  15759878.5712  15755141.7859  15752305.6030  15747539.9474  15744667.8721  15739861.5600  15736949.4892  15732104.4599  15729163.6864  15724304.5455  15721395.4543  15716589.1944  15713774.2366  15709079.5872  15706408.1169  15701857.1529  15699336.7316  15694909.3113  15692494.2097  15688139.8215
          0.8435        -0.2087  15798417.6771  15793309.9833  15790109.5452  15785031.1998  15781889.0982  15776871.3497  15773798.7476  15768848.7089  15765838.6007  15760940.9657  15757973.7081  15753109.2423  15750168.8711  15745325.7843  15742405.1382  15737579.9070  15734677.7125  15729874.6012  15727002.1286  15722234.9355  15719442.5662  15714778.6019  15712128.3731  15707621.6975  15705154.3896  15700823.9126  15698530.2355  15694337.3572  15692153.4337  15688029.4619
          1.0845        -0.2087  15798364.9968  15793154.9956  15789838.3493  15784639.4983  15781378.7730  15776252.1464  15773080.5324  15768045.7405  15764963.1373  15760007.5874  15756993.2366  15752093.3608  15749124.9906  15744262.7248  15741329.0893  15736500.5240  15733606.9376  15728822.4433  15725988.1823  15721269.3923  15718537.6884  15713943.4622  15711370.2190  15706940.6189  15704552.0317  15700295.3506  15698081.0204  15693971.3714  15691896.5935  15687921.7677
          1.3255        -0.2087  15798404.2610  15793268.2372  15790074.5760  15785025.3902  15781945.3083  15777009.8477  15774055.6638  15769248.9347  15766422.0910  15761732.2576  15759010.2364  15754409.0516  15751760.0009  15747214.9117  15744605.8370  15740083.6856  15737482.3150  15732948.3237  15730323.0761  15725749.8159  15723083.7548  15718471.4619  15715776.8908  15711128.8852  15708400.7890  15703708.1502  15700935.8505  15696184.2889  15693339.8946  15688464.9740
          1.5665        -0.2087  15798313.3264  15793004.6008  15789578.1464  15784270.8606  15780905.2750  15775690.6959  15772446.3831  15767361.7915  15764246.7576  15759279.3770  15756268.8341  15751390.2720  15748456.4209  15743643.5451  15740769.7739  15736011.3714  15733195.0176  15728494.8627  15725749.5934  15721126.1618  15718475.8874  15713953.7693  15711440.0589  15707049.7400  15704679.6750  15700413.6300  15698172.9705  15694020.4935  15691913.8786  15687920.2256
         -1.4460        -0.4174  15798529.6996  15793645.1905  15790676.5522  15785831.6355  15782933.8775  15778161.7993  15775342.9420  15770645.3112  15767891.0599  15763241.9694  15760518.3795  15755880.3830  15753148.7251  15748484.8022  15745712.5194  15740995.3295  15738164.3715  15733385.8811  15730499.9363  15725673.2179  15722757.6991  15717918.4623  15715035.2021  15710245.0766  15707441.8265  15702737.1896  15700036.3637  15695421.8912  15692805.5201  15688248.2419
         -1.2050        -0.4174  15798593.9450  15793832.7001  15790971.5285  15786219.0319  15783399.6709  15778693.3600  15775927.0584  15771268.4362  15768537.9117  15763896.2815  15761162.6436  15756496.4660  15753719.4106  15748992.9354  15746143.8635  15741336.1264  15738405.3872  15733518.3308  15730527.1060  15725592.9541  15722585.3560  15717669.5893  15714729.5348  15709906.1322  15707093.3877  15702406.1432  15699744.8621  15695195.1153  15692660.2713  15688200.5318
         -0.9640        -0.4174  15798420.7799  15793314.8398  15790116.4116  15785035.7309  15781899.5994  15776893.0792  15773849.4757  15768942.3030  15765999.2562  15761186.6890  15758329.4746  15753591.1724  15750795.5184  15746106.2989  15743347.5317  15738683.9332  15735941.1395  15731285.2856  15728549.4503  15723891.2333  15721170.0290  15716537.3968  15713862.8570  15709278.2279  15706668.6083  15702142.7069  15699600.2814  15695126.1799  15692633.4351  15688192.1867
         -0.7230        -0.4174  15798544.4650  15793685.9779  15790726.7923  15785881.5638  15782972.8782  15778186.2332  15775348.4357  15770632.5752  15767859.9941  15763197.4738  15760464.8422  15755828.5323  15753109.0124  15748473.4374  15745743.3427  15741085.7936  15738321.9053  15733620.0146  15730805.1275  15726045.8562  15723202.9806  15718422.0920  15715582.3832  15710807.6459  15707993.6793  15703239.8752  15700459.9691  15695732.8587  15692991.4271  15688304.6672
         -0.4820        -0.4174  15798397.9715  15793256.3145  15789984.8426  15784825.7688  15781591.4337  15776487.6482  15773325.3422  15768292.0784  15765195.6175  15760215.4926  15757161.5936  15752211.4388  15749181.0936  15744249.1170  15741239.5254  15736330.6713  15733355.3807  15728490.5163  15725578.1489  15720794.3611  15718013.2635  15713382.0562  15710793.5678  15706364.9147  15704002.0896  15699788.1036  15697644.1415  15693625.7730  15691674.6172  15687841.9589
         -0.2410        -0.4174  15798621.9146  15793914.5588  15791110.2887  15786411.2973  15783634.6993  15778955.1136  15776196.0628  15771521.3292  15768750.2539  15764043.9510  15761221.2444  15756447.8846  15753545.9341  15748689.2923  15745705.0172  15740771.7050  15737722.9430  15732736.3851  15729657.9639  15724672.8474  15721649.4843  15716748.3513  15713854.2601  15709100.3511  15706381.6402  15701798.7286  15699257.1072  15694828.1404  15692428.5410  15688112.7557
          0.0000        -0.4174  15798355.6772  15793128.4064  15789797.8521  15784592.2606  15781330.9685  15776209.5780  15773050.3778  15768036.0996  15764986.3225  15760078.8809  15757131.9059  15752320.8864  15749463.9931  15744735.7788  15741955.8378  15737294.1354  15734571.7657  15729948.3761  15727262.2345  15722674.6187  15720044.3662  15715508.1748  15712946.9362  15708474.1898  15705989.4274  15701580.5368  15699163.5595  15694802.7287  15692431.9147  15688113.1662
          0.2410        -0.4174  15798459.0631  15793432.6721  15790323.6858  15785339.7387  15782301.2939  15777384.0494  15774414.9416  15769559.7226  15766645.7128  15761836.7564  15758959.9773  15754179.7744  15751323.5822  15746558.8823  15743714.5672  15738958.7122  15736122.1247  15731369.3047  15728543.2114  15723813.6147  15721040.9056  15716371.8582  15713683.0745  15709099.7381  15706510.5402  15702014.8644  15699511.2653  15695074.3502  15692614.0872  15688190.6633
          0.4820        -0.4174  15798488.0187  15793523.0993  15790455.5554  15785498.7023  15782460.8322  15777530.7428  15774521.4226  15769612.1989  15766614.8582  15761708.6021  15758706.2182  15753789.6716  15750774.5088  15745846.1346  15742824.5270  15737896.0374  15734886.3933  15729978.7932  15727006.8928  15722155.9178  15719292.1560  15714570.1834  15711876.8689  15707337.3310  15704854.3304  15700515.9060  15698236.2776  15694069.6218  15691952.7551  15687940.0135
          0.7230        -0.4174  15798552.0703  15793714.9379  15790754.9754  15785894.8298  15782945.9636  15778104.2012  15775181.9623  15770361.2790  15767452.9298  15762635.1259  15759721.8197  15754890.8749  15751960.9312  15747109.1662  15744159.4755  15739287.4364  15736322.3641  15731438.5698  15728472.4409  15723599.9100  15720695.4636  15715907.7559  15713131.1894  15708487.7707  15705884.0181  15701406.3974  15698967.7640  15694622.4138  15692301.0670  15688061.9171
          0.9640        -0.4174  15798478.8356  15793493.9421  15790422.4312  15785477.2079  15782481.1295  15777617.1822  15774712.4638  15769933.6969  15767105.2615  15762385.5242  15759600.1326  15754904.5059  15752126.4506  15747421.0910  15744618.8570  15739877.2450  15737031.1536  15732242.0328  15729355.6807  15724533.7584  15721651.7623  15716868.3839  15714067.0703  15709386.3084  15706715.6888  15702164.3292  15699621.8756  15695164.4454  15692681.1537  15688222.5981
          1.2050        -0.4174  15798233.4195  15792761.4695  15789195.1971  15783757.9722  15780276.6514  15774949.6141  15771604.4167  15766423.2610  15763226.9149  15758189.7019  15755132.5318  15750228.1750  15747298.8713  15742515.8758  15739702.6305  15735027.4976  15732318.1184  15727737.2313  15725125.1690  15720631.9735  15718117.2847  15713727.4721  15711335.0392  15707056.4928  15704775.4406  15700582.7575  15698377.7699  15694235.6975  15692082.9510  15687998.6900
          1.4460        -0.4174  15798379.0941  15793200.4320  15789936.8962  15784809.3574  15781642.4566  15776621.8960  15773570.0154  15768660.1344  15765710.3980  15760890.7573  15758019.7976  15753267.6846  15750453.3190  15745746.6171  15742967.1097  15738283.4378  15735520.2281  15730845.2975  15728093.6094  15723431.3822  15720708.6534  15716086.1106  15713440.7169  15708897.8047  15706345.6401  15701878.5128  15699398.4756  15694974.8125  15692533.4738  15688147.4938
         -1.3255        -0.6261  15798628.5193  15793939.7806  15791153.6477  15786474.8644  15783728.0087  15779087.8277  15776377.4650  15771756.5952  15769040.3784  15764382.1720  15761596.3303  15756838.1090  15753926.7601  15749025.7883  15745964.3203  15740916.8949  15737727.3943  15732580.8796  15729335.4830  15724180.2576  15720987.0599  15715940.6619  15712935.9170  15708121.2852  15705396.5576  15700871.6662  15698447.9279  15694195.0171  15692017.8282  15687967.4078
         -1.0845        -0.6261  15798641.6625  15793977.3780  15791218.4424  15786564.3084  15783839.9342  15779217.9407  15776526.8326  15771925.7520  15769237.3333  15764613.4883  15761876.5024  15757178.8546  15754346.5109  15749538.0254  15746586.3897  15741658.8469  15738598.8895  15733580.0579  15730457.6343  15725402.1755  15722292.6624  15717300.0098  15714310.2131  15709467.2659  15706663.9183  15702012.5808  15699409.2973  15694934.0718  15692487.4374  15688134.0367
         -0.8435        -0.6261  15798568.3782  15793756.8237  15790850.7706  15786052.7973  15783195.1529  15778456.1468  15775668.1679  15770994.8543  15768260.7710  15763623.3050  15760904.5843  15756262.4537  15753520.1229  15748838.9407  15746044.4181  15741302.4795  15738443.1881  15733633.7681  15730713.5815  15725849.9602  15722911.0940  15718054.6166  15715159.5922  15710361.3914  15707550.6169  15702833.9692  15700113.1792  15695469.4276  15692820.1798  15688243.6152
         -0.6025        -0.6261  15798699.0672  15794146.6702  15791503.7247  15786970.0380  15784367.5767  15779868.5037  15777301.4109  15772825.7612  15770265.2630  15765772.9087  15763171.7787  15758615.0400  15755928.7770  15751269.8552  15748469.1089  15743688.6343  15740762.9455  15735861.1168  15732820.8506  15727818.7257  15724727.3719  15719703.5348  15716632.5701  15711650.8356  15708652.0194  15703746.7776  15700837.2591  15696008.8251  15693168.6523  15688375.9518
         -0.3615        -0.6261  15798487.2343  15793509.7799  15790451.6117  15785511.0798  15782517.5300  15777642.3028  15774721.8688  15769918.5225  15767064.2630  15762318.6282  15759510.7204  15754801.7341  15752018.8148  15747326.6202  15744551.7856  15739861.0741  15737080.6539  15732378.9910  15729583.1167  15724866.1227  15722081.7777  15717380.7303  15714632.1430  15709967.4542  15707269.6970  15702648.6365  15700002.9315  15695422.3034  15692818.8382  15688259.1751
         -0.1205        -0.6261  15798464.8749  15793445.5346  15790348.6492  15785374.9328  15782353.1145  15777453.4904  15774509.7868  15769683.8997  15766806.6708  15762039.3278  15759209.8237  15754481.6842  15751680.4034  15746973.3456  15744184.6232  15739484.2048  15736695.1017  15731988.4071  15729190.7192  15724477.5970  15721701.9369  15717016.1309  15714289.8415  15709654.4048  15706994.1145  15702416.2152  15699820.5533  15695291.0043  15692739.5028  15688230.1215
          0.1205        -0.6261  15798331.9379  15793053.0325  15789694.6473  15784467.0935  15781197.4767  15776065.4350  15772902.6539  15767878.7521  15764824.3715  15759906.9822  15756956.3079  15752139.6876  15749285.8265  15744561.7114  15741794.1793  15737147.3427  15734446.0044  15729850.5001  15727187.9757  15722624.4275  15720014.8925  15715503.5233  15712962.2693  15708516.9663  15706051.8086  15701669.0097  15699262.2179  15694911.0046  15692520.2757  15688160.4119
          0.3615        -0.6261  15798600.1669  15793846.2426  15791007.4893  15786271.6513  15783459.6425  15778733.2728  15775922.2993  15771182.6778  15768344.4887  15763565.8276  15760677.5751  15755843.2407  15752894.5670  15748001.6036  15744997.1479  15740056.2956  15737014.0857  15732050.5560  15729001.2894  15724054.3744  15721074.1298  15716226.9736  15713390.0077  15708706.9195  15706061.1525  15701564.8150  15699102.1512  15694753.0683  15692406.1640  15688121.9402
          0.6025        -0.6261  15798286.5365  15792921.2593  15789434.4723  15784063.2508  15780628.2649  15775335.4472  15772007.6146  15766836.5693  15763644.4216  15758616.4618  15755575.7125  15750701.3754  15747815.8307  15743090.9285  15740347.5328  15735749.5217  15733117.1451  15728608.5434  15726044.4932  15721581.7204  15719078.6881  15714666.6653  15712225.7799  15707867.5033  15705491.4320  15701184.3181  15698861.0729  15694585.8385  15692296.9158  15688066.0427
          0.8435        -0.6261  15798284.2208  15792907.7797  15789446.9611  15784116.5259  15780742.9460  15775515.4162  15772267.1865  15767176.3051  15764071.6187  15759124.9802  15756163.2745  15751354.8876  15748524.8397  15743838.3804  15741119.3186  15736529.5458  15733893.3827  15729367.9386  15726784.8471  15722293.6885  15719752.9621  15715302.5231  15712813.3399  15708407.3779  15705972.2809  15701608.5921  15699216.6571  15694873.9453  15692494.7092  15688148.8270
          1.0845        -0.6261  15798341.0000  15793079.7108  15789722.3850  15784484.4463  15781191.1086  15776024.9010  15772809.7479  15767717.2695  15764569.8995  15759540.0497  15756453.6933  15751486.1399  15748464.5403  15743563.4811  15740609.3927  15735774.1592  15732887.9552  15728119.9426  15725315.8806  15720635.7972  15717943.8636  15713399.7584  15710883.4646  15706525.1483  15704213.3228  15700044.5221  15697912.8319  15693884.3546  15691867.6695  15687927.4565
          1.3255        -0.6261  15798319.4470  15793014.0163  15789632.5325  15784382.1828  15781094.7116  15775946.4280  15772772.0404  15767737.5335  15764673.2108  15759741.0662  15756769.8612  15751921.8783  15749023.9491  15744240.0418  15741396.2840  15736659.2903  15733858.9880  15729164.4268  15726412.8496  15721773.0742  15719092.4775  15714536.4789  15711977.5936  15707550.6050  15705137.7367  15700845.6336  15698566.0054  15694376.7859  15692180.6839  15688040.8665
         -1.2050        -0.8348  15798388.5728  15793214.0745  15789944.2801  15784776.3233  15781540.2662  15776405.2948  15773210.5847  15768118.7964  15764967.7438  15759915.6328  15756802.4031  15751786.5571  15748712.2674  15743739.5047  15740716.0712  15735802.9968  15732851.8198  15728024.3491  15725175.7440  15720468.9140  15717759.3160  15713208.8425  15710690.6002  15706342.7191  15704039.1775  15699897.2420  15697791.7243  15693817.3034  15691843.9657  15687940.0373
         -0.9640        -0.8348  15798540.4532  15793666.1031  15790717.9470  15785874.9571  15782966.8275  15778151.8656  15775272.1311  15770478.5726  15767608.5187  15762808.7091  15759915.6969  15755078.7483  15752136.7307  15747245.9668  15744248.7704  15739309.9068  15736276.5994  15731318.4662  15728291.3922  15723365.8612  15720409.3005  15715596.2316  15712798.8112  15708168.1008  15705578.0226  15701153.6673  15698769.0817  15694520.2559  15692274.2166  15688088.8224
         -0.7230        -0.8348  15798538.2166  15793664.2340  15790704.7748  15785858.4579  15782957.1573  15778171.9137  15775339.0534  15770618.4234  15767839.4550  15763156.2693  15760395.2911  15755711.7545  15752932.4030  15748217.5408  15745396.0212  15740634.2581  15737764.4169  15732956.1860  15730047.5288  15725207.5336  15722301.0573  15717490.6864  15714647.0229  15709912.2197  15707165.7289  15702524.7343  15699878.2798  15695319.7916  15692746.8024  15688233.1244
         -0.4820        -0.8348  15798527.0919  15793630.2178  15790649.2608  15785780.2449  15782856.9231  15778047.2486  15775186.2481  15770431.9400  15767613.2004  15762886.7571  15760077.6163  15755346.8039  15752517.5350  15747758.2002  15744891.9597  15740095.5027  15737191.8765  15732366.5268  15729441.8227  15724603.0094  15721705.3854  15716914.4792  15714099.3930  15709400.7558  15706700.8191  15702111.0501  15699528.9601  15695039.6521  15692557.9934  15688156.4283
         -0.2410        -0.8348  15798562.2601  15793739.1801  15790800.8158  15785960.3293  15783040.0367  15778223.5094  15775333.9231  15770542.6438  15767669.0401  15762882.0030  15760000.8186  15755197.4436  15752292.3910  15747462.1956  15744528.9343  15739673.4011  15736718.3455  15731850.1097  15728893.3628  15724031.6410  15721125.2413  15716332.7236  15713532.6591  15708855.0378  15706194.3300  15701647.8342  15699130.0072  15694711.7499  15692333.7288  15688063.9638
          0.0000        -0.8348  15798633.8306  15793947.4640  15791177.4264  15786513.1116  15783787.6761  15779168.0195  15776492.2379  15771916.5011  15769274.0465  15764718.0461  15762079.5135  15757513.1053  15754847.9455  15750242.5482  15747524.9799  15742858.4543  15740068.5685  15735322.0107  15732443.3560  15727609.1626  15724675.3875  15719795.5775  15716840.3494  15711944.5310  15708992.3410  15704095.8833  15701154.3936  15696258.6958  15693322.2944  15688423.6675
          0.2410        -0.8348  15798453.7699  15793411.7257  15790288.3780  15785279.9444  15782216.1591  15777264.6538  15774258.9634  15769359.2076  15766396.8493  15761532.7324  15758598.3197  15753758.1274  15750844.3959  15746025.3385  15743133.7588  15738340.0196  15735475.2137  15730711.5189  15727877.6708  15723147.9225  15720382.0849  15715731.9278  15713070.7562  15708530.3017  15705993.9627  15701567.2357  15699141.0550  15694795.0940  15692430.5471  15688121.9222
          0.4820        -0.8348  15798469.6935  15793456.7863  15790344.0672  15785332.4695  15782246.1408  15777260.1606  15774207.7617  15769257.0233  15766241.5307  15761328.2134  15758350.8008  15753476.4667  15750537.8755  15745702.4509  15742801.2245  15738002.4236  15735135.2539  15730372.2141  15727539.6753  15722810.6785  15720043.7902  15715394.8031  15712735.6523  15708203.9926  15705683.7466  15701287.3357  15698905.7825  15694622.0544  15692331.0946  15688095.4177
          0.7230        -0.8348  15798402.8732  15793257.7359  15790029.0987  15784915.3024  15781745.6344  15776693.8198  15773596.4466  15768619.2110  15765595.0571  15760687.0293  15757725.9424  15752875.8582  15749965.9357  15745162.3967  15742293.7123  15737528.3387  15734695.4244  15729963.9276  15727169.9153  15722476.3954  15719744.4340  15715128.7514  15712502.2231  15707999.7382  15705508.8304  15701137.7937  15698784.1252  15694525.8340  15692267.4192  15688069.2152
          0.9640        -0.8348  15798512.1140  15793586.0628  15790557.9612  15785626.6294  15782615.5869  15777699.7692  15774707.9511  15769807.9995  15766827.5635  15761934.9149  15758959.3409  15754071.8487  15751101.9131  15746221.2995  15743258.9321  15738386.6928  15735436.4952  15730579.0445  15727658.9778  15722840.3908  15719984.8074  15715259.0374  15712539.6300  15707967.4893  15705429.4704  15701035.7836  15698677.7854  15694431.8896  15692196.6873  15688039.5690
          1.2050        -0.8348  15798340.9691  15793078.5820  15789726.5430  15784492.4952  15781204.8883  15776042.0302  15772835.2906  15767753.7489  15764626.3419  15759620.3819  15756565.6734  15751631.5103  15748646.8605  15743782.9411  15740867.6811  15736073.3467  15733230.3118  15728510.4960  15725751.1831  15721120.0955  15718462.7057  15713939.9468  15711424.9643  15707046.1211  15704690.0541  15700456.0706  15698243.6319  15694123.3129  15692011.2438  15687973.7062
         -1.0845        -1.0436  15798387.7411  15793201.3733  15789902.1472  15784672.5512  15781339.6013  15776070.1748  15772699.4273  15767389.6980  15763970.2339  15758602.6907  15755115.7234  15749679.9541  15746130.1657  15740651.1652  15737087.1133  15731637.3056  15728156.7128  15722852.8411  15719590.5353  15714576.8053  15711676.0113  15707078.1477  15704665.6193  15700586.6655  15698724.2185  15695183.9612  15693852.5225  15690798.3664  15689916.3954  15687251.0167
         -0.8435        -1.0436  15798230.2386  15792747.4362  15789154.7743  15783674.6940  15780133.1303  15774722.5905  15771272.5255  15765963.1149  15762618.8823  15757412.4546  15754167.8066  15749055.8334  15745903.2266  15740882.2672  15737824.8627  15732905.5376  15729963.8088  15725172.0315  15722380.4806  15717752.0989  15715153.9704  15710742.8692  15708396.7439  15704243.8958  15702173.2593  15698281.8160  15696468.6268  15692801.4360  15691191.2216  15687692.8768
         -0.6025        -1.0436  15798472.3915  15793470.7854  15790383.8424  15785415.8981  15782399.4178  15777508.1050  15774578.7996  15769773.1780  15766922.5662  15762182.0932  15759380.6653  15754672.5985  15751886.8552  15747180.1916  15744383.8934  15739658.7732  15736840.4776  15732091.1689  15729252.1646  15724482.6099  15721652.5894  15716914.8723  15714148.0922  15709483.8802  15706812.0900  15702238.0592  15699662.0607  15695163.9301  15692653.1158  15688195.7965
         -0.3615        -1.0436  15798467.6319  15793447.4748  15790356.2573  15785373.7409  15782328.8294  15777382.5596  15774373.6048  15769459.5888  15766475.7478  15761581.3893  15758610.7127  15753728.7743  15750768.9739  15745902.2349  15742961.2489  15738120.8635  15735212.3428  15730412.8261  15727557.4214  15722813.4094  15720038.4652  15715393.1846  15712742.1097  15708222.7103  15705710.0803  15701315.5467  15698926.8330  15694632.0914  15692332.2464  15688094.0346
         -0.1205        -1.0436  15798457.5255  15793422.8954  15790298.0200  15785284.8995  15782217.3407  15777269.8014  15774278.3887  15769406.9083  15766487.6780  15761682.5420  15758823.8124  15754074.8618  15751268.2409  15746568.4445  15743806.6083  15739146.7499  15736417.3345  15731779.6166  15729065.2708  15724431.1191  15721731.4507  15717117.1658  15714450.2539  15709864.8155  15707233.5660  15702670.0854  15700059.0584  15695495.0397  15692875.2553  15688282.5071
          0.1205        -1.0436  15798424.8537  15793328.9437  15790141.1735  15785070.7552  15781953.5403  15776970.0605  15773958.4122  15769085.7398  15766185.9857  15761419.8966  15758618.9460  15753941.1462  15751215.2936  15746599.1645  15743919.0053  15739334.0797  15736669.5902  15732083.8951  15729405.4785  15724791.2352  15722097.3398  15717471.6996  15714781.2057  15710154.6280  15707475.5903  15702850.5420  15700181.0458  15695551.6176  15692883.9470  15688265.9161
          0.3615        -1.0436  15798395.2115  15793233.4795  15789999.3360  15784883.0673  15781720.9934  15776679.3122  15773602.3248  15768651.0524  15765666.4006  15760808.3078  15757914.6845  15753145.8829  15750337.0586  15745648.9544  15742913.9020  15738291.9247  15735612.4826  15731034.6233  15728388.8661  15723825.6618  15721198.3024  15716655.0286  15714055.0650  15709532.9307  15706959.6197  15702454.4205  15699899.7682  15695396.1136  15692829.4334  15688276.8246
          0.6025        -1.0436  15798236.5139  15792764.8292  15789176.7249  15783696.4353  15780154.5789  15774748.3302  15771311.1874  15766029.5949  15762732.6954  15757601.2157  15754461.4971  15749489.8774  15746509.7097  15741692.4756  15738859.0929  15734175.9912  15731464.7122  15726889.2717  15724279.9304  15719788.4959  15717273.7009  15712883.6131  15710491.5460  15706224.8316  15703974.1240  15699842.0656  15697735.2051  15693731.0578  15691753.6340  15687877.8462
          0.8435        -1.0436  15798441.9894  15793377.8374  15790222.3036  15785177.3898  15782073.9429  15777088.2640  15774057.7981  15769149.5955  15766198.0621  15761365.6989  15758484.5195  15753714.7531  15750885.5112  15746156.9621  15743357.1037  15738647.8501  15735860.3850  15731157.0641  15728377.5197  15723677.4402  15720914.6415  15716247.0277  15713546.0379  15708949.6869  15706344.9092  15701846.7088  15699351.1768  15694942.4351  15692520.2128  15688154.2556
          1.0845        -1.0436  15798582.9123  15793797.2863  15790933.3264  15786179.5496  15783370.2131  15778665.3648  15775906.7721  15771245.4652  15768521.6607  15763882.8090  15761168.6100  15756526.7363  15753795.1481  15749124.5342  15746351.3204  15741631.0549  15738801.6398  15734024.6385  15731141.1128  15726315.7108  15723396.7732  15718552.1926  15715652.5699  15710842.2636  15708001.7150  15703253.6275  15700483.8971  15695786.1384  15693046.1341  15688340.2272
         -0.9640        -1.2523  15798260.1187  15792828.1773  15789290.0058  15783855.5895  15780361.0805  15774988.1560  15771581.2134  15766311.3606  15763019.0127  15757865.2982  15754689.3707  15749647.4433  15746579.9642  15741642.2979  15738678.5468  15733845.3477  15730991.5298  15726275.4305  15723549.2725  15718973.4168  15716401.3555  15711991.8925  15709616.6488  15705412.3812  15703252.8445  15699255.0461  15697294.0180  15693463.5434  15691632.3972  15687868.6512
         -0.7230        -1.2523  15798394.1270  15793228.7206  15789987.6195  15784857.2280  15781672.7300  15776596.8345  15773471.6915  15768455.1020  15765383.5032  15760414.0867  15757378.7811  15752439.3658  15749425.8752  15744507.2640  15741514.1975  15736623.2232  15733669.0530  15728830.0244  15725947.3704  15721192.7916  15718424.0126  15713809.6764  15711217.5501  15706789.0304  15704402.9828  15700171.7326  15697983.8083  15693922.1490  15691883.5074  15687934.8098
         -0.4820        -1.2523  15798290.1577  15792926.3786  15789479.0206  15784157.6353  15780801.7359  15775588.1279  15772358.1026  15767276.4166  15764179.5939  15759226.1552  15756249.7144  15751406.7068  15748529.1750  15743774.4070  15740974.7857  15736290.3434  15733556.5867  15728933.5845  15726261.8584  15721694.3835  15719088.6921  15714599.3722  15712091.9416  15707700.8772  15705303.2323  15701012.1808  15698714.4670  15694499.9127  15692260.9822  15688072.2362
         -0.2410        -1.2523  15798361.4165  15793131.2580  15789808.3546  15784590.3027  15781313.5779  15776150.4001  15772942.2096  15767853.8513  15764721.3969  15759706.8314  15756644.3137  15751697.0061  15748698.6981  15743815.4575  15740881.9686  15736066.9712  15733207.9834  15728472.6608  15725705.9651  15721065.3656  15718406.9507  15713888.7710  15711376.2515  15707003.6328  15704646.1071  15700416.0604  15698200.6775  15694091.1122  15691986.1781  15687968.0462
          0.0000        -1.2523  15798374.0696  15793171.2113  15789903.9785  15784769.9507  15781625.4439  15776639.3016  15773668.8067  15768864.2905  15766072.9407  15761432.9812  15758785.0799  15754262.4341  15751701.8903  15747238.0596  15744705.2077  15740243.8272  15737687.7639  15733183.2287  15730567.4712  15725988.6280  15723299.3901  15718658.3693  15715922.9207  15711237.6974  15708467.4520  15703743.2191  15700938.8540  15696168.1941  15693306.1017  15688442.7534
          0.2410        -1.2523  15798417.1922  15793299.2859  15790112.4230  15785041.0357  15781923.2524  15776919.0647  15773872.6233  15768943.6726  15765973.5238  15761125.0271  15758235.6057  15753470.8898  15750663.1342  15745978.9565  15743245.6420  15738628.9653  15735953.8404  15731382.2203  15728743.1957  15724188.4345  15721563.0527  15717017.7632  15714408.2499  15709864.7587  15707258.0064  15702701.0767  15700083.5292  15695503.3638  15692867.1472  15688270.2162
          0.4820        -1.2523  15798307.9986  15792976.7805  15789574.9215  15784305.8434  15781012.8974  15775868.8397  15772719.2855  15767727.1410  15764730.1241  15759885.3932  15757023.6510  15752300.2298  15749541.0574  15744902.9965  15742210.9645  15737624.7834  15734971.9633  15730413.0947  15727782.5174  15723232.2333  15720614.3109  15716083.4431  15713502.4342  15709004.5760  15706467.0282  15702003.7730  15699507.7740  15695073.2245  15692605.9163  15688185.6588
          0.7230        -1.2523  15798438.6160  15793359.6210  15790223.6254  15785208.6272  15782153.9574  15777213.8981  15774238.8415  15769381.6890  15766488.4183  15761711.3366  15758889.6363  15754176.3170  15751403.8282  15746727.8649  15743976.7309  15739310.8630  15736559.5236  15731886.3473  15729127.0250  15724440.3887  15721676.4974  15716999.5247  15714271.2566  15709636.8273  15706971.1130  15702400.4974  15699810.3652  15695301.2299  15692757.3255  15688248.6779
          0.9640        -1.2523  15798179.2640  15792597.8777  15788917.6798  15783364.2760  15779774.1110  15774343.5458  15770911.7910  15765662.6070  15762430.3295  15757389.2758  15754370.5685  15749539.9833  15746725.3897  15742085.0511  15739444.9712  15734957.1178  15732449.0620  15728067.9140  15725643.9260  15721319.3473  15718932.2405  15714624.9340  15712262.2776  15707966.2938  15705619.0551  15701329.1270  15698994.7169  15694707.4066  15692379.9875  15688103.9912
         -0.6025        -1.4610  15798359.0298  15793118.2702  15789819.1973  15784633.9550  15781407.3485  15776283.7880  15773117.2881  15768053.6705  15764943.2030  15759936.3181  15756878.5858  15751927.9053  15748924.4415  15744034.0956  15741092.3721  15736272.1717  15733406.4654  15728671.3106  15725898.4570  15721264.0368  15718600.9543  15714082.0883  15711562.0827  15707187.4561  15704822.4529  15700590.5812  15698365.1109  15694243.4865  15692102.7133  15688021.3737
         -0.3615        -1.4610  15798422.5082  15793315.5274  15790135.3657  15785071.9443  15781966.7365  15776978.0946  15773951.8381  15769038.3662  15766079.2809  15761223.2677  15758309.6304  15753489.8595  15750601.8101  15745803.1591  15742931.2630  15738150.7310  15735300.3192  15730549.4385  15727737.1435  15723034.1069  15720282.2741  15715651.1901  15713002.1680  15708479.3975  15705951.3678  15701540.9402  15699124.0364  15694799.0612  15692443.6561  15688137.9366
         -0.1205        -1.4610  15798502.0976  15793552.0057  15790513.6067  15785578.6468  15782592.3300  15777719.7245  15774806.6440  15770006.6159  15767157.7913  15762409.2016  15759595.8155  15754868.3237  15752060.0605  15747327.0468  15744502.0941  15739747.5251  15736898.3682  15732122.7517  15729259.6303  15724481.6322  15721633.4188  15716887.1614  15714109.0346  15709444.5697  15706767.2424  15702198.1118  15699619.8804  15695129.5001  15692620.4003  15688183.8092
          0.1205        -1.4610  15798456.7833  15793416.5045  15790313.1900  15785331.1785  15782317.1478  15777427.0992  15774512.0134  15769722.4451  15766903.3289  15762203.6373  15759463.2206  15754831.8011  15752144.7080  15747554.0928  15744892.3617  15740314.7012  15737652.8031  15733064.0945  15730380.3688  15725760.0072  15723040.4670  15718382.3247  15715642.7319  15710961.0297  15708204.3870  15703497.8598  15700720.7804  15695982.1503  15693169.7558  15688382.9983
          0.3615        -1.4610  15798331.5955  15793047.3265  15789683.7901  15784442.7245  15781167.6890  15776031.7870  15772882.4989  15767884.0740  15764878.3032  15760023.5989  15757155.5594  15752429.0320  15749673.5005  15745043.3464  15742363.9561  15737791.6623  15735151.9719  15730604.6336  15727978.5932  15723436.1661  15720812.4080  15716270.0196  15713668.7313  15709147.6477  15706580.1561  15702087.6917  15699560.7526  15695102.0595  15692615.3869  15688187.3545
          0.6025        -1.4610  15798197.8927  15792651.8009  15789007.0385  15783479.8244  15779900.5177  15774456.2236  15770977.5956  15765647.4110  15762291.6053  15757093.7867  15753875.5216  15748821.0112  15745747.5959  15740838.8423  15737911.1342  15733145.6498  15730363.2848  15725740.2104  15723106.1673  15718627.1861  15716143.8804  15711809.0001  15709494.0560  15705317.1302  15703170.8985  15699147.0189  15697163.8487  15693291.2430  15691474.5170  15687776.9913
