         -0.6025         1.4610     76010.8776     73206.7465     70401.5891     67597.4348     64794.5710     61956.8325     59127.0069     56309.8053     53507.9516     50723.4257     47958.5483     45214.8421     42494.1132     39797.3996     37125.9708     34480.2848     31862.3125     29241.1928     26640.2088     24073.2743     21539.7577     19038.4044     16568.0914     14127.1642     11714.1129      9327.0162      6964.0823      4623.2458      2302.6213         0.0000
         -0.3615         1.4610     76010.8843     73206.7721     70401.6076     67597.3876     64794.3569     61956.4193     59126.3847     56308.9446     53506.8310     50722.0317     47956.8752     45212.8989     42491.9253     39794.9920     37123.3815     34477.5585     31859.5409     29237.4737     26636.5404     24069.7169     21536.3684     19035.2417     16565.2107     14124.6147     11711.9348      9325.2436      6962.7451      4622.3557      2302.1825         0.0000
         -0.1205         1.4610     76006.6469     73198.7014     70390.1360     67583.0572     64774.7453     61933.5369     59101.4798     56282.4120     53479.0640     50693.3964     47927.7027     45183.5119     42462.6272     39766.0507     37095.0515     34450.2198     31833.3466     29205.3935     26606.4439     24041.7528     21510.6775     19011.9471     16544.4219     14106.4471     11696.4983      9312.6529      6953.1125      4615.8032      2298.8389         0.0000
          0.1205         1.4610     75503.5645     72721.7672     69928.7088     67104.3263     64283.8044     61470.1454     58666.3835     55874.7874     53098.0725     50338.1835     47597.4291     44877.2954     42179.6042     39505.3471     36856.2667     34221.8060     31581.5121     28972.4776     26397.4428     23855.6895     21346.6474     18869.0817     16421.9177     14003.5232     11612.4282      9246.7138      6904.6475      4584.1284      2283.3196         0.0000
          0.3615         1.4610     75501.4541     72717.7564     69921.9953     67095.5363     64273.5024     61458.5378     58653.6346     55861.0746     53083.5729     50323.0646     47581.8449     44861.4153     42163.5964     39489.3808     36840.6450     34203.0720     31562.4737     28954.4609     26380.5854     23840.1029     21332.4207     18856.2810     16410.5890     13993.7001     11604.1406      9239.9842      6899.5118      4580.6293      2281.5265         0.0000
          0.6025         1.4610     75501.4146     72717.6550     69921.8191     67095.2807     64273.1809     61458.1470     58653.2081     55860.6130     53083.0957     50322.5888     47581.3852     44860.9914     42163.2104     39489.0374     36840.3415     34202.7552     31562.1523     28954.1304     26380.2182     23839.6834     21331.9339     18855.7293     16409.9850     13993.0661     11603.5100      9239.3920      6899.0019      4580.2446      2281.3122         0.0000
         -0.9640         1.2523     76010.9110     73206.8235     70401.7246     67597.6117     64794.7907     61957.0632     59127.2516     56310.0470     53508.1803     50723.6242     47958.7027     45214.9373     42494.1453     39797.3531     37125.8383     34480.0683     31862.0112     29240.6526     26639.5789     24072.5783     21539.0296     19037.6718     16567.3889     14126.5281     11713.5687      9326.5850      6963.7765      4623.0629      2302.5457         0.0000
         -0.7230         1.2523     76008.5383     73200.7238     70390.7763     67580.9709     64767.8317     61920.7995     59082.6748     56257.2750     53447.5787     50655.7785     47884.3992     45135.1170     42409.8979     39709.8515     37036.3304     34390.3998     31758.9073     29126.9185     26529.9492     23968.5637     21442.0299     18948.9414     16488.0122     14057.3962     11655.3867      9279.8450      6928.7767      4599.8896      2291.1016         0.0000
         -0.4820         1.2523     76008.4848     73200.6146     70390.6162     67580.7705     64767.5503     61920.4940     59082.3795     56257.0047     53447.3551     50655.6063     47884.2737     45135.0259     42409.8198     39709.7689     37036.1985     34390.1985     31758.5741     29126.4370     26529.2988     23967.7176     21440.9743     18947.6827     16486.5752     14055.8395     11653.7908      9278.3148      6927.4311      4598.8609      2290.5236         0.0000
         -0.2410         1.2523     76006.3528     73196.5251     70384.7740     67573.4166     64757.3966     61908.5228     59069.1744     56242.7370     53432.1715     50639.6896     47867.7730     45118.1205     42392.6757     39692.5632     37019.1181     34373.6240     31738.8797     29106.5206     26510.5577     23950.3215     21425.0541     18933.3499     16473.9201     14044.9214     11644.6480      9270.9666      6921.8933      4595.1438      2288.6491         0.0000
          0.0000         1.2523     75505.3056     72723.4591     69928.8303     67100.8228     64275.3763     61455.9560     58645.8927     55847.7442     53064.5058     50298.3321     47551.7534     44826.4302     42124.3460     39446.5830     36795.6094     34143.0421     31499.4132     28891.1632     26318.2918     23779.9935     21275.5985     18803.7403     16363.2072     13952.2077     11569.1179      9211.8479      6878.4977      4566.7942      2274.7762         0.0000
          0.2410         1.2523     75499.1329     72711.7759     69909.0216     67075.5480     64245.9451     61422.9606     58609.9091     55809.3207     53024.1488     50256.5439     47509.0067     44783.1848     42081.0342     39403.6207     36753.9072     34090.0386     31448.6773     28843.0496     26273.1106     23738.0228     21237.0874     18768.9105     16332.2491     13925.2919     11546.4018      9193.4580      6864.5680      4557.4035      2270.2032         0.0000
          0.4820         1.2523     75499.0406     72711.5478     69908.6147     67075.0139     64245.2915     61422.2223     58609.0924     55808.4278     53023.1966     50255.5314     47507.9266     44782.0186     42079.7796     39402.2501     36752.4510     34088.0392     31446.5360     28840.7775     26270.7255     23735.5522     21234.5725     18766.3994     16329.8090     13922.9914     11544.3197      9191.6649      6863.1371      4556.3930      2269.6944         0.0000
          0.7230         1.2523     75499.0735     72711.6619     69908.7908     67075.2461     64245.5629     61422.5229     58609.4130     55808.7650     53023.5424     50255.8915     47508.3013     44782.4297     42080.2374     39402.7775     36753.0432     34088.8634     31447.4931     28841.8774     26271.9675     23736.9283     21236.0551     18767.9532     16331.3901     13924.5405     11545.7775      9192.9689      6864.2197      4557.1847      2270.1026         0.0000
          0.9640         1.2523     75501.3882     72717.5917     69921.7280     67095.1819     64273.0922     61458.0837     58653.1680     55860.6177     53083.1362     50322.6568     47581.4812     44861.0965     42163.3157     39489.1323     36840.4113     34202.8477     31562.2294     28954.1750     26380.2415     23839.6892     21331.9339     18855.7293     16409.9940     13993.0836     11603.5371      9239.4264      6899.0392      4580.2791      2281.3346         0.0000
         -1.0845         1.0436     76010.9110     73206.8235     70401.7246     67597.6117     64794.7851     61957.0686     59127.2669     56310.0809     53508.2489     50723.7364     47958.8814     45215.1850     42494.4803     39797.7815     37126.3716     34480.7093     31862.7448     29241.7259     26640.7651     24073.8459     21540.3371     19038.9820     16568.6492     14127.6909     11714.5907      9327.4285      6964.4127      4623.4763      2302.7403         0.0000
         -0.8435         1.0436     76008.4915     73200.6274     70390.6347     67580.7941     64767.5841     61920.5423     59082.4507     56257.1012     53447.4783     50655.7742     47884.4924     45135.3068     42410.1606     39710.1789     37036.6771     34390.7399     31759.3264     29127.3241     26530.2755     23968.7641     21442.0711     18948.7953     16487.6735     14056.8780     11654.7277      9279.1091      6928.0531      4599.2842      2290.7364         0.0000
         -0.6025         1.0436     76006.6201     73195.7997     70381.9856     67567.6194     64746.1884     61891.6831     59046.8399     56214.7873     53398.7006     50600.9358     47824.1698     45070.2215     42341.1494     39638.1823     36962.6873     34316.6514     31663.8978     29032.2344     26438.3067     23881.2053     21360.1192     18873.5322     16420.0606     13997.7328     11604.7180      9238.7398      6897.6704      4579.0685      2280.7072         0.0000
         -0.3615         1.0436     76006.5266     73195.5751     70381.5609     67566.9832     64745.1533     61890.2802     59045.1109     56212.7007     53396.2499     50598.1227     47820.9876     45066.6856     42337.2756     39633.9889     36958.2051     34312.0070     31657.6737     29025.9134     26431.9297     23874.8279     21353.8163     18867.4036     16414.2129     13992.2855     11599.8054      9234.5037      6894.2573      4576.6285      2279.4030         0.0000
         -0.1205         1.0436     76002.3231     73187.5774     70370.2127     67552.8069     64725.1724     61867.5697     59020.3353     56186.2539     53368.4928     50569.4170     47791.6697     45037.0686     42307.6605     39604.6629     36929.5043     34284.5610     31623.2810     28993.3390     26401.3581     23846.4312     21327.7398     18843.7746     16393.1468     13973.8986     11584.2072      9221.8043      6884.5757      4570.0697      2276.0896         0.0000
          0.1205         1.0436     75501.2893     72714.5570     69911.5540     67075.7163     64242.5831     61415.2881     58597.3801     55791.6145     53001.1703     50228.3809     47475.9145     44745.5786     42039.4365     39358.9165     36700.6221     34025.9731     31383.3249     28777.5678     26208.6411     23675.6749     21177.9102     18713.8833     16282.2666     13881.1366     11508.7438      9162.8293      6841.3312      4542.0887      2261.6163         0.0000
          0.3615         1.0436     75497.1744     72706.7781     69898.0924     67058.9717     64223.0938     61393.4726     58573.5993     55766.2263     52974.5128     50200.7651     47447.6421     44716.9299     42010.6927     39330.5831     36666.3380     33990.7632     31349.5837     28745.5134     26178.4853     23647.6052     21152.1112     18690.5154     16261.4832     13863.0619     11493.5028      9150.5102      6832.0021      4536.0506      2257.3289         0.0000
          0.6025         1.0436     75497.1744     72706.7907     69898.1592     67059.1168     64223.3705     61393.9100     58574.2599     55767.1368     52975.7054     50202.2659     47449.4748     44719.0954     42013.1866     39333.3663     36670.0249     33994.9057     31353.9087     28749.9658     26182.9946     23652.1049     21156.5301     18694.7766     16265.5093     13866.7799     11496.8277      9153.3546      6834.2730      4537.5836      2258.4586         0.0000
          0.8435         1.0436     75499.0406     72711.5415     69908.5601     67074.8978     64245.0977     61421.9270     58608.6865     55807.9054     53022.5543     50254.7730     47507.0818     44781.1178     42078.8431     39401.3321     36751.5900     34087.0423     31445.6888     28840.0891     26270.1951     23735.1742     21234.3305     18766.2679     16329.7579     13922.9849     11544.3331      9191.6748      6863.1297      4556.3704      2269.6720         0.0000
          1.0845         1.0436     75501.4278     72717.6550     69921.7827     67095.1935     64273.0090     61457.8619     58652.7565     55859.9706     53082.2269     50321.4674     47579.9981     44859.3298     42161.2880     39486.8763     36837.9921     34199.6802     31558.7772     28950.7112     26376.8417     23836.4234     21328.8674     18852.9177     16407.4854     13990.9162     11601.7450      9238.0240      6898.0290      4579.6451      2281.0430         0.0000
         -1.2050         0.8348     76010.8843     73206.7657     70401.6261     67597.4643     64794.5710     61956.7896     59126.9304     56309.6844     53507.7961     50723.2315     47958.3128     45214.5753     42493.8139     39797.0708     37125.6132     34479.9059     31861.9169     29240.6335     26639.6417     24072.7008     21539.1939     19037.8602     16567.5822     14126.7056     11713.7151      9326.6908      6963.8388      4623.0880      2302.5471         0.0000
         -0.9640         0.8348     76008.4848     73200.6082     70390.5854     67580.7116     64767.4489     61920.3386     59082.1452     56256.6910     53446.9489     50655.1113     47883.6948     45134.3766     42409.1099     39709.0216     37035.4346     34389.4418     31757.6814     29125.5523     26528.5003     23967.0199     21440.3916     18947.2174     16486.2300     14055.6075     11653.6605      9278.2642      6927.4343      4598.8893      2290.5500         0.0000
         -0.7230         0.8348     76006.5867     73195.7227     70381.8132     67567.3366     64745.6990     61890.9656     59045.8940     56213.5825     53397.2110     50599.1534     47822.0819     45067.8174     42338.4430     39635.1747     36959.3996     34313.1807     31659.1377     29027.3314     26433.3127     23876.1800     21355.1473     18868.7159     16415.5017     13993.5358     11600.9891      9235.5788      6895.1680      4577.3081      2279.7780         0.0000
         -0.4820         0.8348     76004.4147     73190.1447     70371.8495     67552.2299     64720.5234     61858.1649     59005.6495     56166.0225     53342.6783     50538.1901     47755.3959     44996.2687     42262.9981     39556.8800     36879.8215     34221.5787     31555.5030     28926.0368     26335.7444     23783.6328     21268.7906     18789.5829     16344.5056     13931.4478     11548.4525      9193.0965      6863.1218      4555.8891      2269.3136         0.0000
         -0.2410         0.8348     76004.3011     73189.8751     70371.3757     67551.5233     64719.3092     61856.5924     59003.6893     56163.6269     53339.8146     50534.8228     47751.5063     44991.8427     42258.0285     39551.3753     36873.8722     34213.7590     31546.8326     28917.0966     26326.6390     23774.4835     21259.7476     18780.8251     16336.2234     13923.8423     11541.7074      9187.3975      6858.6300      4552.7518      2267.7459         0.0000
          0.0000         0.8348     75998.0733     73178.0608     70354.6796     67530.7681     64689.7173     61823.5021     58967.6610     56125.2433     53299.6098     50493.3081     47709.1675     44949.1476     42215.4086     39509.2417     36833.1304     34164.6359     31497.8564     28870.7841     26283.2494     23734.2482     21222.8703     18747.4787     16306.5613     13897.9990     11519.8244      9169.6078      6845.0614      4543.7906      2262.4186         0.0000
          0.2410         0.8348     75497.0821     72705.1566     69892.7262     67048.9637     64207.4997     61371.6675     58545.2578     55731.2444     52933.0258     50153.1087     47394.3354     44658.6607     41948.2487     39265.5408     36581.1514     33901.1836     31259.8811     28657.0584     26092.6121     23565.5603     21075.0567     18619.5016     16197.4427     13806.7940     11445.7134      9111.6488      6803.3998      4511.3216      2243.9813         0.0000
          0.4820         0.8348     75495.0051     72701.2300     69885.9589     67040.6000     64197.8472     61360.9707     58533.7409     55719.1169     52920.4863     50140.3526     47381.5318     44645.9589     41935.7856     39253.5700     36566.1029     33886.9481     31246.5565     28644.7046     26081.2795     23555.2879     21065.8800     18611.4302     16190.4885     13800.9585     11440.9748      9107.9785      6800.8271      4508.9788      2242.7972         0.0000
          0.7230         0.8348     75497.1019     72706.5881     69897.7403     67058.4843     64222.4849     61392.7614     58572.8186     55765.3963     52973.6610     50199.9281     47446.8511     44716.1994     42010.0448     39330.0285     36665.8028     33990.3507     31349.2971     28745.3240     26178.3536     23647.4870     21151.9627     18690.2927     16261.1638     13862.6385     11492.9932      9149.9421      6831.4431      4535.6064      2256.9529         0.0000
          0.9640         0.8348     75499.0274     72711.5352     69908.5175     67074.8397     64245.0035     61421.7951     58608.5011     55807.6774     53022.2669     50254.4341     47506.6673     44780.6282     42078.2736     39400.6713     36750.8560     34085.9342     31444.5073     28838.8660     26268.9702     23733.9893     21233.2313     18765.3021     16328.9694     13922.4007     11543.9584      9191.4941      6863.1013      4556.4289      2269.7347         0.0000
          1.2050         0.8348     75501.3816     72717.5537     69921.6490     67095.0483     64272.8982     61457.8197     58652.8267     55860.1942     53082.6455     50322.1003     47580.8695     44860.4551     42162.6631     39488.4881     36839.8042     34202.1749     31561.5919     28953.6195     26379.7640     23839.2888     21331.5997     18855.4535     16409.7669     13992.8975     11603.3862      9239.3083      6898.9508      4580.2189      2281.3045         0.0000
         -1.3255         0.6261     76010.9043     73206.8107     70401.6876     67597.5704     64794.7231     61956.9988     59127.2006     56310.0132     53508.1895     50723.6889     47958.8286     45215.1317     42494.4126     39797.6885     37126.2360     34480.5184     31862.5012     29241.3434     26640.2802     24073.2627     21539.6643     19038.2418     16567.8769     14126.9265     11713.8726      9326.7995      6963.9088      4623.1282      2302.5635         0.0000
         -1.0845         0.6261     76008.5048     73200.6660     70390.6778     67580.8236     64767.5672     61920.4458     59082.2369     56256.7537     53446.9581     50655.0554     47883.5571     45134.1450     42408.7727     39708.5753     37034.8916     34388.8184     31756.8147     29124.5895     26527.5452     23966.1200     21439.5846     18946.5310     16485.6829     14055.1966     11653.3735      9278.0830      6927.3355      4598.8464      2290.5383         0.0000
         -0.8435         0.6261     76006.5733     73195.6842     70381.7579     67567.2483     64745.5471     61890.7568     59045.6143     56213.2356     53396.7965     50598.6767     47821.5570     45067.2685     42337.8911     39634.6378     36958.9047     34312.7518     31658.6902     29026.9804     26433.0314     23875.9390     21354.9093     18868.4397     16415.1594     13993.1143     11600.4988      9235.0552      6894.6698      4576.9078      2279.5497         0.0000
         -0.6025         0.6261     76004.3813     73190.0677     70371.7018     67551.9943     64720.0793     61857.5444     59004.8268     56164.9546     53341.3374     50536.5407     47753.4309     44993.9745     42260.3581     39553.8945     36876.5364     34217.1928     31550.5725     28920.8867     26330.4297     23778.2236     21263.3875     18784.2929     16339.4524     13926.7601     11544.2571      9189.5197      6860.2801      4553.8894      2268.3087         0.0000
         -0.3615         0.6261     76002.7240     73185.8446     70364.1586     67540.5614     64700.7711     61832.6666     58974.2604     56128.7790     53299.7868     50490.0066     47702.4083     44939.0840     42202.3188     39493.4586     36815.1727     34138.4138     31469.7714     28841.6193     26253.7941     23705.2552     21195.0625     18721.5028     16282.9897     13877.3064     11502.3796      9155.6594      6834.6940      4537.2372      2257.9113         0.0000
         -0.1205         0.6261     76000.5389     73181.6284     70358.1055     67532.9043     64689.7173     61820.1256     58960.3988     56113.7552     53283.7662     50473.1297     47684.8361     44920.9636     42183.8003     39474.7179     36796.6602     34114.5772     31446.5615     28819.2038     26232.3273     23684.9082     21175.9810     18703.8504     16266.9182     13862.9856     11489.9841      9145.3619      6826.7430      4531.9825      2254.1300         0.0000
          0.1205         0.6261     75499.5285     72708.6720     69896.8479     67051.5046     64207.3946     61368.1716     58537.8393     55719.5856     52916.9743     50132.7037     47369.7574     44630.2123     41916.3386     39231.1187     36532.9263     33850.7455     31208.1738     28605.0326     26041.2132     23515.7143     21027.6556     18575.3679     16157.3355     13771.3864     11415.5086      9087.7156      6780.9735      4494.4913      2235.0622         0.0000
          0.3615         0.6261     75493.4359     72697.2278     69877.1240     67027.1365     64179.2417     61336.8850     58504.0400     55683.8394     52879.8119     50094.6375     47331.2292     44591.6580     41878.1493     39194.1025     36485.8762     33805.7447     31165.4832     28564.8909     26003.8289     23481.2706     20996.3133     18547.2651     16132.5862     13750.0802     11397.6694      9073.9053      6766.3731      4484.7198      2229.9662         0.0000
          0.6025         0.6261     75494.9655     72701.1350     69885.7040     67040.1534     64197.1614     61359.9970     58532.4266     55717.4268     52918.3924     50137.8308     47378.5867     44642.6044     41932.0481     39249.5545     36560.4995     33881.1730     31240.6792     28638.8080     26075.4324     23549.5634     21060.3480     18606.1631     16185.5526     13796.4253     11436.9229      9104.5351      6798.1593      4506.3104      2241.2926         0.0000
          0.8435         0.6261     75497.1151     72706.6641     69897.8435     67058.6293     64222.6620     61392.9352     58572.9687     55765.4864     52973.6565     50199.8013     47446.5689     44715.7522     42009.4179     39329.2404     36664.5760     33988.8447     31347.6436     28743.5546     26176.5228     23645.6523     21150.1834     18688.6316     16259.6672     13861.3449     11491.9315      9149.1262      6830.8701      4535.2710      2256.7478         0.0000
          1.0845         0.6261     75499.0010     72711.4718     69908.4204     67074.7120     64244.8706     61421.6685     58608.4059     55807.6156     53022.2713     50254.5146     47506.8427     44780.9047     42078.6614     39401.1661     36751.4450     34086.8446     31445.5101     28839.9217     26270.0457     23735.0363     21234.2044     18766.1542     16329.6582     13922.9025     11544.2652      9191.6287      6863.1039      4556.3627      2269.6730         0.0000
          1.3255         0.6261     75501.4080     72717.6297     69921.7523     67095.1703     64273.0201     61457.9200     58652.8970     55860.2180     53082.5960     50321.9729     47580.6537     44860.1287     42162.2281     39487.9388     36839.1485     34201.1490     31560.3785     28952.3188     26378.4163     23837.9256     21330.2683     18854.1937     16408.6183     13991.8980     11602.5624      9238.6732      6898.5074      4579.9536      2281.1902         0.0000
         -1.4460         0.4174     76010.9043     73206.8171     70401.6815     67597.4997     64794.5316     61956.6608     59126.6805     56309.2927     53507.2289     50722.4719     47957.3422     45213.3789     42492.3992     39795.4403     37123.7884     34477.9231     31859.8421     29237.8107     26636.8087     24069.9229     21536.5344     19035.3891     16565.3527     14124.7642     11712.0941      9325.4026      6962.8872      4622.4628      2302.2378         0.0000
         -1.2050         0.4174     76008.4581     73200.5568     70390.4807     67580.5348     64767.1281     61919.8777     59081.5546     56255.9526     53446.0636     50654.0956     47882.5531     45133.1313     42407.7754     39707.6297     37034.0173     34388.0391     31756.0131     29123.8876     26526.9743     23965.6518     21439.1922     18946.1862     16485.3612     14054.8840     11653.0637      9277.7834      6927.0651      4598.6314      2290.4125         0.0000
         -0.9640         0.4174     76006.5199     73195.5815     70381.5917     67567.0362     64745.2546     61890.4462     59045.3499     56213.0332     53396.6781     50598.6553     47821.6256     45067.4200     42338.0786     39634.8453     36959.0880     34312.8872     31658.8092     29026.9922     26432.9227     23875.7191     21354.5897     18868.0515     16414.7410     13992.6994     11600.1168      9234.7254      6894.4088      4576.7205      2279.4471         0.0000
         -0.7230         0.4174     76004.3412     73190.0099     70371.6157     67551.8707     64719.8657     61857.3198     59004.5932     56164.7141     53341.0874     50536.2793     47753.1249     44993.6047     42259.9140     39553.3500     36875.8977     34216.2614     31549.4627     28919.6825     26329.1484     23776.8996     21262.0527     18782.9908     16338.2177     13925.6302     11543.2637      9188.6897      6859.6318      4553.4424      2268.0883         0.0000
         -0.4820         0.4174     76002.6906     73185.7612     70363.9740     67540.2376     64700.1419     61831.7954     58973.1190     56127.3329     53298.0259     50487.9156     47699.9976     44936.3552     42199.2928     39490.1688     36811.6991     34133.6779     31464.9519     28836.7619     26248.9284     23700.4243     21190.3061     18716.8798     16278.5725     13873.1823     11498.6523      9152.4461      6832.1201      4535.4998      2256.6433         0.0000
         -0.2410         0.4174     76001.2539     73182.0648     70357.3797     67530.2444     64683.3215     61810.1211     58946.4727     56095.7689     53261.7088     50447.1609     47655.2357     44888.1237     42148.2212     39436.9408     36757.7417     34062.3181     31394.0345     28767.2892     26181.8823     23636.7232     21130.8048     18662.3336     16229.6447     13830.4194     11462.5043      9123.1743      6810.6023      4517.2769      2246.6540         0.0000
          0.0000         0.4174     75994.9998     73170.2209     70340.6533     67509.4964     64653.7569     61777.1126     58910.6509     56057.7271     53222.0243     50406.3739     47613.8280     44846.5398     42106.8441     39396.3588     36715.1604     34013.0076     31346.9766     28722.7281     26140.0268     23597.7744     21094.9386     18629.7323     16200.4774     13804.8628     11440.7315      9105.4417      6797.5541      4504.8424      2240.1581         0.0000
          0.2410         0.4174     75494.1018     72697.5697     69876.0622     67023.6410     64172.6038     61326.6104     58489.7947     55665.4756     52857.3199     50068.1400     47301.0073     44558.0654     41841.9159     39149.3644     36433.3826     33751.9752     31111.3471     28511.2762     25951.6019     23431.2424     20949.2326     18503.8045     16093.3477     13715.5011     11368.8299      9046.2035      6741.7482      4467.0635      2221.1440         0.0000
          0.4820         0.4174     75493.3501     72697.0062     69876.6143     67026.3307     64178.0754     61335.3073     58502.0031     55681.3051     52876.7832     50091.0934     47327.2145     44587.1926     41873.3148     39189.0396     36479.0294     33798.8202     31158.5941     28558.1242     25997.2661     23474.9830     20990.3662     18541.7098     16127.4749     13745.4578     11393.6063      9070.6028      6762.7255      4481.9829      2228.5266         0.0000
          0.7230         0.4174     75494.9392     72701.0653     69885.5645     67039.9620     64196.9180     61359.7023     58532.0918     55717.0575     52917.9853     50137.3923     47378.1071     44642.0732     41931.4444     39248.8729     36559.4920     33880.0534     31239.4451     28637.4552     26073.9746     23548.0248     21058.7725     18604.6040     16184.0838     13795.1142     11435.8383      9103.7147      6797.6187      4505.8918      2241.1284         0.0000
          0.9640         0.4174     75497.1019     72706.6071     69897.7221     67058.4321     64222.3964     61392.6033     58572.5784     55765.0691     52973.2172     50199.3617     47446.1475     44715.3758     42009.0975     39328.9841     36664.3626     33988.7450     31347.6715     28743.7140     26176.7966     23646.0163     21150.6119     18689.0886     16260.1208     13861.7628     11492.2860      9149.3972      6831.0501      4535.3625      2256.7869         0.0000
          1.2050         0.4174     75499.0142     72711.4972     69908.4568     67074.7468     64244.9038     61421.6949     58608.4260     55807.6299     53022.2713     50254.5019     47506.8148     44780.8711     42078.6300     39401.1531     36751.4632     34086.8892     31445.6301     28840.1356     26270.3551     23735.4426     21234.7053     18766.7332     16330.2934     13923.5627     11544.9117      9192.2141      6863.5912      4556.7124      2269.8509         0.0000
          1.4460         0.4174     75501.4014     72717.6044     69921.7159     67095.1238     64272.9702     61457.8778     58652.8769     55860.2180     53082.6230     50322.0281     47580.7376     44860.2450     42162.3755     39488.1219     36839.3671     34201.4741     31560.7667     28952.7500     26378.8705     23838.3889     21330.7245     18854.6246     16409.0042     13992.2242     11602.8198      9238.8608      6898.6267      4580.0170      2281.2129         0.0000
         -1.5665         0.2087     76008.7655     73202.7141     70395.8498     67590.2246     64784.6172     61945.1154     59114.1437     56295.9603     53493.3050     50708.1435     47942.8040     45198.7870     42477.9157     39781.2030     37109.9349     34464.6138     31847.3675     29222.4537     26622.4542     24056.6295     21524.3399     19024.3242     16555.4553     14116.0760     11704.6702      9319.3125      6958.2070      4619.2736      2300.6139         0.0000
         -1.3255         0.2087     76006.3528     73196.5508     70384.8232     67573.5050     64757.5148     61908.6943     59069.4288     56243.0892     53432.6368     50640.2617     47868.4567     45118.9135     42393.5588     39693.5246     37020.1235     34374.6433     31740.1146     29107.7688     26511.7088     23951.3281     21425.8823     18933.9858     16474.3598     14045.1784     11644.7490      9270.9558      6921.8108      4595.0411      2288.5737         0.0000
         -1.0845         0.2087     76004.4615     73191.6530     70375.9971     67560.0209     64735.4228     61879.0005     59032.7205     56199.3803     53382.1606     50583.4310     47805.8782     45051.3105     42321.7983     39618.5701     36943.0432     34297.4948     31639.3830     29008.4913     26415.4922     23859.4761     21339.6378     18854.4829     16402.6279     13982.1152     11591.1337      9227.4162      6888.8436      4572.9731      2277.5717         0.0000
         -0.8435         0.2087     76002.2429     73186.0050     70365.9120     67544.7291     64709.6146     61845.7580     58991.9000     56151.0750     53326.6910     50521.3152     47737.7807     44978.0532     42244.3277     39537.9020     36860.8823     34198.4526     31531.3891     28902.5394     26313.0263     23761.8818     21248.2230     18770.4278     16326.9991     13915.8337     11534.9567      9181.9374      6854.4924      4549.9904      2266.4118         0.0000
         -0.6025         0.2087     76000.5523     73181.6477     70358.1116     67532.8984     64689.6668     61819.9867     58960.1554     56113.3999     53283.2809     50472.5058     47684.0733     44920.0685     42182.7854     39473.6070     36795.5186     34113.0657     31445.0534     28817.7549     26230.9904     23683.7169     21174.9698     18703.0245     16266.2816     13862.5181     11489.6591      9145.1577      6826.6362      4531.9346      2254.1055         0.0000
         -0.3615         0.2087     75997.1311     73174.2946     70346.4636     67516.7423     64664.1363     61788.7448     58923.3294     56071.2394     53236.1650     50420.9331     47628.6199     44861.3928     42121.6113     39410.7485     36732.3326     34030.4156     31363.4660     28738.2060     26154.4310     23611.0367     21107.0250     18640.6095     16210.1198     13813.2510     11447.8454      9111.1934      6801.8121      4508.9208      2242.3796         0.0000
         -0.1205         0.2087     75994.1914     73168.1361     70336.9217     67503.8043     64644.0931     61764.5408     58895.0837     56039.1302     53200.4611     50381.9853     47586.8426     44817.2488     42075.6251     39363.9032     36673.9141     33968.5784     31302.5629     28678.9739     26097.5820     23557.2519     21056.9311     18594.7634     16169.0263     13777.3433     11417.4256      9087.2889      6778.7796      4492.1683      2233.4702         0.0000
          0.1205         0.2087     75495.2688     72699.1782     69877.8035     67024.4293     64171.8965     61324.0344     58485.0894     55658.4830     52847.9929     50056.5114     47287.1998     44542.2698     41824.5303     39126.2488     36407.4592     33725.1150     31084.0416     28484.0009     25924.8197     23405.3975     20924.7398     18481.0469     16072.6769     13697.1625     11353.7278      9028.6551      6728.3658      4457.5720      2216.3955         0.0000
          0.3615         0.2087     75491.9986     72693.5426     69869.0131     67014.7852     64162.1883     61314.8362     58476.8631     55651.5677     52842.6347     50052.8508     47285.2929     44542.0886     41825.9631     39129.8090     36413.1048     33732.3339     31092.4645     28493.2564     25934.5478     23415.2489     20934.4000     18490.2198     16081.1092     13704.6651     11359.8523      9035.7541      6733.8577      4461.3503      2218.2551         0.0000
          0.6025         0.2087     75493.3238     72696.9428     69876.4930     67026.1626     64177.8820     61335.0969     58501.7735     55681.0782     52876.5599     50090.8745     47327.0128     44587.0184     41873.1660     39188.9269     36478.9699     33798.8202     31158.6342     28558.1857     25997.3279     23475.0163     20990.3366     18541.5974     16127.2605     13745.1387     11393.2057      9070.1812      6762.1532      4481.4691      2228.2184         0.0000
          0.8435         0.2087     75494.9392     72701.0843     69885.6191     67040.0780     64197.1061     61359.9917     58532.4966     55717.6067     52918.6877     50138.2567     47379.1455     44643.2916     41932.8428     39250.4266     36561.7283     33882.4687     31241.9890     28640.0990     26076.6746     23550.7412     21061.4476     18607.1809     16186.4868     13797.2735     11437.6813      9105.1719      6798.6607      4506.8149      2241.5729         0.0000
          1.0845         0.2087     75497.1349     72706.6831     69897.8738     67058.6526     64222.6620     61392.9089     58572.9037     55765.3869     52973.5086     50199.6111     47446.3423     44715.4988     42009.1498     39328.9776     36664.2573     33988.5457     31347.3951     28743.3767     26176.4204     23645.6186     21150.2101     18688.7093     16259.7800     13861.4834     11492.0813      9149.2737      6830.9990      4535.3625      2256.8114         0.0000
          1.3255         0.2087     75499.0076     72711.4908     69908.4568     67074.7758     64244.9703     61421.8162     58608.6114     55807.8864     53022.6037     50254.9128     47507.3089     44781.4318     42079.2520     39401.8204     36752.1338     34087.7774     31446.4722     28840.9054     26271.0286     23736.0002     21235.1339     18767.0330     16330.4761     13923.6450     11544.9207      9192.1723      6863.5221      4556.6382      2269.8018         0.0000
          1.5665         0.2087     75501.4014     72717.5980     69921.6673     67095.0251     64272.8039     61457.6402     58652.5507     55859.8136     53082.1459     50321.4844     47580.1420     44859.6074     42161.7089     39487.4353     36838.6750     34200.6444     31559.9030     28951.9110     26378.0768     23837.6549     21330.0596     18854.0387     16408.5061     13991.8170     11602.5019      9238.6296      6898.4739      4579.9318      2281.1802         0.0000
         -1.4460         0.0000     75505.3452     72723.5732     69929.0734     67101.2353     64275.9695     61456.7479     58646.9061     55848.9714     53065.9319     50299.9406     47553.5142     44828.3104     42126.3177     39448.6060     36797.6233     34145.6515     31501.9535     28893.6254     26320.6897     23782.3234     21277.8581     18805.9188     16365.2864     13954.1607     11570.9053      9213.4232      6879.7990      4567.7551      2275.2967         0.0000
         -1.2050         0.0000     75998.2603     73179.9601     70359.5449     67539.6784     64706.6365     61847.1000     58998.3678     56163.1988     53344.7195     50545.2732     47767.4596     45013.0828     42284.1478     39581.8378     36907.7657     34259.2852     31597.9683     28969.8072     26379.7067     23826.7288     21310.0455     18828.1252     16379.5647     13962.3803     11574.7336      9214.3389      6879.0671      4566.4549      2274.3382         0.0000
         -0.9640         0.0000     75503.2875     72716.9138     69913.1938     67074.5262     64237.3608     61405.2244     58581.9429     55770.5185     52974.3425     50195.9760     47438.2705     44703.1929     41992.9404     39309.5081     36636.6986     33955.9771     31312.4507     28707.0825     26139.7954     23609.6284     21115.7605     18656.5997     16230.7064     13836.0058     11470.6146      9132.0823      6818.4954      4525.8578      2251.2953         0.0000
         -0.7230         0.0000     75994.3918     73170.0285     70341.8091     67512.7663     64661.1455     61788.3499     58926.0542     56077.4441     53246.0417     50434.5321     47645.8581     44882.0444     42145.3642     39437.1397     36760.8576     34069.8490     31404.3136     28779.6448     26195.6379     23651.2229     21145.4204     18676.5002     16242.8565     13842.2630     11472.6472      9131.4165      6816.6055      4522.9141      2249.3864         0.0000
         -0.4820         0.0000     75498.2295     72705.3530     69889.5093     67040.3158     64191.9354     61348.1784     58513.1978     55690.3323     52883.2921     50094.9027     47328.2587     44585.5252     41869.1144     39182.5486     36467.6903     33784.9987     31142.8775     28541.1132     25979.5777     23457.1980     20973.0351     18525.3359     16112.5001     13732.2258     11382.5245      9061.9500      6753.6701      4475.6434      2225.4662         0.0000
         -0.2410         0.0000     75495.3018     72699.2732     69878.0765     67024.9047     64172.6259     61325.0595     58486.4515     55660.1932     52850.0677     50058.9368     47289.9559     44545.3208     41827.8033     39130.5346     36412.1499     33729.8446     31088.7251     28488.5632     25929.1907     23409.5169     20928.5483     18484.4937     16075.7208     13699.7730     11355.8049      9030.9864      6730.1565      4458.7016      2216.9220         0.0000
          0.0000         0.0000     75492.7106     72694.0175     69868.3095     67011.8936     64156.4378     61305.7878     58464.2264     55635.2170     52822.5724     50029.2145     47258.3354     44512.1340     41793.7182     39087.6136     36366.3300     33684.3107     31043.9925     28445.1254     25887.5500     23370.1398     20891.8923     18450.9768     16045.7203     13673.5694     11334.4714      9006.8200      6710.8119      4445.8959      2210.5982         0.0000
          0.2410         0.0000     75491.1678     72691.4406     69864.4580     67007.9073     64152.7482     61302.6882     58461.9629     55633.9426     52822.4074     50030.2137     47260.4965     44515.4431     41798.0688     39094.2046     36374.5727     33693.5931     31054.0785     28455.7568     25898.4386     23380.9996     20902.4342     18460.9216     16054.8074     13681.5811     11340.9902      9014.1791      6716.6662      4449.7029      2212.4195         0.0000
          0.4820         0.0000     75491.9656     72693.4856     69868.9524     67014.7678     64162.2436     61315.0043     58477.1674     55652.0306     52843.2682     50053.6661     47286.2838     44543.2498     41827.2577     39131.5588     36415.0621     33734.3436     31094.4829     28495.2425     25936.4598     23417.0627     20936.0877     18491.7741     16082.5235     13705.9359     11360.9581      9036.9684      6734.7995      4462.0439      2218.6055         0.0000
          0.7230         0.0000     75493.3238     72696.9492     69876.5719     67026.3249     64178.1528     61335.5282     58502.3975     55681.9198     52877.6275     50092.2003     47328.5870     44588.8452     41875.2145     39191.1393     36482.0923     33802.0425     31161.9317     28561.5242     26000.6821     23478.3668     20993.6564     18544.8548     16130.4198     13748.1448     11395.9847      9072.5278      6764.8446      4483.5473      2229.3343         0.0000
          0.9640         0.0000     75494.9853     72701.1920     69885.8315     67040.3680     64197.4987     61360.4865     58533.1063     55718.3310     52919.5288     50139.2266     47380.2554     44644.5360     41934.2412     39251.9482     36563.8153     33884.6395     31244.2562     28642.4452     26079.0889     23553.1976     21063.9166     18609.6248     16188.8680     13799.5475     11439.8033      9107.0532      6800.1750      4508.3933      2242.5046         0.0000
          1.2050         0.0000     75497.1481     72706.7084     69897.9224     67058.7454     64222.8392     61393.2250     58573.4141     55766.1504     52974.5980     50201.0780     47448.2344     44717.8542     42011.9744     39332.2309     36668.7558     33993.7454     31352.9599     28749.2263     26182.4656     23651.7596     21156.3382     18694.7004     16265.5106     13866.8218     11496.8836      9153.3975      6834.2944      4537.5846      2258.4488         0.0000
          1.4460         0.0000     75499.0406     72711.5668     69908.6451     67075.0719     64245.3912     61422.3752     58609.3078     55808.7175     53023.5514     50255.9593     47508.4288     44782.5979     42080.4366     39403.0086     36753.2788     34089.2059     31447.8325     28842.1961     26272.2664     23737.2043     21236.3140     18768.1955     16331.6151     13924.7454     11545.9573      9193.1128      6864.3225      4557.2436      2270.1240         0.0000
         -1.5665        -0.2087     75501.4805     72717.7818     69922.0743     67095.6583     64273.6798     61458.7701     58653.9508     55861.4838     53084.0771     50323.6720     47582.5645     44862.2406     42164.5226     39490.3781     36841.6741     34204.3812     31563.8080     28955.6938     26381.6955     23841.0773     21333.2554     18856.9848     16411.1841     13994.2016     11604.5689      9240.3516      6899.8190      4580.8672      2281.6671         0.0000
         -1.3255        -0.2087     75501.1442     72715.5389     69915.5200     67083.5895     64255.2409     61433.3150     58621.1251     55821.2072     53036.5397     50269.2872     47521.9430     44796.1743     42093.9474     39416.3249     36766.1265     34105.4934     31463.3653     28856.8904     26286.0329     23749.9539     21247.9756     18778.6982     16340.8997     13932.7719     11552.6832      9198.5173      6868.3817      4559.9619      2271.4376         0.0000
         -1.0845        -0.2087     75499.2780     72710.7940     69905.0685     67067.6999     64233.3131     61404.9556     58586.1532     55779.6316     52988.5671     50215.2692     47462.4145     44731.7867     42025.4622     39345.0028     36683.5638     34008.2344     31366.1190     28761.0229     26192.8986     23660.8541     21164.1479     18701.2937     16270.9661     13871.2272     11500.3257      9155.9836      6836.1199      4538.7032      2259.2097         0.0000
         -0.8435        -0.2087     75497.0887     72705.1756     69892.7687     67049.0218     64207.5882     61371.7886     58545.4078     55731.4196     52933.2048     50153.3070     47394.5575     44658.8875     41948.4813     39265.7606     36581.4237     33901.4508     31260.1408     28657.3063     26092.8342     23565.7615     21075.2422     18619.6789     16197.6251     13806.9976     11445.9410      9111.8862      6803.6027      4511.5524      2244.1190         0.0000
         -0.6025        -0.2087     75495.4139     72700.9260     69883.4587     67034.8996     64188.1256     61346.6685     58514.4814     55694.7453     52891.0047     50105.9300     47342.4859     44602.7197     41888.8916     39204.2966     36498.6686     33817.7278     31176.5939     28575.0733     26013.0488     23489.5051     21003.5547     18553.5181     16137.8605     13754.4032     11401.1100      9076.4134      6768.8705      4486.3611      2230.7095         0.0000
         -0.3615        -0.2087     75492.0579     72693.6946     69869.3346     67015.2430     64162.7684     61315.5141     58477.6113     55652.3612     52843.4466     50053.6535     47286.0588     44542.8060     41826.6121     39130.5313     36413.7453     33732.8411     31092.8612     28493.5673     25934.8022     23415.4807     20934.6320     18490.4822     16081.4141     13705.0201     11360.2272      9036.3149      6734.3598      4461.7707      2218.4934         0.0000
         -0.1205        -0.2087     75491.1942     72691.5102     69864.5429     67007.9594     64152.7261     61302.5779     58461.7236     55633.5650     52821.8770     50029.5210     47259.6526     44514.4570     41796.9518     39092.6535     36372.7913     33691.7188     31052.1449     28453.8055     25896.5137     23379.1437     20900.6933     18459.3339     16053.4153     13680.4005     11340.0617      9013.1930      6715.9377      4449.2771      2212.2480         0.0000
          0.1205        -0.2087     75491.1547     72691.3646     69864.2700     67007.5828     64152.2291     61301.9528     58460.9509     55632.6257     52820.7493     50028.1942     47258.1067     44512.6806     41794.9592     39089.9876     36369.7054     33688.3924     31048.5968     28450.0803     25892.6629     23375.2385     20896.8120     18455.5708     16049.8724     13677.1771     11337.3564      9010.0735      6713.4318      4447.6277      2211.4499         0.0000
          0.3615        -0.2087     75491.9524     72693.4096     69868.7705     67014.4201     64161.6801     61314.1688     58476.0301     55650.5618     52841.4436     50051.4808     47283.7611     44540.4136     41824.1851     39127.5906     36410.7206     33729.9400     31090.0945     28490.9414     25932.3120     23413.1172     20932.3908     18488.3561     16079.4126     13703.1477     11358.6324      9034.2396      6732.7170      4460.5154      2217.8205         0.0000
          0.6025        -0.2087     75493.3040     72696.9112     69876.4566     67026.1336     64177.8377     61335.0443     58501.6886     55680.9411     52876.3366     50090.5462     47326.5382     44586.3737     41872.3286     39187.8996     36477.4014     33796.9971     31156.5848     28555.9651     25994.9968     23472.6445     20988.0080     18539.3903     16125.2501     13743.3853     11391.7696      9069.1049      6761.1036      4480.7941      2227.9256         0.0000
          0.8435        -0.2087     75494.9260     72701.0590     69885.5887     67040.0316     64197.0673     61359.9549     58532.4666     55717.5735     52918.6609     50138.2441     47379.1495     44643.3064     41932.8740     39250.4719     36561.8359     33882.5457     31242.0243     28640.0600     26076.5398     23550.4918     21061.0788     18606.7061     16185.9218     13796.6541     11437.0555      9104.5962      6798.1836      4506.3247      2241.2949         0.0000
          1.0845        -0.2087     75497.1151     72706.6577     69897.8253     67058.5829     64222.5679     61392.7930     58572.7586     55765.2304     52973.3427     50199.4420     47446.1912     44715.3721     42009.0592     39328.9387     36664.3054     33988.6896     31347.6461     28743.7347     26176.8781     23646.1663     21150.8254     18689.3596     16260.4376     13862.1012     11492.6272      9149.7118      6831.3163      4535.5478      2256.9226         0.0000
          1.3255        -0.2087     75499.0274     72711.5352     69908.4993     67074.7817     64244.8983     61421.6264     58608.2606     55807.3354     53021.8267     50253.8707     47505.9939     44779.8358     42077.3721     39399.6753     36749.7927     34084.4307     31442.9381     28837.2571     26267.3476     23732.3773     21231.6600     18763.7915     16327.5472     13921.0981     11542.8042      9190.5206      6862.3428      4555.9121      2269.4857         0.0000
          1.5665        -0.2087     75501.3948     72717.5790     69921.6430     67094.9960     64272.7651     61457.5979     58652.5006     55859.7517     53082.0873     50321.4334     47580.1180     44859.6224     42161.7896     39487.5923     36838.9148     34201.0733     31560.4788     28952.5906     26378.8302     23838.4575     21330.8687     18854.8214     16409.2261     13992.4410     11603.0086      9239.0068      6898.7246      4580.0683      2281.2296         0.0000
         -1.4460        -0.4174     75501.4673     72717.7754     69922.0318     67095.5827     64273.5468     61458.5800     58653.6798     55861.1126     53083.6089     50323.0943     47581.8809     44861.4603     42163.6560     39489.4625     36840.7391     34203.1981     31562.6228     28954.6133     26380.7212     23840.2040     21332.4682     18856.2661     16410.5116     13993.5632     11603.9635      9239.7858      6899.3207      4580.4748      2281.4371         0.0000
         -1.2050        -0.4174     75499.0801     72711.6555     69908.7726     67075.1938     64245.4688     61422.3647     58609.1775     55808.4421     53023.1157     50255.3577     47507.6557     44781.6635     42079.3393     39401.7521     36751.9103     34087.2818     31445.7679     28840.0101     26269.9867     23734.8605     21233.9490     18765.8648     16329.3770     13922.6684     11544.1060      9191.5494      6863.0976      4556.3993      2269.7102         0.0000
         -0.9640        -0.4174     75497.1546     72706.7211     69897.9710     67058.7918     64222.8558     61393.1513     58573.2140     55765.7662     52973.9749     50200.1564     47446.9664     44716.1920     42009.9020     39329.7625     36665.3127     33989.6807     31348.5261     28744.5063     26177.5364     23646.7216     21151.2923     18689.7566     16260.7709     13862.3892     11492.8780      9149.9295      6831.4948      4535.6737      2257.0269         0.0000
         -0.7230        -0.4174     75494.9985     72701.2300     69885.9104     67040.4492     64197.5540     61360.4759     58532.9813     55718.0517     52919.0769     50138.5477     47379.3279     44643.3287     41932.7248     39250.1521     36561.1752     33881.6764     31240.9840     28638.9066     26075.3349     23549.2936     21059.9330     18605.6448     16184.9801     13795.8495     11436.3981      9104.0964      6797.8327      4506.0232      2241.1561         0.0000
         -0.4820        -0.4174     75493.3304     72696.9428     69876.5476     67026.2727     64178.0422     61335.3336     58502.1080     55681.5084     52877.0825     50091.4932     47327.6971     44587.7447     41873.8892     39189.6063     36479.8151     33799.4854     31159.0902     28558.4160     25997.3300     23474.8166     20989.9704     18541.1158     16126.7245     13744.6053     11392.7388      9069.8168      6761.8004      4481.2552      2228.1379         0.0000
         -0.2410        -0.4174     75491.9788     72693.4983     69868.9524     67014.7040     64162.0778     61314.6995     58476.6985     55651.3741     52842.4295     50052.6449     47285.1073     44541.9592     41825.9147     39129.9117     36413.3806     33732.7893     31093.1231     28494.1212     25935.6105     23416.4887     20935.7805     18491.7053     16082.6462     13706.2006     11361.2968      9037.4862      6735.2789      4462.4460      2218.8286         0.0000
          0.0000        -0.4174     75491.9590     72693.4540     69868.8979     67014.6635     64162.0668     61314.7100     58476.7185     55651.3883     52842.3983     50052.5272     47284.8468     44541.4896     41825.2035     39128.7142     36411.7258     33730.7170     31090.6333     28491.2364     25932.3817     23412.9940     20932.1115     18487.9633     16078.9492     13702.6522     11358.1736      9033.6434      6732.2243      4460.1447      2217.6341         0.0000
          0.2410        -0.4174     75491.9590     72693.4540     69868.9221     67014.6983     64162.1165     61314.7994     58476.8681     55651.6055     52842.7150     50052.9685     47285.4468     44542.2772     41826.1944     39130.2006     36413.5496     33732.7702     31092.8886     28493.6672     25934.9396     23415.6223     20934.7610     18490.5811     16081.4810     13705.0526     11360.2879      9036.2300      6734.2903      4461.7046      2218.4442         0.0000
          0.4820        -0.4174     75493.2974     72696.8732     69876.3838     67026.0060     64177.6609     61334.8130     58501.4390     55680.6810     52876.1043     50090.3652     47326.4473     44586.3885     41872.4774     39188.1733     36477.9580     33797.7060     31157.4291     28556.9066     25996.0005     23473.6760     20989.0228     18540.3518     16126.1262     13744.1468     11392.3931      9069.5643      6761.5396      4481.0534      2228.0225         0.0000
          0.7230        -0.4174     75494.9194     72701.0273     69885.5098     67039.8808     64196.8185     61359.5707     58531.9369     55716.8918     52917.8064     50137.2109     47377.9446     44641.9506     41931.3923     39248.9052     36559.7312     33880.4220     31239.9463     28638.0857     26074.7232     23548.8694     21059.6784     18605.5316     16184.9814     13795.9325     11436.5421      9104.2577      6797.9934      4506.2082      2241.2651         0.0000
          0.9640        -0.4174     75497.0887     72706.5627     69897.6431     67058.3160     64222.2192     61392.3715     58572.2732     55764.6660     52972.7241     50198.7657     47445.4479     44714.5634     42008.1746     39327.9755     36663.0517     33987.2695     31346.1271     28742.1318     26175.2105     23644.4632     21149.1312     18687.7148     16258.8867     13860.6971     11491.4123      9148.7233      6830.5774      4535.0851      2256.6159         0.0000
          1.2050        -0.4174     75498.9944     72711.4401     69908.3779     67074.6539     64244.7875     61421.5525     58608.2456     55807.3877     53021.9614     50254.1037     47506.3206     44780.2694     42077.9067     39400.3035     36750.5025     34085.5444     31444.1526     28838.5545     26268.7155     23733.7927     21233.0868     18765.1973     16328.8825     13922.3172     11543.8628      9191.3800      6862.9785      4556.3174      2269.6680         0.0000
          1.4460        -0.4174     75501.3354     72717.4523     69921.4789     67094.8276     64272.6598     61457.5821     58652.6310     55860.0562     53082.5915     50322.1385     47581.0134     44860.6914     42162.9859     39488.8936     36840.2565     34202.8000     31562.2809     28954.3133     26380.4347     23839.9180     21332.1748     18855.9664     16410.2134     13993.2763     11603.6961      9239.5510      6899.1280      4580.3337      2281.3592         0.0000
         -1.3255        -0.6261     75501.4080     72717.6297     69921.7827     67095.2400     64273.1365     61458.0837     58653.1077     55860.4702     53082.8886     50322.2999     47580.9974     44860.4813     42162.5649     39488.2462     36839.4156     34201.4853     31560.6690     28952.5438     26378.5755     23838.0381     21330.3497     18854.2563     16408.6751     13991.9517     11602.6175      9238.7298      6898.5623      4580.0011      2281.2207         0.0000
         -1.0845        -0.6261     75499.0472     72711.5858     69908.6269     67075.0081     64245.2306     61422.0746     58608.8468     55808.0763     53022.7340     50254.9679     47507.2731     44781.3084     42079.0318     39401.5112     36751.7501     34087.1815     31445.7934     28840.1566     26270.2204     23735.1534     21234.2616     18766.1572     16329.6134     13922.8158     11544.1507      9191.4884      6862.9611      4556.2349      2269.5965         0.0000
         -0.8435        -0.6261     75497.1085     72706.6134     69897.7767     67058.5133     64222.4904     61392.7087     58572.6785     55765.1497     52973.2710     50199.3786     47446.1197     44715.2827     42008.9269     39328.7344     36664.0138     33988.2329     31346.9842     28742.8593     26175.7872     23644.8795     21149.3830     18687.8188     16258.8677     13860.5843     11491.2519      9148.5323      6830.3953      4534.9398      2256.4922         0.0000
         -0.6025        -0.6261     75494.9853     72701.1857     69885.7647     67040.2114     64197.1946     61359.9759     58532.3267     55717.2327     52918.0838     50137.3965     47378.0278     44641.9060     41931.2153     39248.6016     36559.0765     33879.6518     31239.0875     28637.1709     26073.7984     23547.9727     21058.8436     18604.7898     16184.3499     13795.4185     11436.1471      9103.9699      6797.7939      4506.0246      2241.1707         0.0000
         -0.3615        -0.6261     75493.3370     72696.9618     69876.6022     67026.3713     64178.2136     61335.5755     58502.4474     55681.9623     52877.6632     50092.2214     47328.5870     44588.8156     41875.1557     39191.0427     36481.9226     33801.8399     31161.7037     28561.2848     26000.4430     23478.1356     20993.4412     18544.6572     16130.2365     13747.9726     11395.8322      9072.3863      6764.6690      4483.3986      2229.2476         0.0000
         -0.1205        -0.6261     75493.3238     72696.9428     69876.4991     67026.1742     64177.8820     61335.0864     58501.7385     55680.9978     52876.4080     50090.6430     47326.6648     44586.5330     41872.5189     39188.1154     36477.6722     33797.2872     31156.8954     28556.2751     25995.3039     23472.9495     20988.3117     18539.6974     16125.5629     13743.6969     11392.0840      9069.3760      6761.4190      4481.0409      2228.0563         0.0000
          0.1205        -0.6261     75493.2974     72696.8668     69876.3353     67025.8959     64177.4564     61334.4922     58500.9498     55680.0049     52875.2199     50089.2626     47325.1224     44584.8694     41870.7924     39186.3798     36475.5415     33795.2946     31155.1143     28554.7637     25994.0900     23472.0475     20987.7075     18539.3543     16125.4320     13743.7191     11392.1972      9069.5160      6761.6220      4481.2016      2228.1381         0.0000
          0.3615        -0.6261     75493.3238     72696.9555     69876.5901     67026.3655     64178.2302     61335.6386     58502.5573     55682.1183     52877.8731     50092.4781     47328.8718     44589.1194     41875.4498     39191.3164     36482.2351     33802.0590     31161.7964     28561.2278     26000.2224     23477.7491     20992.9073     18544.0083     16129.5158     13747.2360     11395.1378      9071.8112      6764.0571      4482.9769      2229.0532         0.0000
          0.6025        -0.6261     75494.9392     72701.0717     69885.5827     67039.9736     64196.9070     61359.6444     58531.9568     55716.8208     52917.6319     50136.8863     47377.4531     44641.2634     41930.4971     39247.8199     36558.0422     33878.5269     31237.8963     28635.9443     26072.5668     23546.7691     21057.7013     18603.7360     16183.4059     13794.5992     11435.4592      9103.4360      6797.4110      4505.6912      2241.0113         0.0000
          0.8435        -0.6261     75497.0821     72706.5691     69897.6917     67058.4379     64222.4462     61392.7087     58572.7385     55765.2683     52973.4503     50199.6153     47446.4059     44715.5994     42009.2717     39329.0976     36664.4317     33988.6675     31347.4052     28743.2520     26176.1488     23645.1984     21149.6548     18688.0429     16259.0438     13860.7239     11491.3520      9148.6180      6830.4652      4534.9950      2256.5401         0.0000
          1.0845        -0.6261     75498.9548     72711.3705     69908.2625     67074.5204     64244.6490     61421.4312     58608.1654     55807.3734     53022.0333     50254.2943     47506.6514     44780.7440     42078.5496     39401.1140     36751.4511     34087.0089     31445.7347     28840.2100     26270.3761     23735.3973     21234.5843     18766.5412     16330.0403     13923.2711     11544.6059      9191.9200      6863.3320      4556.5132      2269.7430         0.0000
          1.3255        -0.6261     75501.3420     72717.4840     69921.5093     67094.8508     64272.6265     61457.4765     58652.3952     55859.6756     53082.0378     50321.4164     47580.1140     44859.6336     42161.7931     39487.5890     36838.8996     34201.0817     31560.4634     28952.5414     26378.7495     23838.3507     21330.7533     18854.7021     16409.1151     13992.3479     11602.9418      9238.9668      6898.7123      4580.0757      2281.2439         0.0000
         -1.2050        -0.8348     75501.4080     72717.6234     69921.7523     67095.1703     64273.0090     61457.8936     58652.8468     55860.1419     53082.4880     50321.8454     47580.5177     44859.9974     42162.1194     39487.8702     36839.1303     34201.2807     31560.6305     28952.6820     26378.8811     23838.4766     21330.8839     18854.8437     16409.2700     13992.5133     11603.1089      9239.1250      6898.8438      4580.1669      2281.2862         0.0000
         -0.9640        -0.8348     75499.0406     72711.5668     69908.5965     67074.9442     64245.1475     61421.9691     58608.7015     55807.9054     53022.5184     50254.7137     47506.9861     44780.9944     42078.6964     39401.1629     36751.4088     34086.7500     31445.4132     28839.8403     26269.9804     23735.0004     21234.1944     18766.1734     16329.7055     13922.9730     11544.3608      9191.7272      6863.1982      4556.4344      2269.7110         0.0000
         -0.7230        -0.8348     75497.1217     72706.6387     69897.7949     67058.5307     64222.4904     61392.6876     58572.6385     55765.0834     52973.1858     50199.2687     47445.9766     44715.1075     42008.7179     39328.4879     36663.6139     33987.7678     31346.5100     28742.3835     26175.3296     23644.4482     21148.9962     18687.4805     16258.5865     13860.3619     11491.0898      9148.4312      6830.3489      4534.9315      2256.5105         0.0000
         -0.4820        -0.8348     75494.9985     72701.2300     69885.9286     67040.5304     64197.7255     61360.7759     58533.4411     55718.7050     52919.9494     50139.6820     47380.7350     44645.0338     41934.7444     39252.4586     36564.5090     33885.3136     31244.9011     28643.0599     26079.6676     23553.7355     21064.4161     18610.0809     16189.2813     13799.9106     11440.1282      9107.3183      6800.3746      4508.5805      2242.6023         0.0000
         -0.2410        -0.8348     75494.9457     72701.1033     69885.6555     67040.1186     64197.1558     61360.0286     58532.5116     55717.5830     52918.6161     50138.1302     47378.9513     44643.0204     41932.4957     39250.0035     36561.0556     33881.6737     31241.0797     28639.0694     26075.5319     23549.4964     21060.1149     18605.7871     16185.0693     13795.8772     11436.3806      9104.0345      6797.7479      4505.8836      2241.0442         0.0000
          0.0000        -0.8348     75494.9326     72701.0843     69885.6373     67040.1012     64197.1448     61360.0391     58532.5515     55717.6587     52918.7325     50138.2947     47379.1693     44643.2841     41932.8081     39250.3620     36561.6206     33882.2844     31241.7371     28639.7551     26076.2266     23550.1718     21060.7498     18606.3562     16185.5539     13796.2614     11436.6649      9104.2187      6797.8580      4505.9711      2241.0880         0.0000
          0.2410        -0.8348     75494.9326     72701.0527     69885.5523     67039.9446     64196.9070     61359.6812     58532.0568     55717.0149     52917.9316     50137.3248     47378.0397     44642.0063     41931.3888     39248.8309     36559.5010     33880.0479     31239.4174     28637.4001     26073.8979     23547.9318     21058.6617     18604.4893     16183.9658     13794.9971     11435.7347      9103.6153      6797.5231      4505.7777      2241.0452         0.0000
          0.4820        -0.8348     75494.9457     72701.1160     69885.7404     67040.2752     64197.4213     61360.4444     58533.1063     55718.3925     52919.6809     50139.4796     47380.6240     44645.0487     41934.8902     39252.7365     36565.1489     33886.1253     31245.8560     28644.1288     26080.7961     23554.8709     21065.4979     18611.0584     16190.1028     13800.5496     11440.5682      9107.5805      6800.4904      4508.6166      2242.5784         0.0000
          0.7230        -0.8348     75497.1019     72706.6324     69897.7828     67058.5249     64222.5126     61392.7403     58572.7335     55765.2209     52973.3651     50199.4970     47446.2668     44715.4615     42009.1463     39328.9874     36664.3115     33988.6066     31347.4483     28743.4091     26176.4225     23645.5942     21150.1684     18688.6536     16259.7255     13861.4319     11492.0414      9149.2414      6830.9755      4535.3466      2256.8028         0.0000
          0.9640        -0.8348     75498.9614     72711.3958     69908.3293     67074.6423     64244.8373     61421.7055     58608.5262     55807.8389     53022.5947     50254.9382     47507.3568     44781.5028     42079.3114     39401.8530     36752.1368     34087.7802     31446.3701     28840.6705     26270.6540     23735.4880     21234.4885     18766.2739     16329.6313     13922.7540     11544.0336      9191.3474      6862.8242      4556.1270      2269.5399         0.0000
          1.2050        -0.8348     75501.3090     72717.4079     69921.4121     67094.7463     64272.5323     61457.4026     58652.3701     55859.7041     53082.1188     50321.5353     47580.2699     44859.8062     42161.9650     39487.7394     36839.0089     34201.1910     31560.5019     28952.4969     26378.6455     23838.2058     21330.5905     18854.5470     16408.9874     13992.2593     11602.8975      9238.9596      6898.7283      4580.0982      2281.2569         0.0000
         -1.0845        -1.0436     75501.4080     72717.6550     69921.8070     67095.2749     64273.1698     61458.1259     58653.1529     55860.5273     53082.9606     50322.3934     47581.1334     44860.6501     42162.7894     39488.5339     36839.7617     34201.9563     31561.2294     28953.1461     26379.1931     23838.6367     21330.8941     18854.7140     16409.0222     13992.1783     11602.7187      9238.7198      6898.4707      4579.8745      2281.1209         0.0000
         -0.8435        -1.0436     75499.0208     72711.4972     69908.4750     67074.7526     64244.8595     61421.5683     58608.1905     55807.2594     53021.7369     50253.7902     47505.9182     44779.7835     42077.3546     39399.6981     36749.8470     34084.6368     31443.1805     28837.5291     26267.6422     23732.6816     21231.9541     18764.0632     16327.7797     13921.2801     11542.9338      9190.5957      6862.3739      4555.9104      2269.4738         0.0000
         -0.6025        -1.0436     75497.1678     72706.7844     69898.1167     67059.0413     64223.2487     61393.7361     58574.0197     55766.8285     52975.3154     50201.8136     47448.9500     44718.5251     42012.5701     39332.7370     36669.2430     33994.1165     31353.1933     28749.3396     26182.4698     23651.6789     21156.1931     18694.5054     16265.2849     13866.5703     11496.6264      9153.1382      6834.0578      4537.4033      2258.2952         0.0000
         -0.3615        -1.0436     75497.1085     72706.6261     69897.7767     67058.5017     64222.4572     61392.6296     58572.5684     55764.9980     52973.0782     50199.1461     47445.8653     44715.0032     42008.6448     39328.4620     36663.6500     33987.8813     31346.7002     28742.6538     26175.6639     23644.8383     21149.4180     18687.9213     16259.0160     13860.7615     11491.4415      9148.7176      6830.5565      4535.0568      2256.5853         0.0000
         -0.1205        -1.0436     75497.1019     72706.5881     69897.6978     67058.3856     64222.3078     61392.4505     58572.3332     55764.6992     52972.7106     50198.6896     47445.3009     44714.3398     42007.8751     39327.6058     36662.4926     33986.5803     31345.3639     28741.3027     26174.3308     23643.5498     21148.2042     18686.8054     16258.0240     13859.9097     11490.7487      9148.1926      6830.2012      4534.8594      2256.4757         0.0000
          0.1205        -1.0436     75497.0689     72706.5374     69897.6310     67058.3160     64222.2414     61392.3926     58572.3132     55764.7277     52972.8048     50198.8713     47445.5910     44714.7535     42008.4219     39328.2803     36663.5298     33987.8702     31346.8194     28742.9055     26176.0631     23645.3672     21150.0583     18688.6404     16259.7699     13861.5006     11492.1123      9149.2807      6830.9813      4535.3238      2256.7617         0.0000
          0.3615        -1.0436     75497.0821     72706.5691     69897.6856     67058.4205     64222.4130     61392.6613     58572.6785     55765.2019     52973.3965     50199.5688     47446.3741     44715.5957     42009.2960     39329.1463     36664.5430     33988.8474     31347.6740     28743.6262     26176.6399     23645.8155     21150.4035     18688.9114     16260.0005     13861.7198     11492.3338      9149.5089      6831.2020      4535.5001      2256.9163         0.0000
          0.6025        -1.0436     75497.1151     72706.6387     69897.8496     67058.6700     64222.7838     61393.1829     58573.3891     55766.1456     52974.6025     50201.0949     47448.2543     44717.8654     42011.9814     39332.2212     36668.7708     33993.7454     31352.9142     28749.1431     26182.3339     23651.5776     21156.1080     18694.4219     16265.1911     13866.4638     11496.5067      9153.0152      6833.9403      4537.3124      2258.2187         0.0000
          0.8435        -1.0436     75498.9944     72711.4528     69908.3900     67074.6539     64244.7709     61421.5051     58608.1504     55807.2452     53021.7459     50253.8156     47505.9421     44779.7984     42077.3406     39399.6395     36749.7534     34084.4475     31442.9330     28837.2315     26267.3139     23732.3471     21231.6332     18763.7782     16327.5472     13921.1122     11542.8310      9190.5546      6862.3749      4555.9358      2269.4961         0.0000
          1.0845        -1.0436     75501.3552     72717.5220     69921.5883     67094.9728     64272.8095     61457.7088     58652.7013     55860.0325     53082.4430     50321.8454     47580.5657     44860.0875     42162.2387     39488.0042     36839.2760     34201.4797     31560.8207     28952.8320     26378.9808     23838.5223     21330.8687     18854.7692     16409.1397     13992.3436     11602.9102      9238.9181      6898.6527      4580.0187      2281.2041         0.0000
         -0.9640        -1.2523     75501.3882     72717.5600     69921.6490     67095.0309     64272.8483     61457.7247     58652.6862     55859.9944     53082.3754     50321.7732     47580.4858     44860.0162     42162.1825     39487.9683     36839.2578     34201.4993     31560.8695     28952.9047     26379.0700     23838.6291     21330.9857     18854.8929     16409.2687     13992.4640     11603.0258      9239.0212      6898.7427      4580.0891      2281.2467         0.0000
         -0.7230        -1.2523     75499.0537     72711.5985     69908.6694     67075.0719     64245.3414     61422.2486     58609.1074     55808.4326     53023.2056     50255.5568     47507.9984     44782.1718     42080.0347     39402.6440     36752.9767     34088.8968     31447.6181     28842.0751     26272.2264     23737.2194     21236.3628     18768.2575     16331.6700     13924.7833     11545.9716      9193.1001      6864.2866      4557.1952      2270.0867         0.0000
         -0.4820        -1.2523     75498.9944     72711.4655     69908.4690     67074.8339     64245.0921     61422.0061     58608.8669     55808.2046     53022.9855     50255.3280     47507.7393     44781.8541     42079.6259     39402.1232     36752.3483     34087.9473     31446.4799     28840.7426     26270.7024     23735.5315     21234.5524     18766.3758     16329.7834     13922.9632     11544.2911      9191.6351      6863.1092      4556.3697      2269.6799         0.0000
         -0.2410        -1.2523     75499.0076     72711.4908     69908.4386     67074.7410     64244.8872     61421.6633     58608.3508     55807.5017     53022.0647     50254.1969     47506.3884     44780.3067     42077.9067     39400.2644     36750.4210     34085.3467     31443.9128     28838.2801     26268.4209     23733.4828     21232.7809     18764.9108     16328.6294     13922.1027     11543.6929      9191.2482      6862.8811      4556.2474      2269.6302         0.0000
          0.0000        -1.2523     75499.0010     72711.4528     69908.3657     67074.6075     64244.6933     61421.3838     58607.9851     55807.0457     53021.5168     50253.5614     47505.6830     44779.5480     42077.1065     39399.4442     36749.6054     34084.3055     31442.8871     28837.2989     26267.4907     23732.6173     21231.9877     18764.1917     16327.9956     13921.5608     11543.2539      9190.9145      6862.6546      4556.1196      2269.5821         0.0000
          0.2410        -1.2523     75498.9878     72711.4465     69908.3718     67074.6655     64244.8318     61421.6316     58608.3809     55807.6061     53022.2669     50254.5104     47506.8387     44780.9010     42078.6475     39401.1466     36751.4088     34086.7555     31445.3825     28839.7496     26269.8184     23734.7490     21233.8582     18765.7629     16329.2454     13922.4928     11543.8923      9191.3070      6862.8521      4556.1855      2269.5826         0.0000
          0.4820        -1.2523     75498.9944     72711.4591     69908.4204     67074.7120     64244.8817     61421.6738     58608.3909     55807.5776     53022.1770     50254.3578     47506.6076     44780.5833     42078.2526     39400.6843     36750.9103     34086.0622     31444.6655     28839.0520     26269.1701     23734.1858     21233.4044     18765.4262     16329.0141     13922.3563     11543.8243      9191.2872      6862.8595      4556.2057      2269.6001         0.0000
          0.7230        -1.2523     75499.0142     72711.5035     69908.5115     67074.8687     64245.1032     61421.9797     58608.8068     55808.1048     53022.8462     50255.1755     47507.5959     44781.7495     42079.6014     39402.2143     36752.5628     34088.4318     31447.1970     28841.7100     26271.9317     23737.0096     21236.2434     18768.2221     16331.7122     13924.8863     11546.1183      9193.2695      6864.4574      4557.3432      2270.1757         0.0000
          0.9640        -1.2523     75501.3420     72717.4650     69921.4972     67094.8450     64272.6487     61457.5346     58652.5206     55859.8849     53082.3259     50321.7902     47580.5657     44860.1475     42162.3579     39488.1742     36839.4733     34201.7572     31561.1240     28953.1297     26379.2589     23838.7835     21331.1129     18854.9988     16409.3603     13992.5538     11603.1125      9239.1092      6898.8241      4580.1553      2281.2850         0.0000
         -0.6025        -1.4610     75501.4080     72717.6424     69921.7827     67095.2052     64273.0478     61457.9359     58652.8819     55860.1562     53082.4835     50321.7944     47580.4098     44859.8249     42161.8668     39487.5269     36838.6993     34200.6052     31559.7899     28951.7329     26377.8391     23837.3766     21329.7544     18853.7227     16408.1938     13991.5215     11602.2363      9238.4012      6898.2946      4579.8080      2281.1170         0.0000
         -0.3615        -1.4610     75501.3750     72717.5220     69921.5579     67094.8915     64272.6542     61457.4659     58652.3601     55859.6090     53081.9298     50321.2592     47579.9221     44859.4011     42161.5300     39487.2849     36838.5718     34200.6276     31559.9698     28952.0610     26378.3123     23837.9618     21330.4362     18854.4725     16408.9822     13992.3140     11602.9978      9239.0913      6898.8699      4580.2249      2281.3377         0.0000
         -0.1205        -1.4610     75501.3618     72717.5283     69921.6187     67095.0193     64272.8649     61457.7827     58652.7916     55860.1514     53082.5870     50322.0323     47580.7856     44860.3350     42162.5158     39488.3083     36839.5887     34201.8525     31561.1883     28953.1625     26379.2461     23838.7111     21330.9653     18854.7692     16409.0480     13992.1706     11602.6852      9238.6711      6898.4212      4579.8389      2281.1062         0.0000
          0.1205        -1.4610     75501.3618     72717.5283     69921.5944     67094.9728     64272.7928     61457.6771     58652.6611     55859.9896     53082.3934     50321.8029     47580.5297     44860.0537     42162.2071     39487.9748     36839.2457     34201.4068     31560.7333     28952.7524     26378.9129     23838.4747     21330.8466     18854.7826     16409.1887     13992.4191     11603.0113      9239.0305      6898.7634      4580.1099      2281.2588         0.0000
          0.3615        -1.4610     75501.3420     72717.4903     69921.5336     67094.8857     64272.6931     61457.5663     58652.5307     55859.8612     53082.2629     50321.6840     47580.4218     44859.9749     42162.1615     39487.9683     36839.2760     34201.5021     31560.8772     28952.9117     26379.0763     23838.6291     21330.9806     18854.8869     16409.2661     13992.4760     11603.0511      9239.0627      6898.7911      4580.1341      2281.2740         0.0000
          0.6025        -1.4610     75501.3486     72717.4966     69921.5397     67094.9089     64272.7374     61457.6349     58652.6360     55859.9991     53082.4385     50321.8921     47580.6577     44860.2225     42162.4246     39488.2298     36839.5280     34201.7993     31561.1600     28953.1695     26379.3034     23838.8255     21331.1468     18855.0241     16409.3707     13992.5417     11603.0800      9239.0562      6898.7581      4580.0880      2281.2385         0.0000
