0.07844368870632334 0.1327975951994162 0.1858599446319031 0.23711466551951565 0.28606326693286377 0.33222968669877845 0.3751649214650377 0.41445139359759037 0.44970701243889877 0.48058889042859626 0.5067966779443689 0.5280754844292147 0.5442183573949094 0.5550682951914908 0.5605197739670604 0.5605197739670604 0.5550682951914908 0.5442183573949094 0.5280754844292147 0.5067966779443689 0.48058889042859626 0.44970701243889877 0.41445139359759037 0.3751649214650377 0.33222968669877845 0.28606326693286377 0.23711466551951565 0.1858599446319031 0.13279759519941597 0.07844368870632319
0.07844368870632334 0.1327975951994162 0.1858599446319031 0.23711466551951565 0.28606326693286377 0.33222968669877845 0.3751649214650377 0.41445139359759037 0.44970701243889877 0.48058889042859626 0.5067966779443689 0.5280754844292147 0.5442183573949094 0.5550682951914908 0.5605197739670604 0.5605197739670604 0.5550682951914908 0.5442183573949094 0.5280754844292147 0.5067966779443689 0.48058889042859626 0.44970701243889877 0.41445139359759037 0.3751649214650377 0.33222968669877845 0.28606326693286377 0.23711466551951565 0.1858599446319031 0.13279759519941597 0.07844368870632319
0.07844368870632334 0.1327975951994162 0.1858599446319031 0.23711466551951565 0.28606326693286377 0.33222968669877845 0.3751649214650377 0.41445139359759037 0.44970701243889877 0.48058889042859626 0.5067966779443689 0.5280754844292147 0.5442183573949094 0.5550682951914908 0.5605197739670604 0.5605197739670604 0.5550682951914908 0.5442183573949094 0.5280754844292147 0.5067966779443689 0.48058889042859626 0.44970701243889877 0.41445139359759037 0.3751649214650377 0.33222968669877845 0.28606326693286377 0.23711466551951565 0.1858599446319031 0.13279759519941597 0.07844368870632319
0.07844368870632334 0.1327975951994162 0.1858599446319031 0.23711466551951565 0.28606326693286377 0.33222968669877845 0.3751649214650377 0.41445139359759037 0.44970701243889877 0.48058889042859626 0.5067966779443689 0.5280754844292147 0.5442183573949094 0.5550682951914908 0.5605197739670604 0.5605197739670604 0.5550682951914908 0.5442183573949094 0.5280754844292147 0.5067966779443689 0.48058889042859626 0.44970701243889877 0.41445139359759037 0.3751649214650377 0.33222968669877845 0.28606326693286377 0.23711466551951565 0.1858599446319031 0.13279759519941597 0.07844368870632319
0.07844368870632334 0.1327975951994162 0.1858599446319031 0.23711466551951565 0.28606326693286377 0.33222968669877845 0.3751649214650377 0.41445139359759037 0.44970701243889877 0.48058889042859626 0.5067966779443689 0.5280754844292147 0.5442183573949094 0.5550682951914908 0.5605197739670604 0.5605197739670604 0.5550682951914908 0.5442183573949094 0.5280754844292147 0.5067966779443689 0.48058889042859626 0.44970701243889877 0.41445139359759037 0.3751649214650377 0.33222968669877845 0.28606326693286377 0.23711466551951565 0.1858599446319031 0.13279759519941597 0.07844368870632319
0.07844368870632334 0.1327975951994162 0.1858599446319031 0.23711466551951565 0.28606326693286377 0.33222968669877845 0.3751649214650377 0.41445139359759037 0.44970701243889877 0.48058889042859626 0.5067966779443689 0.5280754844292147 0.5442183573949094 0.5550682951914908 0.5605197739670604 0.5605197739670604 0.5550682951914908 0.5442183573949094 0.5280754844292147 0.5067966779443689 0.48058889042859626 0.44970701243889877 0.41445139359759037 0.3751649214650377 0.33222968669877845 0.28606326693286377 0.23711466551951565 0.1858599446319031 0.13279759519941597 0.07844368870632319
0.07844368870632334 0.1327975951994162 0.1858599446319031 0.23711466551951565 0.28606326693286377 0.33222968669877845 0.3751649214650377 0.41445139359759037 0.44970701243889877 0.48058889042859626 0.5067966779443689 0.5280754844292147 0.5442183573949094 0.5550682951914908 0.5605197739670604 0.5605197739670604 0.5550682951914908 0.5442183573949094 0.5280754844292147 0.5067966779443689 0.48058889042859626 0.44970701243889877 0.41445139359759037 0.3751649214650377 0.33222968669877845 0.28606326693286377 0.23711466551951565 0.1858599446319031 0.13279759519941597 0.07844368870632319
0.08684836963914369 0.14702590897078224 0.20577351012817846 0.2625198082537495 0.31671290267567065 0.36782572455936186 0.4153611630505775 0.45885690005447505 0.4978899066287808 0.5320805572602316 0.5610963220098368 0.5846550006180593 0.6025274671157926 0.614539898247722 0.6205754640349597 0.6205754640349597 0.614539898247722 0.6025274671157926 0.5846550006180593 0.5610963220098368 0.5320805572602316 0.4978899066287808 0.45885690005447505 0.4153611630505775 0.36782572455936186 0.31671290267567065 0.2625198082537495 0.20577351012817846 0.14702590897078197 0.08684836963914355
0.08684836963914369 0.14702590897078224 0.20577351012817846 0.2625198082537495 0.31671290267567065 0.36782572455936186 0.4153611630505775 0.45885690005447505 0.4978899066287808 0.5320805572602316 0.5610963220098368 0.5846550006180593 0.6025274671157926 0.614539898247722 0.6205754640349597 0.6205754640349597 0.614539898247722 0.6025274671157926 0.5846550006180593 0.5610963220098368 0.5320805572602316 0.4978899066287808 0.45885690005447505 0.4153611630505775 0.36782572455936186 0.31671290267567065 0.2625198082537495 0.20577351012817846 0.14702590897078197 0.08684836963914355
0.08684836963914369 0.14702590897078224 0.20577351012817846 0.2625198082537495 0.31671290267567065 0.36782572455936186 0.4153611630505775 0.45885690005447505 0.4978899066287808 0.5320805572602316 0.5610963220098368 0.5846550006180593 0.6025274671157926 0.614539898247722 0.6205754640349597 0.6205754640349597 0.614539898247722 0.6025274671157926 0.5846550006180593 0.5610963220098368 0.5320805572602316 0.4978899066287808 0.45885690005447505 0.4153611630505775 0.36782572455936186 0.31671290267567065 0.2625198082537495 0.20577351012817846 0.14702590897078197 0.08684836963914355
0.08684836963914369 0.14702590897078224 0.20577351012817846 0.2625198082537495 0.31671290267567065 0.36782572455936186 0.4153611630505775 0.45885690005447505 0.4978899066287808 0.5320805572602316 0.5610963220098368 0.5846550006180593 0.6025274671157926 0.614539898247722 0.6205754640349597 0.6205754640349597 0.614539898247722 0.6025274671157926 0.5846550006180593 0.5610963220098368 0.5320805572602316 0.4978899066287808 0.45885690005447505 0.4153611630505775 0.36782572455936186 0.31671290267567065 0.2625198082537495 0.20577351012817846 0.14702590897078197 0.08684836963914355
0.08684836963914369 0.14702590897078224 0.20577351012817846 0.2625198082537495 0.31671290267567065 0.36782572455936186 0.4153611630505775 0.45885690005447505 0.4978899066287808 0.5320805572602316 0.5610963220098368 0.5846550006180593 0.6025274671157926 0.614539898247722 0.6205754640349597 0.6205754640349597 0.614539898247722 0.6025274671157926 0.5846550006180593 0.5610963220098368 0.5320805572602316 0.4978899066287808 0.45885690005447505 0.4153611630505775 0.36782572455936186 0.31671290267567065 0.2625198082537495 0.20577351012817846 0.14702590897078197 0.08684836963914355
0.08684836963914369 0.14702590897078224 0.20577351012817846 0.2625198082537495 0.31671290267567065 0.36782572455936186 0.4153611630505775 0.45885690005447505 0.4978899066287808 0.5320805572602316 0.5610963220098368 0.5846550006180593 0.6025274671157926 0.614539898247722 0.6205754640349597 0.6205754640349597 0.614539898247722 0.6025274671157926 0.5846550006180593 0.5610963220098368 0.5320805572602316 0.4978899066287808 0.45885690005447505 0.4153611630505775 0.36782572455936186 0.31671290267567065 0.2625198082537495 0.20577351012817846 0.14702590897078197 0.08684836963914355
0.08684836963914369 0.14702590897078224 0.20577351012817846 0.2625198082537495 0.31671290267567065 0.36782572455936186 0.4153611630505775 0.45885690005447505 0.4978899066287808 0.5320805572602316 0.5610963220098368 0.5846550006180593 0.6025274671157926 0.614539898247722 0.6205754640349597 0.6205754640349597 0.614539898247722 0.6025274671157926 0.5846550006180593 0.5610963220098368 0.5320805572602316 0.4978899066287808 0.45885690005447505 0.4153611630505775 0.36782572455936186 0.31671290267567065 0.2625198082537495 0.20577351012817846 0.14702590897078197 0.08684836963914355
0.07844368870632334 0.1327975951994162 0.1858599446319031 0.23711466551951565 0.28606326693286377 0.33222968669877845 0.3751649214650377 0.41445139359759037 0.44970701243889877 0.48058889042859626 0.5067966779443689 0.5280754844292147 0.5442183573949094 0.5550682951914908 0.5605197739670604 0.5605197739670604 0.5550682951914908 0.5442183573949094 0.5280754844292147 0.5067966779443689 0.48058889042859626 0.44970701243889877 0.41445139359759037 0.3751649214650377 0.33222968669877845 0.28606326693286377 0.23711466551951565 0.1858599446319031 0.13279759519941597 0.07844368870632319
0.07844368870632334 0.1327975951994162 0.1858599446319031 0.23711466551951565 0.28606326693286377 0.33222968669877845 0.3751649214650377 0.41445139359759037 0.44970701243889877 0.48058889042859626 0.5067966779443689 0.5280754844292147 0.5442183573949094 0.5550682951914908 0.5605197739670604 0.5605197739670604 0.5550682951914908 0.5442183573949094 0.5280754844292147 0.5067966779443689 0.48058889042859626 0.44970701243889877 0.41445139359759037 0.3751649214650377 0.33222968669877845 0.28606326693286377 0.23711466551951565 0.1858599446319031 0.13279759519941597 0.07844368870632319
0.08684836963914369 0.14702590897078224 0.20577351012817846 0.2625198082537495 0.31671290267567065 0.36782572455936186 0.4153611630505775 0.45885690005447505 0.4978899066287808 0.5320805572602316 0.5610963220098368 0.5846550006180593 0.6025274671157926 0.614539898247722 0.6205754640349597 0.6205754640349597 0.614539898247722 0.6025274671157926 0.5846550006180593 0.5610963220098368 0.5320805572602316 0.4978899066287808 0.45885690005447505 0.4153611630505775 0.36782572455936186 0.31671290267567065 0.2625198082537495 0.20577351012817846 0.14702590897078197 0.08684836963914355
0.09338534369800396 0.15809237523740025 0.22126183884750372 0.2822793637137091 0.3405515082534093 0.39551153178426 0.44662490650599734 0.49339451618760766 0.535365490998689 0.5721296314626146 0.603329378505201 0.6286612909871605 0.6478789968987017 0.6607955895136796 0.6672854451988814 0.6672854451988814 0.6607955895136796 0.6478789968987017 0.6286612909871605 0.603329378505201 0.5721296314626146 0.535365490998689 0.49339451618760766 0.44662490650599734 0.39551153178426 0.3405515082534093 0.2822793637137091 0.22126183884750372 0.15809237523739997 0.09338534369800383
0.09338534369800396 0.15809237523740025 0.22126183884750372 0.2822793637137091 0.3405515082534093 0.39551153178426 0.44662490650599734 0.49339451618760766 0.535365490998689 0.5721296314626146 0.603329378505201 0.6286612909871605 0.6478789968987017 0.6607955895136796 0.6672854451988814 0.6672854451988814 0.6607955895136796 0.6478789968987017 0.6286612909871605 0.603329378505201 0.5721296314626146 0.535365490998689 0.49339451618760766 0.44662490650599734 0.39551153178426 0.3405515082534093 0.2822793637137091 0.22126183884750372 0.15809237523739997 0.09338534369800383
0.09338534369800396 0.15809237523740025 0.22126183884750372 0.2822793637137091 0.3405515082534093 0.39551153178426 0.44662490650599734 0.49339451618760766 0.535365490998689 0.5721296314626146 0.603329378505201 0.6286612909871605 0.6478789968987017 0.6607955895136796 0.6672854451988814 0.6672854451988814 0.6607955895136796 0.6478789968987017 0.6286612909871605 0.603329378505201 0.5721296314626146 0.535365490998689 0.49339451618760766 0.44662490650599734 0.39551153178426 0.3405515082534093 0.2822793637137091 0.22126183884750372 0.15809237523739997 0.09338534369800383
0.09338534369800396 0.15809237523740025 0.22126183884750372 0.2822793637137091 0.3405515082534093 0.39551153178426 0.44662490650599734 0.49339451618760766 0.535365490998689 0.5721296314626146 0.603329378505201 0.6286612909871605 0.6478789968987017 0.6607955895136796 0.6672854451988814 0.6672854451988814 0.6607955895136796 0.6478789968987017 0.6286612909871605 0.603329378505201 0.5721296314626146 0.535365490998689 0.49339451618760766 0.44662490650599734 0.39551153178426 0.3405515082534093 0.2822793637137091 0.22126183884750372 0.15809237523739997 0.09338534369800383
0.09338534369800396 0.15809237523740025 0.22126183884750372 0.2822793637137091 0.3405515082534093 0.39551153178426 0.44662490650599734 0.49339451618760766 0.535365490998689 0.5721296314626146 0.603329378505201 0.6286612909871605 0.6478789968987017 0.6607955895136796 0.6672854451988814 0.6672854451988814 0.6607955895136796 0.6478789968987017 0.6286612909871605 0.603329378505201 0.5721296314626146 0.535365490998689 0.49339451618760766 0.44662490650599734 0.39551153178426 0.3405515082534093 0.2822793637137091 0.22126183884750372 0.15809237523739997 0.09338534369800383
0.09338534369800396 0.15809237523740025 0.22126183884750372 0.2822793637137091 0.3405515082534093 0.39551153178426 0.44662490650599734 0.49339451618760766 0.535365490998689 0.5721296314626146 0.603329378505201 0.6286612909871605 0.6478789968987017 0.6607955895136796 0.6672854451988814 0.6672854451988814 0.6607955895136796 0.6478789968987017 0.6286612909871605 0.603329378505201 0.5721296314626146 0.535365490998689 0.49339451618760766 0.44662490650599734 0.39551153178426 0.3405515082534093 0.2822793637137091 0.22126183884750372 0.15809237523739997 0.09338534369800383
0.08684836963914369 0.14702590897078224 0.20577351012817846 0.2625198082537495 0.31671290267567065 0.36782572455936186 0.4153611630505775 0.45885690005447505 0.4978899066287808 0.5320805572602316 0.5610963220098368 0.5846550006180593 0.6025274671157926 0.614539898247722 0.6205754640349597 0.6205754640349597 0.614539898247722 0.6025274671157926 0.5846550006180593 0.5610963220098368 0.5320805572602316 0.4978899066287808 0.45885690005447505 0.4153611630505775 0.36782572455936186 0.31671290267567065 0.2625198082537495 0.20577351012817846 0.14702590897078197 0.08684836963914355
0.07844368870632334 0.1327975951994162 0.1858599446319031 0.23711466551951565 0.28606326693286377 0.33222968669877845 0.3751649214650377 0.41445139359759037 0.44970701243889877 0.48058889042859626 0.5067966779443689 0.5280754844292147 0.5442183573949094 0.5550682951914908 0.5605197739670604 0.5605197739670604 0.5550682951914908 0.5442183573949094 0.5280754844292147 0.5067966779443689 0.48058889042859626 0.44970701243889877 0.41445139359759037 0.3751649214650377 0.33222968669877845 0.28606326693286377 0.23711466551951565 0.1858599446319031 0.13279759519941597 0.07844368870632319
0.07844368870632334 0.1327975951994162 0.1858599446319031 0.23711466551951565 0.28606326693286377 0.33222968669877845 0.3751649214650377 0.41445139359759037 0.44970701243889877 0.48058889042859626 0.5067966779443689 0.5280754844292147 0.5442183573949094 0.5550682951914908 0.5605197739670604 0.5605197739670604 0.5550682951914908 0.5442183573949094 0.5280754844292147 0.5067966779443689 0.48058889042859626 0.44970701243889877 0.41445139359759037 0.3751649214650377 0.33222968669877845 0.28606326693286377 0.23711466551951565 0.1858599446319031 0.13279759519941597 0.07844368870632319
0.08684836963914369 0.14702590897078224 0.20577351012817846 0.2625198082537495 0.31671290267567065 0.36782572455936186 0.4153611630505775 0.45885690005447505 0.4978899066287808 0.5320805572602316 0.5610963220098368 0.5846550006180593 0.6025274671157926 0.614539898247722 0.6205754640349597 0.6205754640349597 0.614539898247722 0.6025274671157926 0.5846550006180593 0.5610963220098368 0.5320805572602316 0.4978899066287808 0.45885690005447505 0.4153611630505775 0.36782572455936186 0.31671290267567065 0.2625198082537495 0.20577351012817846 0.14702590897078197 0.08684836963914355
0.09338534369800396 0.15809237523740025 0.22126183884750372 0.2822793637137091 0.3405515082534093 0.39551153178426 0.44662490650599734 0.49339451618760766 0.535365490998689 0.5721296314626146 0.603329378505201 0.6286612909871605 0.6478789968987017 0.6607955895136796 0.6672854451988814 0.6672854451988814 0.6607955895136796 0.6478789968987017 0.6286612909871605 0.603329378505201 0.5721296314626146 0.535365490998689 0.49339451618760766 0.44662490650599734 0.39551153178426 0.3405515082534093 0.2822793637137091 0.22126183884750372 0.15809237523739997 0.09338534369800383
0.1008561711938443 0.17073976525639228 0.238962785955304 0.3048617128108059 0.367795628913682 0.42715245432700094 0.4823548990264772 0.5328660774826163 0.5781947302785841 0.6179000019796238 0.6515957287856171 0.6789541942661333 0.6997093166505979 0.7136592366747739 0.7206682808147921 0.7206682808147921 0.7136592366747739 0.6997093166505979 0.6789541942661333 0.6515957287856171 0.6179000019796238 0.5781947302785841 0.5328660774826163 0.4823548990264772 0.42715245432700094 0.367795628913682 0.3048617128108059 0.238962785955304 0.17073976525639198 0.10085617119384413
0.1008561711938443 0.17073976525639228 0.238962785955304 0.3048617128108059 0.367795628913682 0.42715245432700094 0.4823548990264772 0.5328660774826163 0.5781947302785841 0.6179000019796238 0.6515957287856171 0.6789541942661333 0.6997093166505979 0.7136592366747739 0.7206682808147921 0.7206682808147921 0.7136592366747739 0.6997093166505979 0.6789541942661333 0.6515957287856171 0.6179000019796238 0.5781947302785841 0.5328660774826163 0.4823548990264772 0.42715245432700094 0.367795628913682 0.3048617128108059 0.238962785955304 0.17073976525639198 0.10085617119384413
0.1008561711938443 0.17073976525639228 0.238962785955304 0.3048617128108059 0.367795628913682 0.42715245432700094 0.4823548990264772 0.5328660774826163 0.5781947302785841 0.6179000019796238 0.6515957287856171 0.6789541942661333 0.6997093166505979 0.7136592366747739 0.7206682808147921 0.7206682808147921 0.7136592366747739 0.6997093166505979 0.6789541942661333 0.6515957287856171 0.6179000019796238 0.5781947302785841 0.5328660774826163 0.4823548990264772 0.42715245432700094 0.367795628913682 0.3048617128108059 0.238962785955304 0.17073976525639198 0.10085617119384413
0.1008561711938443 0.17073976525639228 0.238962785955304 0.3048617128108059 0.367795628913682 0.42715245432700094 0.4823548990264772 0.5328660774826163 0.5781947302785841 0.6179000019796238 0.6515957287856171 0.6789541942661333 0.6997093166505979 0.7136592366747739 0.7206682808147921 0.7206682808147921 0.7136592366747739 0.6997093166505979 0.6789541942661333 0.6515957287856171 0.6179000019796238 0.5781947302785841 0.5328660774826163 0.4823548990264772 0.42715245432700094 0.367795628913682 0.3048617128108059 0.238962785955304 0.17073976525639198 0.10085617119384413
0.1008561711938443 0.17073976525639228 0.238962785955304 0.3048617128108059 0.367795628913682 0.42715245432700094 0.4823548990264772 0.5328660774826163 0.5781947302785841 0.6179000019796238 0.6515957287856171 0.6789541942661333 0.6997093166505979 0.7136592366747739 0.7206682808147921 0.7206682808147921 0.7136592366747739 0.6997093166505979 0.6789541942661333 0.6515957287856171 0.6179000019796238 0.5781947302785841 0.5328660774826163 0.4823548990264772 0.42715245432700094 0.367795628913682 0.3048617128108059 0.238962785955304 0.17073976525639198 0.10085617119384413
0.09338534369800396 0.15809237523740025 0.22126183884750372 0.2822793637137091 0.3405515082534093 0.39551153178426 0.44662490650599734 0.49339451618760766 0.535365490998689 0.5721296314626146 0.603329378505201 0.6286612909871605 0.6478789968987017 0.6607955895136796 0.6672854451988814 0.6672854451988814 0.6607955895136796 0.6478789968987017 0.6286612909871605 0.603329378505201 0.5721296314626146 0.535365490998689 0.49339451618760766 0.44662490650599734 0.39551153178426 0.3405515082534093 0.2822793637137091 0.22126183884750372 0.15809237523739997 0.09338534369800383
0.08684836963914369 0.14702590897078224 0.20577351012817846 0.2625198082537495 0.31671290267567065 0.36782572455936186 0.4153611630505775 0.45885690005447505 0.4978899066287808 0.5320805572602316 0.5610963220098368 0.5846550006180593 0.6025274671157926 0.614539898247722 0.6205754640349597 0.6205754640349597 0.614539898247722 0.6025274671157926 0.5846550006180593 0.5610963220098368 0.5320805572602316 0.4978899066287808 0.45885690005447505 0.4153611630505775 0.36782572455936186 0.31671290267567065 0.2625198082537495 0.20577351012817846 0.14702590897078197 0.08684836963914355
0.07844368870632334 0.1327975951994162 0.1858599446319031 0.23711466551951565 0.28606326693286377 0.33222968669877845 0.3751649214650377 0.41445139359759037 0.44970701243889877 0.48058889042859626 0.5067966779443689 0.5280754844292147 0.5442183573949094 0.5550682951914908 0.5605197739670604 0.5605197739670604 0.5550682951914908 0.5442183573949094 0.5280754844292147 0.5067966779443689 0.48058889042859626 0.44970701243889877 0.41445139359759037 0.3751649214650377 0.33222968669877845 0.28606326693286377 0.23711466551951565 0.1858599446319031 0.13279759519941597 0.07844368870632319
0.07844368870632334 0.1327975951994162 0.1858599446319031 0.23711466551951565 0.28606326693286377 0.33222968669877845 0.3751649214650377 0.41445139359759037 0.44970701243889877 0.48058889042859626 0.5067966779443689 0.5280754844292147 0.5442183573949094 0.5550682951914908 0.5605197739670604 0.5605197739670604 0.5550682951914908 0.5442183573949094 0.5280754844292147 0.5067966779443689 0.48058889042859626 0.44970701243889877 0.41445139359759037 0.3751649214650377 0.33222968669877845 0.28606326693286377 0.23711466551951565 0.1858599446319031 0.13279759519941597 0.07844368870632319
0.08684836963914369 0.14702590897078224 0.20577351012817846 0.2625198082537495 0.31671290267567065 0.36782572455936186 0.4153611630505775 0.45885690005447505 0.4978899066287808 0.5320805572602316 0.5610963220098368 0.5846550006180593 0.6025274671157926 0.614539898247722 0.6205754640349597 0.6205754640349597 0.614539898247722 0.6025274671157926 0.5846550006180593 0.5610963220098368 0.5320805572602316 0.4978899066287808 0.45885690005447505 0.4153611630505775 0.36782572455936186 0.31671290267567065 0.2625198082537495 0.20577351012817846 0.14702590897078197 0.08684836963914355
0.09338534369800396 0.15809237523740025 0.22126183884750372 0.2822793637137091 0.3405515082534093 0.39551153178426 0.44662490650599734 0.49339451618760766 0.535365490998689 0.5721296314626146 0.603329378505201 0.6286612909871605 0.6478789968987017 0.6607955895136796 0.6672854451988814 0.6672854451988814 0.6607955895136796 0.6478789968987017 0.6286612909871605 0.603329378505201 0.5721296314626146 0.535365490998689 0.49339451618760766 0.44662490650599734 0.39551153178426 0.3405515082534093 0.2822793637137091 0.22126183884750372 0.15809237523739997 0.09338534369800383
0.1008561711938443 0.17073976525639228 0.238962785955304 0.3048617128108059 0.367795628913682 0.42715245432700094 0.4823548990264772 0.5328660774826163 0.5781947302785841 0.6179000019796238 0.6515957287856171 0.6789541942661333 0.6997093166505979 0.7136592366747739 0.7206682808147921 0.7206682808147921 0.7136592366747739 0.6997093166505979 0.6789541942661333 0.6515957287856171 0.6179000019796238 0.5781947302785841 0.5328660774826163 0.4823548990264772 0.42715245432700094 0.367795628913682 0.3048617128108059 0.238962785955304 0.17073976525639198 0.10085617119384413
0.10645929181572451 0.18022530777063625 0.25223849628615425 0.32179847463362843 0.38822871940888654 0.45088314623405645 0.5091523934168369 0.5624697484538727 0.6103166597385055 0.6522277798673807 0.6877954914959291 0.7166738717253628 0.7385820564645198 0.7533069720455947 0.7607054075267248 0.7607054075267248 0.7533069720455947 0.7385820564645198 0.7166738717253628 0.6877954914959291 0.6522277798673807 0.6103166597385055 0.5624697484538727 0.5091523934168369 0.45088314623405645 0.38822871940888654 0.32179847463362843 0.25223849628615425 0.18022530777063597 0.10645929181572435
0.10645929181572451 0.18022530777063625 0.25223849628615425 0.32179847463362843 0.38822871940888654 0.45088314623405645 0.5091523934168369 0.5624697484538727 0.6103166597385055 0.6522277798673807 0.6877954914959291 0.7166738717253628 0.7385820564645198 0.7533069720455947 0.7607054075267248 0.7607054075267248 0.7533069720455947 0.7385820564645198 0.7166738717253628 0.6877954914959291 0.6522277798673807 0.6103166597385055 0.5624697484538727 0.5091523934168369 0.45088314623405645 0.38822871940888654 0.32179847463362843 0.25223849628615425 0.18022530777063597 0.10645929181572435
0.10645929181572451 0.18022530777063625 0.25223849628615425 0.32179847463362843 0.38822871940888654 0.45088314623405645 0.5091523934168369 0.5624697484538727 0.6103166597385055 0.6522277798673807 0.6877954914959291 0.7166738717253628 0.7385820564645198 0.7533069720455947 0.7607054075267248 0.7607054075267248 0.7533069720455947 0.7385820564645198 0.7166738717253628 0.6877954914959291 0.6522277798673807 0.6103166597385055 0.5624697484538727 0.5091523934168369 0.45088314623405645 0.38822871940888654 0.32179847463362843 0.25223849628615425 0.18022530777063597 0.10645929181572435
0.10645929181572451 0.18022530777063625 0.25223849628615425 0.32179847463362843 0.38822871940888654 0.45088314623405645 0.5091523934168369 0.5624697484538727 0.6103166597385055 0.6522277798673807 0.6877954914959291 0.7166738717253628 0.7385820564645198 0.7533069720455947 0.7607054075267248 0.7607054075267248 0.7533069720455947 0.7385820564645198 0.7166738717253628 0.6877954914959291 0.6522277798673807 0.6103166597385055 0.5624697484538727 0.5091523934168369 0.45088314623405645 0.38822871940888654 0.32179847463362843 0.25223849628615425 0.18022530777063597 0.10645929181572435
0.1008561711938443 0.17073976525639228 0.238962785955304 0.3048617128108059 0.367795628913682 0.42715245432700094 0.4823548990264772 0.5328660774826163 0.5781947302785841 0.6179000019796238 0.6515957287856171 0.6789541942661333 0.6997093166505979 0.7136592366747739 0.7206682808147921 0.7206682808147921 0.7136592366747739 0.6997093166505979 0.6789541942661333 0.6515957287856171 0.6179000019796238 0.5781947302785841 0.5328660774826163 0.4823548990264772 0.42715245432700094 0.367795628913682 0.3048617128108059 0.238962785955304 0.17073976525639198 0.10085617119384413
0.09338534369800396 0.15809237523740025 0.22126183884750372 0.2822793637137091 0.3405515082534093 0.39551153178426 0.44662490650599734 0.49339451618760766 0.535365490998689 0.5721296314626146 0.603329378505201 0.6286612909871605 0.6478789968987017 0.6607955895136796 0.6672854451988814 0.6672854451988814 0.6607955895136796 0.6478789968987017 0.6286612909871605 0.603329378505201 0.5721296314626146 0.535365490998689 0.49339451618760766 0.44662490650599734 0.39551153178426 0.3405515082534093 0.2822793637137091 0.22126183884750372 0.15809237523739997 0.09338534369800383
0.08684836963914369 0.14702590897078224 0.20577351012817846 0.2625198082537495 0.31671290267567065 0.36782572455936186 0.4153611630505775 0.45885690005447505 0.4978899066287808 0.5320805572602316 0.5610963220098368 0.5846550006180593 0.6025274671157926 0.614539898247722 0.6205754640349597 0.6205754640349597 0.614539898247722 0.6025274671157926 0.5846550006180593 0.5610963220098368 0.5320805572602316 0.4978899066287808 0.45885690005447505 0.4153611630505775 0.36782572455936186 0.31671290267567065 0.2625198082537495 0.20577351012817846 0.14702590897078197 0.08684836963914355
0.07844368870632334 0.1327975951994162 0.1858599446319031 0.23711466551951565 0.28606326693286377 0.33222968669877845 0.3751649214650377 0.41445139359759037 0.44970701243889877 0.48058889042859626 0.5067966779443689 0.5280754844292147 0.5442183573949094 0.5550682951914908 0.5605197739670604 0.5605197739670604 0.5550682951914908 0.5442183573949094 0.5280754844292147 0.5067966779443689 0.48058889042859626 0.44970701243889877 0.41445139359759037 0.3751649214650377 0.33222968669877845 0.28606326693286377 0.23711466551951565 0.1858599446319031 0.13279759519941597 0.07844368870632319
0.07844368870632334 0.1327975951994162 0.1858599446319031 0.23711466551951565 0.28606326693286377 0.33222968669877845 0.3751649214650377 0.41445139359759037 0.44970701243889877 0.48058889042859626 0.5067966779443689 0.5280754844292147 0.5442183573949094 0.5550682951914908 0.5605197739670604 0.5605197739670604 0.5550682951914908 0.5442183573949094 0.5280754844292147 0.5067966779443689 0.48058889042859626 0.44970701243889877 0.41445139359759037 0.3751649214650377 0.33222968669877845 0.28606326693286377 0.23711466551951565 0.1858599446319031 0.13279759519941597 0.07844368870632319
0.08684836963914369 0.14702590897078224 0.20577351012817846 0.2625198082537495 0.31671290267567065 0.36782572455936186 0.4153611630505775 0.45885690005447505 0.4978899066287808 0.5320805572602316 0.5610963220098368 0.5846550006180593 0.6025274671157926 0.614539898247722 0.6205754640349597 0.6205754640349597 0.614539898247722 0.6025274671157926 0.5846550006180593 0.5610963220098368 0.5320805572602316 0.4978899066287808 0.45885690005447505 0.4153611630505775 0.36782572455936186 0.31671290267567065 0.2625198082537495 0.20577351012817846 0.14702590897078197 0.08684836963914355
0.09338534369800396 0.15809237523740025 0.22126183884750372 0.2822793637137091 0.3405515082534093 0.39551153178426 0.44662490650599734 0.49339451618760766 0.535365490998689 0.5721296314626146 0.603329378505201 0.6286612909871605 0.6478789968987017 0.6607955895136796 0.6672854451988814 0.6672854451988814 0.6607955895136796 0.6478789968987017 0.6286612909871605 0.603329378505201 0.5721296314626146 0.535365490998689 0.49339451618760766 0.44662490650599734 0.39551153178426 0.3405515082534093 0.2822793637137091 0.22126183884750372 0.15809237523739997 0.09338534369800383
0.1008561711938443 0.17073976525639228 0.238962785955304 0.3048617128108059 0.367795628913682 0.42715245432700094 0.4823548990264772 0.5328660774826163 0.5781947302785841 0.6179000019796238 0.6515957287856171 0.6789541942661333 0.6997093166505979 0.7136592366747739 0.7206682808147921 0.7206682808147921 0.7136592366747739 0.6997093166505979 0.6789541942661333 0.6515957287856171 0.6179000019796238 0.5781947302785841 0.5328660774826163 0.4823548990264772 0.42715245432700094 0.367795628913682 0.3048617128108059 0.238962785955304 0.17073976525639198 0.10085617119384413
0.10645929181572451 0.18022530777063625 0.25223849628615425 0.32179847463362843 0.38822871940888654 0.45088314623405645 0.5091523934168369 0.5624697484538727 0.6103166597385055 0.6522277798673807 0.6877954914959291 0.7166738717253628 0.7385820564645198 0.7533069720455947 0.7607054075267248 0.7607054075267248 0.7533069720455947 0.7385820564645198 0.7166738717253628 0.6877954914959291 0.6522277798673807 0.6103166597385055 0.5624697484538727 0.5091523934168369 0.45088314623405645 0.38822871940888654 0.32179847463362843 0.25223849628615425 0.18022530777063597 0.10645929181572435
0.11112855900062471 0.18812992653250626 0.2633015882285294 0.3359124428193139 0.405256294821557 0.4706587228232694 0.5314836387421368 0.587139474263253 0.6370849342884398 0.6808342614405113 0.7179619604211891 0.7481069362747207 0.770976006309455 0.7863467515212785 0.7940696797866688 0.7940696797866688 0.7863467515212785 0.770976006309455 0.7481069362747207 0.7179619604211891 0.6808342614405113 0.6370849342884398 0.587139474263253 0.5314836387421368 0.4706587228232694 0.405256294821557 0.3359124428193139 0.2633015882285294 0.18812992653250593 0.11112855900062454
0.11112855900062471 0.18812992653250626 0.2633015882285294 0.3359124428193139 0.405256294821557 0.4706587228232694 0.5314836387421368 0.587139474263253 0.6370849342884398 0.6808342614405113 0.7179619604211891 0.7481069362747207 0.770976006309455 0.7863467515212785 0.7940696797866688 0.7940696797866688 0.7863467515212785 0.770976006309455 0.7481069362747207 0.7179619604211891 0.6808342614405113 0.6370849342884398 0.587139474263253 0.5314836387421368 0.4706587228232694 0.405256294821557 0.3359124428193139 0.2633015882285294 0.18812992653250593 0.11112855900062454
0.11112855900062471 0.18812992653250626 0.2633015882285294 0.3359124428193139 0.405256294821557 0.4706587228232694 0.5314836387421368 0.587139474263253 0.6370849342884398 0.6808342614405113 0.7179619604211891 0.7481069362747207 0.770976006309455 0.7863467515212785 0.7940696797866688 0.7940696797866688 0.7863467515212785 0.770976006309455 0.7481069362747207 0.7179619604211891 0.6808342614405113 0.6370849342884398 0.587139474263253 0.5314836387421368 0.4706587228232694 0.405256294821557 0.3359124428193139 0.2633015882285294 0.18812992653250593 0.11112855900062454
0.10645929181572451 0.18022530777063625 0.25223849628615425 0.32179847463362843 0.38822871940888654 0.45088314623405645 0.5091523934168369 0.5624697484538727 0.6103166597385055 0.6522277798673807 0.6877954914959291 0.7166738717253628 0.7385820564645198 0.7533069720455947 0.7607054075267248 0.7607054075267248 0.7533069720455947 0.7385820564645198 0.7166738717253628 0.6877954914959291 0.6522277798673807 0.6103166597385055 0.5624697484538727 0.5091523934168369 0.45088314623405645 0.38822871940888654 0.32179847463362843 0.25223849628615425 0.18022530777063597 0.10645929181572435
0.1008561711938443 0.17073976525639228 0.238962785955304 0.3048617128108059 0.367795628913682 0.42715245432700094 0.4823548990264772 0.5328660774826163 0.5781947302785841 0.6179000019796238 0.6515957287856171 0.6789541942661333 0.6997093166505979 0.7136592366747739 0.7206682808147921 0.7206682808147921 0.7136592366747739 0.6997093166505979 0.6789541942661333 0.6515957287856171 0.6179000019796238 0.5781947302785841 0.5328660774826163 0.4823548990264772 0.42715245432700094 0.367795628913682 0.3048617128108059 0.238962785955304 0.17073976525639198 0.10085617119384413
0.09338534369800396 0.15809237523740025 0.22126183884750372 0.2822793637137091 0.3405515082534093 0.39551153178426 0.44662490650599734 0.49339451618760766 0.535365490998689 0.5721296314626146 0.603329378505201 0.6286612909871605 0.6478789968987017 0.6607955895136796 0.6672854451988814 0.6672854451988814 0.6607955895136796 0.6478789968987017 0.6286612909871605 0.603329378505201 0.5721296314626146 0.535365490998689 0.49339451618760766 0.44662490650599734 0.39551153178426 0.3405515082534093 0.2822793637137091 0.22126183884750372 0.15809237523739997 0.09338534369800383
0.08684836963914369 0.14702590897078224 0.20577351012817846 0.2625198082537495 0.31671290267567065 0.36782572455936186 0.4153611630505775 0.45885690005447505 0.4978899066287808 0.5320805572602316 0.5610963220098368 0.5846550006180593 0.6025274671157926 0.614539898247722 0.6205754640349597 0.6205754640349597 0.614539898247722 0.6025274671157926 0.5846550006180593 0.5610963220098368 0.5320805572602316 0.4978899066287808 0.45885690005447505 0.4153611630505775 0.36782572455936186 0.31671290267567065 0.2625198082537495 0.20577351012817846 0.14702590897078197 0.08684836963914355
0.07844368870632334 0.1327975951994162 0.1858599446319031 0.23711466551951565 0.28606326693286377 0.33222968669877845 0.3751649214650377 0.41445139359759037 0.44970701243889877 0.48058889042859626 0.5067966779443689 0.5280754844292147 0.5442183573949094 0.5550682951914908 0.5605197739670604 0.5605197739670604 0.5550682951914908 0.5442183573949094 0.5280754844292147 0.5067966779443689 0.48058889042859626 0.44970701243889877 0.41445139359759037 0.3751649214650377 0.33222968669877845 0.28606326693286377 0.23711466551951565 0.1858599446319031 0.13279759519941597 0.07844368870632319
0.07844368870632334 0.1327975951994162 0.1858599446319031 0.23711466551951565 0.28606326693286377 0.33222968669877845 0.3751649214650377 0.41445139359759037 0.44970701243889877 0.48058889042859626 0.5067966779443689 0.5280754844292147 0.5442183573949094 0.5550682951914908 0.5605197739670604 0.5605197739670604 0.5550682951914908 0.5442183573949094 0.5280754844292147 0.5067966779443689 0.48058889042859626 0.44970701243889877 0.41445139359759037 0.3751649214650377 0.33222968669877845 0.28606326693286377 0.23711466551951565 0.1858599446319031 0.13279759519941597 0.07844368870632319
0.08684836963914369 0.14702590897078224 0.20577351012817846 0.2625198082537495 0.31671290267567065 0.36782572455936186 0.4153611630505775 0.45885690005447505 0.4978899066287808 0.5320805572602316 0.5610963220098368 0.5846550006180593 0.6025274671157926 0.614539898247722 0.6205754640349597 0.6205754640349597 0.614539898247722 0.6025274671157926 0.5846550006180593 0.5610963220098368 0.5320805572602316 0.4978899066287808 0.45885690005447505 0.4153611630505775 0.36782572455936186 0.31671290267567065 0.2625198082537495 0.20577351012817846 0.14702590897078197 0.08684836963914355
0.09338534369800396 0.15809237523740025 0.22126183884750372 0.2822793637137091 0.3405515082534093 0.39551153178426 0.44662490650599734 0.49339451618760766 0.535365490998689 0.5721296314626146 0.603329378505201 0.6286612909871605 0.6478789968987017 0.6607955895136796 0.6672854451988814 0.6672854451988814 0.6607955895136796 0.6478789968987017 0.6286612909871605 0.603329378505201 0.5721296314626146 0.535365490998689 0.49339451618760766 0.44662490650599734 0.39551153178426 0.3405515082534093 0.2822793637137091 0.22126183884750372 0.15809237523739997 0.09338534369800383
0.1008561711938443 0.17073976525639228 0.238962785955304 0.3048617128108059 0.367795628913682 0.42715245432700094 0.4823548990264772 0.5328660774826163 0.5781947302785841 0.6179000019796238 0.6515957287856171 0.6789541942661333 0.6997093166505979 0.7136592366747739 0.7206682808147921 0.7206682808147921 0.7136592366747739 0.6997093166505979 0.6789541942661333 0.6515957287856171 0.6179000019796238 0.5781947302785841 0.5328660774826163 0.4823548990264772 0.42715245432700094 0.367795628913682 0.3048617128108059 0.238962785955304 0.17073976525639198 0.10085617119384413
0.10645929181572451 0.18022530777063625 0.25223849628615425 0.32179847463362843 0.38822871940888654 0.45088314623405645 0.5091523934168369 0.5624697484538727 0.6103166597385055 0.6522277798673807 0.6877954914959291 0.7166738717253628 0.7385820564645198 0.7533069720455947 0.7607054075267248 0.7607054075267248 0.7533069720455947 0.7385820564645198 0.7166738717253628 0.6877954914959291 0.6522277798673807 0.6103166597385055 0.5624697484538727 0.5091523934168369 0.45088314623405645 0.38822871940888654 0.32179847463362843 0.25223849628615425 0.18022530777063597 0.10645929181572435
0.11112855900062471 0.18812992653250626 0.2633015882285294 0.3359124428193139 0.405256294821557 0.4706587228232694 0.5314836387421368 0.587139474263253 0.6370849342884398 0.6808342614405113 0.7179619604211891 0.7481069362747207 0.770976006309455 0.7863467515212785 0.7940696797866688 0.7940696797866688 0.7863467515212785 0.770976006309455 0.7481069362747207 0.7179619604211891 0.6808342614405113 0.6370849342884398 0.587139474263253 0.5314836387421368 0.4706587228232694 0.405256294821557 0.3359124428193139 0.2633015882285294 0.18812992653250593 0.11112855900062454
0.11393011931156484 0.1928726977896283 0.26993944339395454 0.34438082373072515 0.4154728400691593 0.48252406877679727 0.5448823859373167 0.6019413097488813 0.6531458990184007 0.6979981503843898 0.7360618417763453 0.7669667750043357 0.7904123762164161 0.8061706192066891 0.8140882431426354 0.8140882431426354 0.8061706192066891 0.7904123762164161 0.7669667750043357 0.7360618417763453 0.6979981503843898 0.6531458990184007 0.6019413097488813 0.5448823859373167 0.48252406877679727 0.4154728400691593 0.34438082373072515 0.26993944339395454 0.19287269778962796 0.11393011931156466
0.11393011931156484 0.1928726977896283 0.26993944339395454 0.34438082373072515 0.4154728400691593 0.48252406877679727 0.5448823859373167 0.6019413097488813 0.6531458990184007 0.6979981503843898 0.7360618417763453 0.7669667750043357 0.7904123762164161 0.8061706192066891 0.8140882431426354 0.8140882431426354 0.8061706192066891 0.7904123762164161 0.7669667750043357 0.7360618417763453 0.6979981503843898 0.6531458990184007 0.6019413097488813 0.5448823859373167 0.48252406877679727 0.4154728400691593 0.34438082373072515 0.26993944339395454 0.19287269778962796 0.11393011931156466
0.11112855900062471 0.18812992653250626 0.2633015882285294 0.3359124428193139 0.405256294821557 0.4706587228232694 0.5314836387421368 0.587139474263253 0.6370849342884398 0.6808342614405113 0.7179619604211891 0.7481069362747207 0.770976006309455 0.7863467515212785 0.7940696797866688 0.7940696797866688 0.7863467515212785 0.770976006309455 0.7481069362747207 0.7179619604211891 0.6808342614405113 0.6370849342884398 0.587139474263253 0.5314836387421368 0.4706587228232694 0.405256294821557 0.3359124428193139 0.2633015882285294 0.18812992653250593 0.11112855900062454
0.10645929181572451 0.18022530777063625 0.25223849628615425 0.32179847463362843 0.38822871940888654 0.45088314623405645 0.5091523934168369 0.5624697484538727 0.6103166597385055 0.6522277798673807 0.6877954914959291 0.7166738717253628 0.7385820564645198 0.7533069720455947 0.7607054075267248 0.7607054075267248 0.7533069720455947 0.7385820564645198 0.7166738717253628 0.6877954914959291 0.6522277798673807 0.6103166597385055 0.5624697484538727 0.5091523934168369 0.45088314623405645 0.38822871940888654 0.32179847463362843 0.25223849628615425 0.18022530777063597 0.10645929181572435
0.1008561711938443 0.17073976525639228 0.238962785955304 0.3048617128108059 0.367795628913682 0.42715245432700094 0.4823548990264772 0.5328660774826163 0.5781947302785841 0.6179000019796238 0.6515957287856171 0.6789541942661333 0.6997093166505979 0.7136592366747739 0.7206682808147921 0.7206682808147921 0.7136592366747739 0.6997093166505979 0.6789541942661333 0.6515957287856171 0.6179000019796238 0.5781947302785841 0.5328660774826163 0.4823548990264772 0.42715245432700094 0.367795628913682 0.3048617128108059 0.238962785955304 0.17073976525639198 0.10085617119384413
0.09338534369800396 0.15809237523740025 0.22126183884750372 0.2822793637137091 0.3405515082534093 0.39551153178426 0.44662490650599734 0.49339451618760766 0.535365490998689 0.5721296314626146 0.603329378505201 0.6286612909871605 0.6478789968987017 0.6607955895136796 0.6672854451988814 0.6672854451988814 0.6607955895136796 0.6478789968987017 0.6286612909871605 0.603329378505201 0.5721296314626146 0.535365490998689 0.49339451618760766 0.44662490650599734 0.39551153178426 0.3405515082534093 0.2822793637137091 0.22126183884750372 0.15809237523739997 0.09338534369800383
0.08684836963914369 0.14702590897078224 0.20577351012817846 0.2625198082537495 0.31671290267567065 0.36782572455936186 0.4153611630505775 0.45885690005447505 0.4978899066287808 0.5320805572602316 0.5610963220098368 0.5846550006180593 0.6025274671157926 0.614539898247722 0.6205754640349597 0.6205754640349597 0.614539898247722 0.6025274671157926 0.5846550006180593 0.5610963220098368 0.5320805572602316 0.4978899066287808 0.45885690005447505 0.4153611630505775 0.36782572455936186 0.31671290267567065 0.2625198082537495 0.20577351012817846 0.14702590897078197 0.08684836963914355
0.07844368870632334 0.1327975951994162 0.1858599446319031 0.23711466551951565 0.28606326693286377 0.33222968669877845 0.3751649214650377 0.41445139359759037 0.44970701243889877 0.48058889042859626 0.5067966779443689 0.5280754844292147 0.5442183573949094 0.5550682951914908 0.5605197739670604 0.5605197739670604 0.5550682951914908 0.5442183573949094 0.5280754844292147 0.5067966779443689 0.48058889042859626 0.44970701243889877 0.41445139359759037 0.3751649214650377 0.33222968669877845 0.28606326693286377 0.23711466551951565 0.1858599446319031 0.13279759519941597 0.07844368870632319
0.08684836963914369 0.14702590897078224 0.20577351012817846 0.2625198082537495 0.31671290267567065 0.36782572455936186 0.4153611630505775 0.45885690005447505 0.4978899066287808 0.5320805572602316 0.5610963220098368 0.5846550006180593 0.6025274671157926 0.614539898247722 0.6205754640349597 0.6205754640349597 0.614539898247722 0.6025274671157926 0.5846550006180593 0.5610963220098368 0.5320805572602316 0.4978899066287808 0.45885690005447505 0.4153611630505775 0.36782572455936186 0.31671290267567065 0.2625198082537495 0.20577351012817846 0.14702590897078197 0.08684836963914355
0.09338534369800396 0.15809237523740025 0.22126183884750372 0.2822793637137091 0.3405515082534093 0.39551153178426 0.44662490650599734 0.49339451618760766 0.535365490998689 0.5721296314626146 0.603329378505201 0.6286612909871605 0.6478789968987017 0.6607955895136796 0.6672854451988814 0.6672854451988814 0.6607955895136796 0.6478789968987017 0.6286612909871605 0.603329378505201 0.5721296314626146 0.535365490998689 0.49339451618760766 0.44662490650599734 0.39551153178426 0.3405515082534093 0.2822793637137091 0.22126183884750372 0.15809237523739997 0.09338534369800383
0.1008561711938443 0.17073976525639228 0.238962785955304 0.3048617128108059 0.367795628913682 0.42715245432700094 0.4823548990264772 0.5328660774826163 0.5781947302785841 0.6179000019796238 0.6515957287856171 0.6789541942661333 0.6997093166505979 0.7136592366747739 0.7206682808147921 0.7206682808147921 0.7136592366747739 0.6997093166505979 0.6789541942661333 0.6515957287856171 0.6179000019796238 0.5781947302785841 0.5328660774826163 0.4823548990264772 0.42715245432700094 0.367795628913682 0.3048617128108059 0.238962785955304 0.17073976525639198 0.10085617119384413
0.10645929181572451 0.18022530777063625 0.25223849628615425 0.32179847463362843 0.38822871940888654 0.45088314623405645 0.5091523934168369 0.5624697484538727 0.6103166597385055 0.6522277798673807 0.6877954914959291 0.7166738717253628 0.7385820564645198 0.7533069720455947 0.7607054075267248 0.7607054075267248 0.7533069720455947 0.7385820564645198 0.7166738717253628 0.6877954914959291 0.6522277798673807 0.6103166597385055 0.5624697484538727 0.5091523934168369 0.45088314623405645 0.38822871940888654 0.32179847463362843 0.25223849628615425 0.18022530777063597 0.10645929181572435
0.11112855900062471 0.18812992653250626 0.2633015882285294 0.3359124428193139 0.405256294821557 0.4706587228232694 0.5314836387421368 0.587139474263253 0.6370849342884398 0.6808342614405113 0.7179619604211891 0.7481069362747207 0.770976006309455 0.7863467515212785 0.7940696797866688 0.7940696797866688 0.7863467515212785 0.770976006309455 0.7481069362747207 0.7179619604211891 0.6808342614405113 0.6370849342884398 0.587139474263253 0.5314836387421368 0.4706587228232694 0.405256294821557 0.3359124428193139 0.2633015882285294 0.18812992653250593 0.11112855900062454
0.11393011931156484 0.1928726977896283 0.26993944339395454 0.34438082373072515 0.4154728400691593 0.48252406877679727 0.5448823859373167 0.6019413097488813 0.6531458990184007 0.6979981503843898 0.7360618417763453 0.7669667750043357 0.7904123762164161 0.8061706192066891 0.8140882431426354 0.8140882431426354 0.8061706192066891 0.7904123762164161 0.7669667750043357 0.7360618417763453 0.6979981503843898 0.6531458990184007 0.6019413097488813 0.5448823859373167 0.48252406877679727 0.4154728400691593 0.34438082373072515 0.26993944339395454 0.19287269778962796 0.11393011931156466
0.11579782618552491 0.19603454529437628 0.2743646801709046 0.3500264110049993 0.4222838702342274 0.49043429941248246 0.5538148840674367 0.6118092000726334 0.6638532088383743 0.7094407430136421 0.7481284293464491 0.7795400008240789 0.80336995615439 0.8193865309969627 0.8274339520466129 0.8274339520466129 0.8193865309969627 0.80336995615439 0.7795400008240789 0.7481284293464491 0.7094407430136421 0.6638532088383743 0.6118092000726334 0.5538148840674367 0.49043429941248246 0.4222838702342274 0.3500264110049993 0.2743646801709046 0.19603454529437594 0.11579782618552473
0.11393011931156484 0.1928726977896283 0.26993944339395454 0.34438082373072515 0.4154728400691593 0.48252406877679727 0.5448823859373167 0.6019413097488813 0.6531458990184007 0.6979981503843898 0.7360618417763453 0.7669667750043357 0.7904123762164161 0.8061706192066891 0.8140882431426354 0.8140882431426354 0.8061706192066891 0.7904123762164161 0.7669667750043357 0.7360618417763453 0.6979981503843898 0.6531458990184007 0.6019413097488813 0.5448823859373167 0.48252406877679727 0.4154728400691593 0.34438082373072515 0.26993944339395454 0.19287269778962796 0.11393011931156466
0.11112855900062471 0.18812992653250626 0.2633015882285294 0.3359124428193139 0.405256294821557 0.4706587228232694 0.5314836387421368 0.587139474263253 0.6370849342884398 0.6808342614405113 0.7179619604211891 0.7481069362747207 0.770976006309455 0.7863467515212785 0.7940696797866688 0.7940696797866688 0.7863467515212785 0.770976006309455 0.7481069362747207 0.7179619604211891 0.6808342614405113 0.6370849342884398 0.587139474263253 0.5314836387421368 0.4706587228232694 0.405256294821557 0.3359124428193139 0.2633015882285294 0.18812992653250593 0.11112855900062454
0.10645929181572451 0.18022530777063625 0.25223849628615425 0.32179847463362843 0.38822871940888654 0.45088314623405645 0.5091523934168369 0.5624697484538727 0.6103166597385055 0.6522277798673807 0.6877954914959291 0.7166738717253628 0.7385820564645198 0.7533069720455947 0.7607054075267248 0.7607054075267248 0.7533069720455947 0.7385820564645198 0.7166738717253628 0.6877954914959291 0.6522277798673807 0.6103166597385055 0.5624697484538727 0.5091523934168369 0.45088314623405645 0.38822871940888654 0.32179847463362843 0.25223849628615425 0.18022530777063597 0.10645929181572435
0.1008561711938443 0.17073976525639228 0.238962785955304 0.3048617128108059 0.367795628913682 0.42715245432700094 0.4823548990264772 0.5328660774826163 0.5781947302785841 0.6179000019796238 0.6515957287856171 0.6789541942661333 0.6997093166505979 0.7136592366747739 0.7206682808147921 0.7206682808147921 0.7136592366747739 0.6997093166505979 0.6789541942661333 0.6515957287856171 0.6179000019796238 0.5781947302785841 0.5328660774826163 0.4823548990264772 0.42715245432700094 0.367795628913682 0.3048617128108059 0.238962785955304 0.17073976525639198 0.10085617119384413
0.09338534369800396 0.15809237523740025 0.22126183884750372 0.2822793637137091 0.3405515082534093 0.39551153178426 0.44662490650599734 0.49339451618760766 0.535365490998689 0.5721296314626146 0.603329378505201 0.6286612909871605 0.6478789968987017 0.6607955895136796 0.6672854451988814 0.6672854451988814 0.6607955895136796 0.6478789968987017 0.6286612909871605 0.603329378505201 0.5721296314626146 0.535365490998689 0.49339451618760766 0.44662490650599734 0.39551153178426 0.3405515082534093 0.2822793637137091 0.22126183884750372 0.15809237523739997 0.09338534369800383
0.08684836963914369 0.14702590897078224 0.20577351012817846 0.2625198082537495 0.31671290267567065 0.36782572455936186 0.4153611630505775 0.45885690005447505 0.4978899066287808 0.5320805572602316 0.5610963220098368 0.5846550006180593 0.6025274671157926 0.614539898247722 0.6205754640349597 0.6205754640349597 0.614539898247722 0.6025274671157926 0.5846550006180593 0.5610963220098368 0.5320805572602316 0.4978899066287808 0.45885690005447505 0.4153611630505775 0.36782572455936186 0.31671290267567065 0.2625198082537495 0.20577351012817846 0.14702590897078197 0.08684836963914355
0.07844368870632334 0.1327975951994162 0.1858599446319031 0.23711466551951565 0.28606326693286377 0.33222968669877845 0.3751649214650377 0.41445139359759037 0.44970701243889877 0.48058889042859626 0.5067966779443689 0.5280754844292147 0.5442183573949094 0.5550682951914908 0.5605197739670604 0.5605197739670604 0.5550682951914908 0.5442183573949094 0.5280754844292147 0.5067966779443689 0.48058889042859626 0.44970701243889877 0.41445139359759037 0.3751649214650377 0.33222968669877845 0.28606326693286377 0.23711466551951565 0.1858599446319031 0.13279759519941597 0.07844368870632319
0.08684836963914369 0.14702590897078224 0.20577351012817846 0.2625198082537495 0.31671290267567065 0.36782572455936186 0.4153611630505775 0.45885690005447505 0.4978899066287808 0.5320805572602316 0.5610963220098368 0.5846550006180593 0.6025274671157926 0.614539898247722 0.6205754640349597 0.6205754640349597 0.614539898247722 0.6025274671157926 0.5846550006180593 0.5610963220098368 0.5320805572602316 0.4978899066287808 0.45885690005447505 0.4153611630505775 0.36782572455936186 0.31671290267567065 0.2625198082537495 0.20577351012817846 0.14702590897078197 0.08684836963914355
0.09338534369800396 0.15809237523740025 0.22126183884750372 0.2822793637137091 0.3405515082534093 0.39551153178426 0.44662490650599734 0.49339451618760766 0.535365490998689 0.5721296314626146 0.603329378505201 0.6286612909871605 0.6478789968987017 0.6607955895136796 0.6672854451988814 0.6672854451988814 0.6607955895136796 0.6478789968987017 0.6286612909871605 0.603329378505201 0.5721296314626146 0.535365490998689 0.49339451618760766 0.44662490650599734 0.39551153178426 0.3405515082534093 0.2822793637137091 0.22126183884750372 0.15809237523739997 0.09338534369800383
0.1008561711938443 0.17073976525639228 0.238962785955304 0.3048617128108059 0.367795628913682 0.42715245432700094 0.4823548990264772 0.5328660774826163 0.5781947302785841 0.6179000019796238 0.6515957287856171 0.6789541942661333 0.6997093166505979 0.7136592366747739 0.7206682808147921 0.7206682808147921 0.7136592366747739 0.6997093166505979 0.6789541942661333 0.6515957287856171 0.6179000019796238 0.5781947302785841 0.5328660774826163 0.4823548990264772 0.42715245432700094 0.367795628913682 0.3048617128108059 0.238962785955304 0.17073976525639198 0.10085617119384413
0.10645929181572451 0.18022530777063625 0.25223849628615425 0.32179847463362843 0.38822871940888654 0.45088314623405645 0.5091523934168369 0.5624697484538727 0.6103166597385055 0.6522277798673807 0.6877954914959291 0.7166738717253628 0.7385820564645198 0.7533069720455947 0.7607054075267248 0.7607054075267248 0.7533069720455947 0.7385820564645198 0.7166738717253628 0.6877954914959291 0.6522277798673807 0.6103166597385055 0.5624697484538727 0.5091523934168369 0.45088314623405645 0.38822871940888654 0.32179847463362843 0.25223849628615425 0.18022530777063597 0.10645929181572435
0.11112855900062471 0.18812992653250626 0.2633015882285294 0.3359124428193139 0.405256294821557 0.4706587228232694 0.5314836387421368 0.587139474263253 0.6370849342884398 0.6808342614405113 0.7179619604211891 0.7481069362747207 0.770976006309455 0.7863467515212785 0.7940696797866688 0.7940696797866688 0.7863467515212785 0.770976006309455 0.7481069362747207 0.7179619604211891 0.6808342614405113 0.6370849342884398 0.587139474263253 0.5314836387421368 0.4706587228232694 0.405256294821557 0.3359124428193139 0.2633015882285294 0.18812992653250593 0.11112855900062454
0.11393011931156484 0.1928726977896283 0.26993944339395454 0.34438082373072515 0.4154728400691593 0.48252406877679727 0.5448823859373167 0.6019413097488813 0.6531458990184007 0.6979981503843898 0.7360618417763453 0.7669667750043357 0.7904123762164161 0.8061706192066891 0.8140882431426354 0.8140882431426354 0.8061706192066891 0.7904123762164161 0.7669667750043357 0.7360618417763453 0.6979981503843898 0.6531458990184007 0.6019413097488813 0.5448823859373167 0.48252406877679727 0.4154728400691593 0.34438082373072515 0.26993944339395454 0.19287269778962796 0.11393011931156466
0.11393011931156484 0.1928726977896283 0.26993944339395454 0.34438082373072515 0.4154728400691593 0.48252406877679727 0.5448823859373167 0.6019413097488813 0.6531458990184007 0.6979981503843898 0.7360618417763453 0.7669667750043357 0.7904123762164161 0.8061706192066891 0.8140882431426354 0.8140882431426354 0.8061706192066891 0.7904123762164161 0.7669667750043357 0.7360618417763453 0.6979981503843898 0.6531458990184007 0.6019413097488813 0.5448823859373167 0.48252406877679727 0.4154728400691593 0.34438082373072515 0.26993944339395454 0.19287269778962796 0.11393011931156466
0.11112855900062471 0.18812992653250626 0.2633015882285294 0.3359124428193139 0.405256294821557 0.4706587228232694 0.5314836387421368 0.587139474263253 0.6370849342884398 0.6808342614405113 0.7179619604211891 0.7481069362747207 0.770976006309455 0.7863467515212785 0.7940696797866688 0.7940696797866688 0.7863467515212785 0.770976006309455 0.7481069362747207 0.7179619604211891 0.6808342614405113 0.6370849342884398 0.587139474263253 0.5314836387421368 0.4706587228232694 0.405256294821557 0.3359124428193139 0.2633015882285294 0.18812992653250593 0.11112855900062454
0.10645929181572451 0.18022530777063625 0.25223849628615425 0.32179847463362843 0.38822871940888654 0.45088314623405645 0.5091523934168369 0.5624697484538727 0.6103166597385055 0.6522277798673807 0.6877954914959291 0.7166738717253628 0.7385820564645198 0.7533069720455947 0.7607054075267248 0.7607054075267248 0.7533069720455947 0.7385820564645198 0.7166738717253628 0.6877954914959291 0.6522277798673807 0.6103166597385055 0.5624697484538727 0.5091523934168369 0.45088314623405645 0.38822871940888654 0.32179847463362843 0.25223849628615425 0.18022530777063597 0.10645929181572435
0.1008561711938443 0.17073976525639228 0.238962785955304 0.3048617128108059 0.367795628913682 0.42715245432700094 0.4823548990264772 0.5328660774826163 0.5781947302785841 0.6179000019796238 0.6515957287856171 0.6789541942661333 0.6997093166505979 0.7136592366747739 0.7206682808147921 0.7206682808147921 0.7136592366747739 0.6997093166505979 0.6789541942661333 0.6515957287856171 0.6179000019796238 0.5781947302785841 0.5328660774826163 0.4823548990264772 0.42715245432700094 0.367795628913682 0.3048617128108059 0.238962785955304 0.17073976525639198 0.10085617119384413
0.09338534369800396 0.15809237523740025 0.22126183884750372 0.2822793637137091 0.3405515082534093 0.39551153178426 0.44662490650599734 0.49339451618760766 0.535365490998689 0.5721296314626146 0.603329378505201 0.6286612909871605 0.6478789968987017 0.6607955895136796 0.6672854451988814 0.6672854451988814 0.6607955895136796 0.6478789968987017 0.6286612909871605 0.603329378505201 0.5721296314626146 0.535365490998689 0.49339451618760766 0.44662490650599734 0.39551153178426 0.3405515082534093 0.2822793637137091 0.22126183884750372 0.15809237523739997 0.09338534369800383
0.08684836963914369 0.14702590897078224 0.20577351012817846 0.2625198082537495 0.31671290267567065 0.36782572455936186 0.4153611630505775 0.45885690005447505 0.4978899066287808 0.5320805572602316 0.5610963220098368 0.5846550006180593 0.6025274671157926 0.614539898247722 0.6205754640349597 0.6205754640349597 0.614539898247722 0.6025274671157926 0.5846550006180593 0.5610963220098368 0.5320805572602316 0.4978899066287808 0.45885690005447505 0.4153611630505775 0.36782572455936186 0.31671290267567065 0.2625198082537495 0.20577351012817846 0.14702590897078197 0.08684836963914355
0.07844368870632334 0.1327975951994162 0.1858599446319031 0.23711466551951565 0.28606326693286377 0.33222968669877845 0.3751649214650377 0.41445139359759037 0.44970701243889877 0.48058889042859626 0.5067966779443689 0.5280754844292147 0.5442183573949094 0.5550682951914908 0.5605197739670604 0.5605197739670604 0.5550682951914908 0.5442183573949094 0.5280754844292147 0.5067966779443689 0.48058889042859626 0.44970701243889877 0.41445139359759037 0.3751649214650377 0.33222968669877845 0.28606326693286377 0.23711466551951565 0.1858599446319031 0.13279759519941597 0.07844368870632319
0.07844368870632334 0.1327975951994162 0.1858599446319031 0.23711466551951565 0.28606326693286377 0.33222968669877845 0.3751649214650377 0.41445139359759037 0.44970701243889877 0.48058889042859626 0.5067966779443689 0.5280754844292147 0.5442183573949094 0.5550682951914908 0.5605197739670604 0.5605197739670604 0.5550682951914908 0.5442183573949094 0.5280754844292147 0.5067966779443689 0.48058889042859626 0.44970701243889877 0.41445139359759037 0.3751649214650377 0.33222968669877845 0.28606326693286377 0.23711466551951565 0.1858599446319031 0.13279759519941597 0.07844368870632319
0.08684836963914369 0.14702590897078224 0.20577351012817846 0.2625198082537495 0.31671290267567065 0.36782572455936186 0.4153611630505775 0.45885690005447505 0.4978899066287808 0.5320805572602316 0.5610963220098368 0.5846550006180593 0.6025274671157926 0.614539898247722 0.6205754640349597 0.6205754640349597 0.614539898247722 0.6025274671157926 0.5846550006180593 0.5610963220098368 0.5320805572602316 0.4978899066287808 0.45885690005447505 0.4153611630505775 0.36782572455936186 0.31671290267567065 0.2625198082537495 0.20577351012817846 0.14702590897078197 0.08684836963914355
0.09338534369800396 0.15809237523740025 0.22126183884750372 0.2822793637137091 0.3405515082534093 0.39551153178426 0.44662490650599734 0.49339451618760766 0.535365490998689 0.5721296314626146 0.603329378505201 0.6286612909871605 0.6478789968987017 0.6607955895136796 0.6672854451988814 0.6672854451988814 0.6607955895136796 0.6478789968987017 0.6286612909871605 0.603329378505201 0.5721296314626146 0.535365490998689 0.49339451618760766 0.44662490650599734 0.39551153178426 0.3405515082534093 0.2822793637137091 0.22126183884750372 0.15809237523739997 0.09338534369800383
0.1008561711938443 0.17073976525639228 0.238962785955304 0.3048617128108059 0.367795628913682 0.42715245432700094 0.4823548990264772 0.5328660774826163 0.5781947302785841 0.6179000019796238 0.6515957287856171 0.6789541942661333 0.6997093166505979 0.7136592366747739 0.7206682808147921 0.7206682808147921 0.7136592366747739 0.6997093166505979 0.6789541942661333 0.6515957287856171 0.6179000019796238 0.5781947302785841 0.5328660774826163 0.4823548990264772 0.42715245432700094 0.367795628913682 0.3048617128108059 0.238962785955304 0.17073976525639198 0.10085617119384413
0.10645929181572451 0.18022530777063625 0.25223849628615425 0.32179847463362843 0.38822871940888654 0.45088314623405645 0.5091523934168369 0.5624697484538727 0.6103166597385055 0.6522277798673807 0.6877954914959291 0.7166738717253628 0.7385820564645198 0.7533069720455947 0.7607054075267248 0.7607054075267248 0.7533069720455947 0.7385820564645198 0.7166738717253628 0.6877954914959291 0.6522277798673807 0.6103166597385055 0.5624697484538727 0.5091523934168369 0.45088314623405645 0.38822871940888654 0.32179847463362843 0.25223849628615425 0.18022530777063597 0.10645929181572435
0.11112855900062471 0.18812992653250626 0.2633015882285294 0.3359124428193139 0.405256294821557 0.4706587228232694 0.5314836387421368 0.587139474263253 0.6370849342884398 0.6808342614405113 0.7179619604211891 0.7481069362747207 0.770976006309455 0.7863467515212785 0.7940696797866688 0.7940696797866688 0.7863467515212785 0.770976006309455 0.7481069362747207 0.7179619604211891 0.6808342614405113 0.6370849342884398 0.587139474263253 0.5314836387421368 0.4706587228232694 0.405256294821557 0.3359124428193139 0.2633015882285294 0.18812992653250593 0.11112855900062454
0.11112855900062471 0.18812992653250626 0.2633015882285294 0.3359124428193139 0.405256294821557 0.4706587228232694 0.5314836387421368 0.587139474263253 0.6370849342884398 0.6808342614405113 0.7179619604211891 0.7481069362747207 0.770976006309455 0.7863467515212785 0.7940696797866688 0.7940696797866688 0.7863467515212785 0.770976006309455 0.7481069362747207 0.7179619604211891 0.6808342614405113 0.6370849342884398 0.587139474263253 0.5314836387421368 0.4706587228232694 0.405256294821557 0.3359124428193139 0.2633015882285294 0.18812992653250593 0.11112855900062454
0.11112855900062471 0.18812992653250626 0.2633015882285294 0.3359124428193139 0.405256294821557 0.4706587228232694 0.5314836387421368 0.587139474263253 0.6370849342884398 0.6808342614405113 0.7179619604211891 0.7481069362747207 0.770976006309455 0.7863467515212785 0.7940696797866688 0.7940696797866688 0.7863467515212785 0.770976006309455 0.7481069362747207 0.7179619604211891 0.6808342614405113 0.6370849342884398 0.587139474263253 0.5314836387421368 0.4706587228232694 0.405256294821557 0.3359124428193139 0.2633015882285294 0.18812992653250593 0.11112855900062454
0.10645929181572451 0.18022530777063625 0.25223849628615425 0.32179847463362843 0.38822871940888654 0.45088314623405645 0.5091523934168369 0.5624697484538727 0.6103166597385055 0.6522277798673807 0.6877954914959291 0.7166738717253628 0.7385820564645198 0.7533069720455947 0.7607054075267248 0.7607054075267248 0.7533069720455947 0.7385820564645198 0.7166738717253628 0.6877954914959291 0.6522277798673807 0.6103166597385055 0.5624697484538727 0.5091523934168369 0.45088314623405645 0.38822871940888654 0.32179847463362843 0.25223849628615425 0.18022530777063597 0.10645929181572435
0.1008561711938443 0.17073976525639228 0.238962785955304 0.3048617128108059 0.367795628913682 0.42715245432700094 0.4823548990264772 0.5328660774826163 0.5781947302785841 0.6179000019796238 0.6515957287856171 0.6789541942661333 0.6997093166505979 0.7136592366747739 0.7206682808147921 0.7206682808147921 0.7136592366747739 0.6997093166505979 0.6789541942661333 0.6515957287856171 0.6179000019796238 0.5781947302785841 0.5328660774826163 0.4823548990264772 0.42715245432700094 0.367795628913682 0.3048617128108059 0.238962785955304 0.17073976525639198 0.10085617119384413
0.09338534369800396 0.15809237523740025 0.22126183884750372 0.2822793637137091 0.3405515082534093 0.39551153178426 0.44662490650599734 0.49339451618760766 0.535365490998689 0.5721296314626146 0.603329378505201 0.6286612909871605 0.6478789968987017 0.6607955895136796 0.6672854451988814 0.6672854451988814 0.6607955895136796 0.6478789968987017 0.6286612909871605 0.603329378505201 0.5721296314626146 0.535365490998689 0.49339451618760766 0.44662490650599734 0.39551153178426 0.3405515082534093 0.2822793637137091 0.22126183884750372 0.15809237523739997 0.09338534369800383
0.08684836963914369 0.14702590897078224 0.20577351012817846 0.2625198082537495 0.31671290267567065 0.36782572455936186 0.4153611630505775 0.45885690005447505 0.4978899066287808 0.5320805572602316 0.5610963220098368 0.5846550006180593 0.6025274671157926 0.614539898247722 0.6205754640349597 0.6205754640349597 0.614539898247722 0.6025274671157926 0.5846550006180593 0.5610963220098368 0.5320805572602316 0.4978899066287808 0.45885690005447505 0.4153611630505775 0.36782572455936186 0.31671290267567065 0.2625198082537495 0.20577351012817846 0.14702590897078197 0.08684836963914355
0.07844368870632334 0.1327975951994162 0.1858599446319031 0.23711466551951565 0.28606326693286377 0.33222968669877845 0.3751649214650377 0.41445139359759037 0.44970701243889877 0.48058889042859626 0.5067966779443689 0.5280754844292147 0.5442183573949094 0.5550682951914908 0.5605197739670604 0.5605197739670604 0.5550682951914908 0.5442183573949094 0.5280754844292147 0.5067966779443689 0.48058889042859626 0.44970701243889877 0.41445139359759037 0.3751649214650377 0.33222968669877845 0.28606326693286377 0.23711466551951565 0.1858599446319031 0.13279759519941597 0.07844368870632319
0.07844368870632334 0.1327975951994162 0.1858599446319031 0.23711466551951565 0.28606326693286377 0.33222968669877845 0.3751649214650377 0.41445139359759037 0.44970701243889877 0.48058889042859626 0.5067966779443689 0.5280754844292147 0.5442183573949094 0.5550682951914908 0.5605197739670604 0.5605197739670604 0.5550682951914908 0.5442183573949094 0.5280754844292147 0.5067966779443689 0.48058889042859626 0.44970701243889877 0.41445139359759037 0.3751649214650377 0.33222968669877845 0.28606326693286377 0.23711466551951565 0.1858599446319031 0.13279759519941597 0.07844368870632319
0.08684836963914369 0.14702590897078224 0.20577351012817846 0.2625198082537495 0.31671290267567065 0.36782572455936186 0.4153611630505775 0.45885690005447505 0.4978899066287808 0.5320805572602316 0.5610963220098368 0.5846550006180593 0.6025274671157926 0.614539898247722 0.6205754640349597 0.6205754640349597 0.614539898247722 0.6025274671157926 0.5846550006180593 0.5610963220098368 0.5320805572602316 0.4978899066287808 0.45885690005447505 0.4153611630505775 0.36782572455936186 0.31671290267567065 0.2625198082537495 0.20577351012817846 0.14702590897078197 0.08684836963914355
0.09338534369800396 0.15809237523740025 0.22126183884750372 0.2822793637137091 0.3405515082534093 0.39551153178426 0.44662490650599734 0.49339451618760766 0.535365490998689 0.5721296314626146 0.603329378505201 0.6286612909871605 0.6478789968987017 0.6607955895136796 0.6672854451988814 0.6672854451988814 0.6607955895136796 0.6478789968987017 0.6286612909871605 0.603329378505201 0.5721296314626146 0.535365490998689 0.49339451618760766 0.44662490650599734 0.39551153178426 0.3405515082534093 0.2822793637137091 0.22126183884750372 0.15809237523739997 0.09338534369800383
0.1008561711938443 0.17073976525639228 0.238962785955304 0.3048617128108059 0.367795628913682 0.42715245432700094 0.4823548990264772 0.5328660774826163 0.5781947302785841 0.6179000019796238 0.6515957287856171 0.6789541942661333 0.6997093166505979 0.7136592366747739 0.7206682808147921 0.7206682808147921 0.7136592366747739 0.6997093166505979 0.6789541942661333 0.6515957287856171 0.6179000019796238 0.5781947302785841 0.5328660774826163 0.4823548990264772 0.42715245432700094 0.367795628913682 0.3048617128108059 0.238962785955304 0.17073976525639198 0.10085617119384413
0.10645929181572451 0.18022530777063625 0.25223849628615425 0.32179847463362843 0.38822871940888654 0.45088314623405645 0.5091523934168369 0.5624697484538727 0.6103166597385055 0.6522277798673807 0.6877954914959291 0.7166738717253628 0.7385820564645198 0.7533069720455947 0.7607054075267248 0.7607054075267248 0.7533069720455947 0.7385820564645198 0.7166738717253628 0.6877954914959291 0.6522277798673807 0.6103166597385055 0.5624697484538727 0.5091523934168369 0.45088314623405645 0.38822871940888654 0.32179847463362843 0.25223849628615425 0.18022530777063597 0.10645929181572435
0.10645929181572451 0.18022530777063625 0.25223849628615425 0.32179847463362843 0.38822871940888654 0.45088314623405645 0.5091523934168369 0.5624697484538727 0.6103166597385055 0.6522277798673807 0.6877954914959291 0.7166738717253628 0.7385820564645198 0.7533069720455947 0.7607054075267248 0.7607054075267248 0.7533069720455947 0.7385820564645198 0.7166738717253628 0.6877954914959291 0.6522277798673807 0.6103166597385055 0.5624697484538727 0.5091523934168369 0.45088314623405645 0.38822871940888654 0.32179847463362843 0.25223849628615425 0.18022530777063597 0.10645929181572435
0.10645929181572451 0.18022530777063625 0.25223849628615425 0.32179847463362843 0.38822871940888654 0.45088314623405645 0.5091523934168369 0.5624697484538727 0.6103166597385055 0.6522277798673807 0.6877954914959291 0.7166738717253628 0.7385820564645198 0.7533069720455947 0.7607054075267248 0.7607054075267248 0.7533069720455947 0.7385820564645198 0.7166738717253628 0.6877954914959291 0.6522277798673807 0.6103166597385055 0.5624697484538727 0.5091523934168369 0.45088314623405645 0.38822871940888654 0.32179847463362843 0.25223849628615425 0.18022530777063597 0.10645929181572435
0.10645929181572451 0.18022530777063625 0.25223849628615425 0.32179847463362843 0.38822871940888654 0.45088314623405645 0.5091523934168369 0.5624697484538727 0.6103166597385055 0.6522277798673807 0.6877954914959291 0.7166738717253628 0.7385820564645198 0.7533069720455947 0.7607054075267248 0.7607054075267248 0.7533069720455947 0.7385820564645198 0.7166738717253628 0.6877954914959291 0.6522277798673807 0.6103166597385055 0.5624697484538727 0.5091523934168369 0.45088314623405645 0.38822871940888654 0.32179847463362843 0.25223849628615425 0.18022530777063597 0.10645929181572435
0.1008561711938443 0.17073976525639228 0.238962785955304 0.3048617128108059 0.367795628913682 0.42715245432700094 0.4823548990264772 0.5328660774826163 0.5781947302785841 0.6179000019796238 0.6515957287856171 0.6789541942661333 0.6997093166505979 0.7136592366747739 0.7206682808147921 0.7206682808147921 0.7136592366747739 0.6997093166505979 0.6789541942661333 0.6515957287856171 0.6179000019796238 0.5781947302785841 0.5328660774826163 0.4823548990264772 0.42715245432700094 0.367795628913682 0.3048617128108059 0.238962785955304 0.17073976525639198 0.10085617119384413
0.09338534369800396 0.15809237523740025 0.22126183884750372 0.2822793637137091 0.3405515082534093 0.39551153178426 0.44662490650599734 0.49339451618760766 0.535365490998689 0.5721296314626146 0.603329378505201 0.6286612909871605 0.6478789968987017 0.6607955895136796 0.6672854451988814 0.6672854451988814 0.6607955895136796 0.6478789968987017 0.6286612909871605 0.603329378505201 0.5721296314626146 0.535365490998689 0.49339451618760766 0.44662490650599734 0.39551153178426 0.3405515082534093 0.2822793637137091 0.22126183884750372 0.15809237523739997 0.09338534369800383
0.08684836963914369 0.14702590897078224 0.20577351012817846 0.2625198082537495 0.31671290267567065 0.36782572455936186 0.4153611630505775 0.45885690005447505 0.4978899066287808 0.5320805572602316 0.5610963220098368 0.5846550006180593 0.6025274671157926 0.614539898247722 0.6205754640349597 0.6205754640349597 0.614539898247722 0.6025274671157926 0.5846550006180593 0.5610963220098368 0.5320805572602316 0.4978899066287808 0.45885690005447505 0.4153611630505775 0.36782572455936186 0.31671290267567065 0.2625198082537495 0.20577351012817846 0.14702590897078197 0.08684836963914355
0.07844368870632334 0.1327975951994162 0.1858599446319031 0.23711466551951565 0.28606326693286377 0.33222968669877845 0.3751649214650377 0.41445139359759037 0.44970701243889877 0.48058889042859626 0.5067966779443689 0.5280754844292147 0.5442183573949094 0.5550682951914908 0.5605197739670604 0.5605197739670604 0.5550682951914908 0.5442183573949094 0.5280754844292147 0.5067966779443689 0.48058889042859626 0.44970701243889877 0.41445139359759037 0.3751649214650377 0.33222968669877845 0.28606326693286377 0.23711466551951565 0.1858599446319031 0.13279759519941597 0.07844368870632319
0.07844368870632334 0.1327975951994162 0.1858599446319031 0.23711466551951565 0.28606326693286377 0.33222968669877845 0.3751649214650377 0.41445139359759037 0.44970701243889877 0.48058889042859626 0.5067966779443689 0.5280754844292147 0.5442183573949094 0.5550682951914908 0.5605197739670604 0.5605197739670604 0.5550682951914908 0.5442183573949094 0.5280754844292147 0.5067966779443689 0.48058889042859626 0.44970701243889877 0.41445139359759037 0.3751649214650377 0.33222968669877845 0.28606326693286377 0.23711466551951565 0.1858599446319031 0.13279759519941597 0.07844368870632319
0.08684836963914369 0.14702590897078224 0.20577351012817846 0.2625198082537495 0.31671290267567065 0.36782572455936186 0.4153611630505775 0.45885690005447505 0.4978899066287808 0.5320805572602316 0.5610963220098368 0.5846550006180593 0.6025274671157926 0.614539898247722 0.6205754640349597 0.6205754640349597 0.614539898247722 0.6025274671157926 0.5846550006180593 0.5610963220098368 0.5320805572602316 0.4978899066287808 0.45885690005447505 0.4153611630505775 0.36782572455936186 0.31671290267567065 0.2625198082537495 0.20577351012817846 0.14702590897078197 0.08684836963914355
0.09338534369800396 0.15809237523740025 0.22126183884750372 0.2822793637137091 0.3405515082534093 0.39551153178426 0.44662490650599734 0.49339451618760766 0.535365490998689 0.5721296314626146 0.603329378505201 0.6286612909871605 0.6478789968987017 0.6607955895136796 0.6672854451988814 0.6672854451988814 0.6607955895136796 0.6478789968987017 0.6286612909871605 0.603329378505201 0.5721296314626146 0.535365490998689 0.49339451618760766 0.44662490650599734 0.39551153178426 0.3405515082534093 0.2822793637137091 0.22126183884750372 0.15809237523739997 0.09338534369800383
0.1008561711938443 0.17073976525639228 0.238962785955304 0.3048617128108059 0.367795628913682 0.42715245432700094 0.4823548990264772 0.5328660774826163 0.5781947302785841 0.6179000019796238 0.6515957287856171 0.6789541942661333 0.6997093166505979 0.7136592366747739 0.7206682808147921 0.7206682808147921 0.7136592366747739 0.6997093166505979 0.6789541942661333 0.6515957287856171 0.6179000019796238 0.5781947302785841 0.5328660774826163 0.4823548990264772 0.42715245432700094 0.367795628913682 0.3048617128108059 0.238962785955304 0.17073976525639198 0.10085617119384413
0.1008561711938443 0.17073976525639228 0.238962785955304 0.3048617128108059 0.367795628913682 0.42715245432700094 0.4823548990264772 0.5328660774826163 0.5781947302785841 0.6179000019796238 0.6515957287856171 0.6789541942661333 0.6997093166505979 0.7136592366747739 0.7206682808147921 0.7206682808147921 0.7136592366747739 0.6997093166505979 0.6789541942661333 0.6515957287856171 0.6179000019796238 0.5781947302785841 0.5328660774826163 0.4823548990264772 0.42715245432700094 0.367795628913682 0.3048617128108059 0.238962785955304 0.17073976525639198 0.10085617119384413
0.1008561711938443 0.17073976525639228 0.238962785955304 0.3048617128108059 0.367795628913682 0.42715245432700094 0.4823548990264772 0.5328660774826163 0.5781947302785841 0.6179000019796238 0.6515957287856171 0.6789541942661333 0.6997093166505979 0.7136592366747739 0.7206682808147921 0.7206682808147921 0.7136592366747739 0.6997093166505979 0.6789541942661333 0.6515957287856171 0.6179000019796238 0.5781947302785841 0.5328660774826163 0.4823548990264772 0.42715245432700094 0.367795628913682 0.3048617128108059 0.238962785955304 0.17073976525639198 0.10085617119384413
0.1008561711938443 0.17073976525639228 0.238962785955304 0.3048617128108059 0.367795628913682 0.42715245432700094 0.4823548990264772 0.5328660774826163 0.5781947302785841 0.6179000019796238 0.6515957287856171 0.6789541942661333 0.6997093166505979 0.7136592366747739 0.7206682808147921 0.7206682808147921 0.7136592366747739 0.6997093166505979 0.6789541942661333 0.6515957287856171 0.6179000019796238 0.5781947302785841 0.5328660774826163 0.4823548990264772 0.42715245432700094 0.367795628913682 0.3048617128108059 0.238962785955304 0.17073976525639198 0.10085617119384413
0.1008561711938443 0.17073976525639228 0.238962785955304 0.3048617128108059 0.367795628913682 0.42715245432700094 0.4823548990264772 0.5328660774826163 0.5781947302785841 0.6179000019796238 0.6515957287856171 0.6789541942661333 0.6997093166505979 0.7136592366747739 0.7206682808147921 0.7206682808147921 0.7136592366747739 0.6997093166505979 0.6789541942661333 0.6515957287856171 0.6179000019796238 0.5781947302785841 0.5328660774826163 0.4823548990264772 0.42715245432700094 0.367795628913682 0.3048617128108059 0.238962785955304 0.17073976525639198 0.10085617119384413
0.09338534369800396 0.15809237523740025 0.22126183884750372 0.2822793637137091 0.3405515082534093 0.39551153178426 0.44662490650599734 0.49339451618760766 0.535365490998689 0.5721296314626146 0.603329378505201 0.6286612909871605 0.6478789968987017 0.6607955895136796 0.6672854451988814 0.6672854451988814 0.6607955895136796 0.6478789968987017 0.6286612909871605 0.603329378505201 0.5721296314626146 0.535365490998689 0.49339451618760766 0.44662490650599734 0.39551153178426 0.3405515082534093 0.2822793637137091 0.22126183884750372 0.15809237523739997 0.09338534369800383
0.08684836963914369 0.14702590897078224 0.20577351012817846 0.2625198082537495 0.31671290267567065 0.36782572455936186 0.4153611630505775 0.45885690005447505 0.4978899066287808 0.5320805572602316 0.5610963220098368 0.5846550006180593 0.6025274671157926 0.614539898247722 0.6205754640349597 0.6205754640349597 0.614539898247722 0.6025274671157926 0.5846550006180593 0.5610963220098368 0.5320805572602316 0.4978899066287808 0.45885690005447505 0.4153611630505775 0.36782572455936186 0.31671290267567065 0.2625198082537495 0.20577351012817846 0.14702590897078197 0.08684836963914355
0.07844368870632334 0.1327975951994162 0.1858599446319031 0.23711466551951565 0.28606326693286377 0.33222968669877845 0.3751649214650377 0.41445139359759037 0.44970701243889877 0.48058889042859626 0.5067966779443689 0.5280754844292147 0.5442183573949094 0.5550682951914908 0.5605197739670604 0.5605197739670604 0.5550682951914908 0.5442183573949094 0.5280754844292147 0.5067966779443689 0.48058889042859626 0.44970701243889877 0.41445139359759037 0.3751649214650377 0.33222968669877845 0.28606326693286377 0.23711466551951565 0.1858599446319031 0.13279759519941597 0.07844368870632319
0.07844368870632334 0.1327975951994162 0.1858599446319031 0.23711466551951565 0.28606326693286377 0.33222968669877845 0.3751649214650377 0.41445139359759037 0.44970701243889877 0.48058889042859626 0.5067966779443689 0.5280754844292147 0.5442183573949094 0.5550682951914908 0.5605197739670604 0.5605197739670604 0.5550682951914908 0.5442183573949094 0.5280754844292147 0.5067966779443689 0.48058889042859626 0.44970701243889877 0.41445139359759037 0.3751649214650377 0.33222968669877845 0.28606326693286377 0.23711466551951565 0.1858599446319031 0.13279759519941597 0.07844368870632319
0.08684836963914369 0.14702590897078224 0.20577351012817846 0.2625198082537495 0.31671290267567065 0.36782572455936186 0.4153611630505775 0.45885690005447505 0.4978899066287808 0.5320805572602316 0.5610963220098368 0.5846550006180593 0.6025274671157926 0.614539898247722 0.6205754640349597 0.6205754640349597 0.614539898247722 0.6025274671157926 0.5846550006180593 0.5610963220098368 0.5320805572602316 0.4978899066287808 0.45885690005447505 0.4153611630505775 0.36782572455936186 0.31671290267567065 0.2625198082537495 0.20577351012817846 0.14702590897078197 0.08684836963914355
0.09338534369800396 0.15809237523740025 0.22126183884750372 0.2822793637137091 0.3405515082534093 0.39551153178426 0.44662490650599734 0.49339451618760766 0.535365490998689 0.5721296314626146 0.603329378505201 0.6286612909871605 0.6478789968987017 0.6607955895136796 0.6672854451988814 0.6672854451988814 0.6607955895136796 0.6478789968987017 0.6286612909871605 0.603329378505201 0.5721296314626146 0.535365490998689 0.49339451618760766 0.44662490650599734 0.39551153178426 0.3405515082534093 0.2822793637137091 0.22126183884750372 0.15809237523739997 0.09338534369800383
0.09338534369800396 0.15809237523740025 0.22126183884750372 0.2822793637137091 0.3405515082534093 0.39551153178426 0.44662490650599734 0.49339451618760766 0.535365490998689 0.5721296314626146 0.603329378505201 0.6286612909871605 0.6478789968987017 0.6607955895136796 0.6672854451988814 0.6672854451988814 0.6607955895136796 0.6478789968987017 0.6286612909871605 0.603329378505201 0.5721296314626146 0.535365490998689 0.49339451618760766 0.44662490650599734 0.39551153178426 0.3405515082534093 0.2822793637137091 0.22126183884750372 0.15809237523739997 0.09338534369800383
0.09338534369800396 0.15809237523740025 0.22126183884750372 0.2822793637137091 0.3405515082534093 0.39551153178426 0.44662490650599734 0.49339451618760766 0.535365490998689 0.5721296314626146 0.603329378505201 0.6286612909871605 0.6478789968987017 0.6607955895136796 0.6672854451988814 0.6672854451988814 0.6607955895136796 0.6478789968987017 0.6286612909871605 0.603329378505201 0.5721296314626146 0.535365490998689 0.49339451618760766 0.44662490650599734 0.39551153178426 0.3405515082534093 0.2822793637137091 0.22126183884750372 0.15809237523739997 0.09338534369800383
0.09338534369800396 0.15809237523740025 0.22126183884750372 0.2822793637137091 0.3405515082534093 0.39551153178426 0.44662490650599734 0.49339451618760766 0.535365490998689 0.5721296314626146 0.603329378505201 0.6286612909871605 0.6478789968987017 0.6607955895136796 0.6672854451988814 0.6672854451988814 0.6607955895136796 0.6478789968987017 0.6286612909871605 0.603329378505201 0.5721296314626146 0.535365490998689 0.49339451618760766 0.44662490650599734 0.39551153178426 0.3405515082534093 0.2822793637137091 0.22126183884750372 0.15809237523739997 0.09338534369800383
0.09338534369800396 0.15809237523740025 0.22126183884750372 0.2822793637137091 0.3405515082534093 0.39551153178426 0.44662490650599734 0.49339451618760766 0.535365490998689 0.5721296314626146 0.603329378505201 0.6286612909871605 0.6478789968987017 0.6607955895136796 0.6672854451988814 0.6672854451988814 0.6607955895136796 0.6478789968987017 0.6286612909871605 0.603329378505201 0.5721296314626146 0.535365490998689 0.49339451618760766 0.44662490650599734 0.39551153178426 0.3405515082534093 0.2822793637137091 0.22126183884750372 0.15809237523739997 0.09338534369800383
0.09338534369800396 0.15809237523740025 0.22126183884750372 0.2822793637137091 0.3405515082534093 0.39551153178426 0.44662490650599734 0.49339451618760766 0.535365490998689 0.5721296314626146 0.603329378505201 0.6286612909871605 0.6478789968987017 0.6607955895136796 0.6672854451988814 0.6672854451988814 0.6607955895136796 0.6478789968987017 0.6286612909871605 0.603329378505201 0.5721296314626146 0.535365490998689 0.49339451618760766 0.44662490650599734 0.39551153178426 0.3405515082534093 0.2822793637137091 0.22126183884750372 0.15809237523739997 0.09338534369800383
0.08684836963914369 0.14702590897078224 0.20577351012817846 0.2625198082537495 0.31671290267567065 0.36782572455936186 0.4153611630505775 0.45885690005447505 0.4978899066287808 0.5320805572602316 0.5610963220098368 0.5846550006180593 0.6025274671157926 0.614539898247722 0.6205754640349597 0.6205754640349597 0.614539898247722 0.6025274671157926 0.5846550006180593 0.5610963220098368 0.5320805572602316 0.4978899066287808 0.45885690005447505 0.4153611630505775 0.36782572455936186 0.31671290267567065 0.2625198082537495 0.20577351012817846 0.14702590897078197 0.08684836963914355
0.07844368870632334 0.1327975951994162 0.1858599446319031 0.23711466551951565 0.28606326693286377 0.33222968669877845 0.3751649214650377 0.41445139359759037 0.44970701243889877 0.48058889042859626 0.5067966779443689 0.5280754844292147 0.5442183573949094 0.5550682951914908 0.5605197739670604 0.5605197739670604 0.5550682951914908 0.5442183573949094 0.5280754844292147 0.5067966779443689 0.48058889042859626 0.44970701243889877 0.41445139359759037 0.3751649214650377 0.33222968669877845 0.28606326693286377 0.23711466551951565 0.1858599446319031 0.13279759519941597 0.07844368870632319
0.07844368870632334 0.1327975951994162 0.1858599446319031 0.23711466551951565 0.28606326693286377 0.33222968669877845 0.3751649214650377 0.41445139359759037 0.44970701243889877 0.48058889042859626 0.5067966779443689 0.5280754844292147 0.5442183573949094 0.5550682951914908 0.5605197739670604 0.5605197739670604 0.5550682951914908 0.5442183573949094 0.5280754844292147 0.5067966779443689 0.48058889042859626 0.44970701243889877 0.41445139359759037 0.3751649214650377 0.33222968669877845 0.28606326693286377 0.23711466551951565 0.1858599446319031 0.13279759519941597 0.07844368870632319
0.08684836963914369 0.14702590897078224 0.20577351012817846 0.2625198082537495 0.31671290267567065 0.36782572455936186 0.4153611630505775 0.45885690005447505 0.4978899066287808 0.5320805572602316 0.5610963220098368 0.5846550006180593 0.6025274671157926 0.614539898247722 0.6205754640349597 0.6205754640349597 0.614539898247722 0.6025274671157926 0.5846550006180593 0.5610963220098368 0.5320805572602316 0.4978899066287808 0.45885690005447505 0.4153611630505775 0.36782572455936186 0.31671290267567065 0.2625198082537495 0.20577351012817846 0.14702590897078197 0.08684836963914355
0.08684836963914369 0.14702590897078224 0.20577351012817846 0.2625198082537495 0.31671290267567065 0.36782572455936186 0.4153611630505775 0.45885690005447505 0.4978899066287808 0.5320805572602316 0.5610963220098368 0.5846550006180593 0.6025274671157926 0.614539898247722 0.6205754640349597 0.6205754640349597 0.614539898247722 0.6025274671157926 0.5846550006180593 0.5610963220098368 0.5320805572602316 0.4978899066287808 0.45885690005447505 0.4153611630505775 0.36782572455936186 0.31671290267567065 0.2625198082537495 0.20577351012817846 0.14702590897078197 0.08684836963914355
0.08684836963914369 0.14702590897078224 0.20577351012817846 0.2625198082537495 0.31671290267567065 0.36782572455936186 0.4153611630505775 0.45885690005447505 0.4978899066287808 0.5320805572602316 0.5610963220098368 0.5846550006180593 0.6025274671157926 0.614539898247722 0.6205754640349597 0.6205754640349597 0.614539898247722 0.6025274671157926 0.5846550006180593 0.5610963220098368 0.5320805572602316 0.4978899066287808 0.45885690005447505 0.4153611630505775 0.36782572455936186 0.31671290267567065 0.2625198082537495 0.20577351012817846 0.14702590897078197 0.08684836963914355
0.08684836963914369 0.14702590897078224 0.20577351012817846 0.2625198082537495 0.31671290267567065 0.36782572455936186 0.4153611630505775 0.45885690005447505 0.4978899066287808 0.5320805572602316 0.5610963220098368 0.5846550006180593 0.6025274671157926 0.614539898247722 0.6205754640349597 0.6205754640349597 0.614539898247722 0.6025274671157926 0.5846550006180593 0.5610963220098368 0.5320805572602316 0.4978899066287808 0.45885690005447505 0.4153611630505775 0.36782572455936186 0.31671290267567065 0.2625198082537495 0.20577351012817846 0.14702590897078197 0.08684836963914355
0.08684836963914369 0.14702590897078224 0.20577351012817846 0.2625198082537495 0.31671290267567065 0.36782572455936186 0.4153611630505775 0.45885690005447505 0.4978899066287808 0.5320805572602316 0.5610963220098368 0.5846550006180593 0.6025274671157926 0.614539898247722 0.6205754640349597 0.6205754640349597 0.614539898247722 0.6025274671157926 0.5846550006180593 0.5610963220098368 0.5320805572602316 0.4978899066287808 0.45885690005447505 0.4153611630505775 0.36782572455936186 0.31671290267567065 0.2625198082537495 0.20577351012817846 0.14702590897078197 0.08684836963914355
0.08684836963914369 0.14702590897078224 0.20577351012817846 0.2625198082537495 0.31671290267567065 0.36782572455936186 0.4153611630505775 0.45885690005447505 0.4978899066287808 0.5320805572602316 0.5610963220098368 0.5846550006180593 0.6025274671157926 0.614539898247722 0.6205754640349597 0.6205754640349597 0.614539898247722 0.6025274671157926 0.5846550006180593 0.5610963220098368 0.5320805572602316 0.4978899066287808 0.45885690005447505 0.4153611630505775 0.36782572455936186 0.31671290267567065 0.2625198082537495 0.20577351012817846 0.14702590897078197 0.08684836963914355
0.08684836963914369 0.14702590897078224 0.20577351012817846 0.2625198082537495 0.31671290267567065 0.36782572455936186 0.4153611630505775 0.45885690005447505 0.4978899066287808 0.5320805572602316 0.5610963220098368 0.5846550006180593 0.6025274671157926 0.614539898247722 0.6205754640349597 0.6205754640349597 0.614539898247722 0.6025274671157926 0.5846550006180593 0.5610963220098368 0.5320805572602316 0.4978899066287808 0.45885690005447505 0.4153611630505775 0.36782572455936186 0.31671290267567065 0.2625198082537495 0.20577351012817846 0.14702590897078197 0.08684836963914355
0.07844368870632334 0.1327975951994162 0.1858599446319031 0.23711466551951565 0.28606326693286377 0.33222968669877845 0.3751649214650377 0.41445139359759037 0.44970701243889877 0.48058889042859626 0.5067966779443689 0.5280754844292147 0.5442183573949094 0.5550682951914908 0.5605197739670604 0.5605197739670604 0.5550682951914908 0.5442183573949094 0.5280754844292147 0.5067966779443689 0.48058889042859626 0.44970701243889877 0.41445139359759037 0.3751649214650377 0.33222968669877845 0.28606326693286377 0.23711466551951565 0.1858599446319031 0.13279759519941597 0.07844368870632319
0.07844368870632334 0.1327975951994162 0.1858599446319031 0.23711466551951565 0.28606326693286377 0.33222968669877845 0.3751649214650377 0.41445139359759037 0.44970701243889877 0.48058889042859626 0.5067966779443689 0.5280754844292147 0.5442183573949094 0.5550682951914908 0.5605197739670604 0.5605197739670604 0.5550682951914908 0.5442183573949094 0.5280754844292147 0.5067966779443689 0.48058889042859626 0.44970701243889877 0.41445139359759037 0.3751649214650377 0.33222968669877845 0.28606326693286377 0.23711466551951565 0.1858599446319031 0.13279759519941597 0.07844368870632319
0.07844368870632334 0.1327975951994162 0.1858599446319031 0.23711466551951565 0.28606326693286377 0.33222968669877845 0.3751649214650377 0.41445139359759037 0.44970701243889877 0.48058889042859626 0.5067966779443689 0.5280754844292147 0.5442183573949094 0.5550682951914908 0.5605197739670604 0.5605197739670604 0.5550682951914908 0.5442183573949094 0.5280754844292147 0.5067966779443689 0.48058889042859626 0.44970701243889877 0.41445139359759037 0.3751649214650377 0.33222968669877845 0.28606326693286377 0.23711466551951565 0.1858599446319031 0.13279759519941597 0.07844368870632319
0.07844368870632334 0.1327975951994162 0.1858599446319031 0.23711466551951565 0.28606326693286377 0.33222968669877845 0.3751649214650377 0.41445139359759037 0.44970701243889877 0.48058889042859626 0.5067966779443689 0.5280754844292147 0.5442183573949094 0.5550682951914908 0.5605197739670604 0.5605197739670604 0.5550682951914908 0.5442183573949094 0.5280754844292147 0.5067966779443689 0.48058889042859626 0.44970701243889877 0.41445139359759037 0.3751649214650377 0.33222968669877845 0.28606326693286377 0.23711466551951565 0.1858599446319031 0.13279759519941597 0.07844368870632319
0.07844368870632334 0.1327975951994162 0.1858599446319031 0.23711466551951565 0.28606326693286377 0.33222968669877845 0.3751649214650377 0.41445139359759037 0.44970701243889877 0.48058889042859626 0.5067966779443689 0.5280754844292147 0.5442183573949094 0.5550682951914908 0.5605197739670604 0.5605197739670604 0.5550682951914908 0.5442183573949094 0.5280754844292147 0.5067966779443689 0.48058889042859626 0.44970701243889877 0.41445139359759037 0.3751649214650377 0.33222968669877845 0.28606326693286377 0.23711466551951565 0.1858599446319031 0.13279759519941597 0.07844368870632319
0.07844368870632334 0.1327975951994162 0.1858599446319031 0.23711466551951565 0.28606326693286377 0.33222968669877845 0.3751649214650377 0.41445139359759037 0.44970701243889877 0.48058889042859626 0.5067966779443689 0.5280754844292147 0.5442183573949094 0.5550682951914908 0.5605197739670604 0.5605197739670604 0.5550682951914908 0.5442183573949094 0.5280754844292147 0.5067966779443689 0.48058889042859626 0.44970701243889877 0.41445139359759037 0.3751649214650377 0.33222968669877845 0.28606326693286377 0.23711466551951565 0.1858599446319031 0.13279759519941597 0.07844368870632319
0.07844368870632334 0.1327975951994162 0.1858599446319031 0.23711466551951565 0.28606326693286377 0.33222968669877845 0.3751649214650377 0.41445139359759037 0.44970701243889877 0.48058889042859626 0.5067966779443689 0.5280754844292147 0.5442183573949094 0.5550682951914908 0.5605197739670604 0.5605197739670604 0.5550682951914908 0.5442183573949094 0.5280754844292147 0.5067966779443689 0.48058889042859626 0.44970701243889877 0.41445139359759037 0.3751649214650377 0.33222968669877845 0.28606326693286377 0.23711466551951565 0.1858599446319031 0.13279759519941597 0.07844368870632319
