     0.0000    0.0000  736.2372  773.6090  810.1128  845.3958  879.1200  910.9715  940.6585  967.9001  992.4382 1014.0408 1032.5041 1047.6514 1059.3359 1067.4503 1071.9223 1072.7134 1069.8219 1063.2825 1053.1678 1039.5748 1022.6325 1002.5181  979.4379  953.6229  925.3346  894.8538  862.4876  828.5606  793.4240  757.6818
     0.0000    0.0000  736.2383  773.6102  810.1142  845.3974  879.1219  910.9737  940.6612  967.9034  992.4420 1014.0451 1032.5090 1047.6568 1059.3417 1067.4566 1071.9289 1072.7204 1069.8293 1063.2901 1053.1758 1039.5829 1022.6408 1002.5266  979.4467  953.6319  925.3436  894.8627  862.4964  828.5693  793.4330  757.6921
     0.0000    0.0000  736.2505  773.6344  810.1489  845.4413  879.1742  911.0350  940.7316  967.9826  992.5299 1014.1412 1032.6128 1047.7670 1059.4577 1067.5778 1072.0546 1072.8499 1069.9621 1063.4261 1053.3152 1039.7212 1022.7789 1002.6646  979.5843  953.7690  925.4804  894.9992  862.6331  828.7065  793.5723  757.8550
     0.0000    0.0000  737.7835  775.1263  811.5766  846.8145  880.5139  912.3537  942.0309  969.2630  993.7923 1015.3857 1033.8343 1048.9603 1060.6233 1068.7151 1073.1623 1073.9272 1071.0105 1064.4488 1054.2946 1040.6542 1023.6722 1003.5208  980.4064  954.5596  926.2421  895.7341  863.3451  829.4013  794.2632  758.6502
     0.0000    0.0000  737.7901  775.1386  811.5937  846.8366  880.5412  912.3861  942.0682  969.3054  993.8395 1015.4375 1033.8901 1049.0198 1060.6860 1068.7806 1073.2304 1073.9975 1071.0831 1064.5228 1054.3690 1040.7293 1023.7483 1003.5976  980.4836  954.6370  926.3196  895.8116  863.4225  829.4790  794.3427  758.7451
     0.0000    0.0000  737.7908  775.1393  811.5945  846.8375  880.5422  912.3873  942.0697  969.3071  993.8414 1015.4396 1033.8924 1049.0221 1060.6884 1068.7830 1073.2328 1073.9999 1071.0855 1064.5252 1054.3711 1040.7311 1023.7496 1003.5986  980.4845  954.6379  926.3205  895.8126  863.4237  829.4805  794.3447  758.7495
     0.0000    0.0000  736.2370  773.6088  810.1126  845.3956  879.1198  910.9712  940.6581  967.8997  992.4377 1014.0402 1032.5034 1047.6505 1059.3349 1067.4492 1071.9210 1072.7119 1069.8203 1063.2807 1053.1658 1039.5725 1022.6301 1002.5155  979.4353  953.6203  925.3319  894.8509  862.4847  828.5575  793.4208  757.6784
     0.0000    0.0000  741.8930  783.1864  823.5204  862.5044  899.7640  934.9521  967.7444  997.8292 1024.9208 1048.7623 1069.1283 1085.8230 1098.6844 1107.5939 1112.4709 1113.2727 1109.9975 1102.6841 1091.4145 1076.2896 1057.4608 1035.1228 1009.5037  980.8594  949.4792  915.6738  879.7831  842.1649  803.2047  763.4931
     0.0000    0.0000  741.8940  783.1875  823.5217  862.5059  899.7657  934.9541  967.7467  997.8320 1024.9241 1048.7661 1069.1326 1085.8280 1098.6901 1107.6002 1112.4777 1113.2802 1110.0054 1102.6926 1091.4235 1076.2994 1057.4717 1035.1346 1009.5164  980.8727  949.4931  915.6883  879.7979  842.1800  803.2200  763.5086
     0.0000    0.0000  741.9007  783.2003  823.5398  862.5287  899.7929  934.9860  967.7835  997.8735 1024.9702 1048.8167 1069.1874 1085.8862 1098.7514 1107.6644 1112.5444 1113.3490 1110.0760 1102.7651 1091.4977 1076.3727 1057.5445 1035.2071 1009.5885  980.9445  949.5646  915.7593  879.8689  842.2513  803.2926  763.5943
     0.0000    0.0000  743.4279  784.6807  824.9508  863.8802  901.1067  936.2744  969.0481  999.1153 1026.1902 1050.0152 1070.3601 1087.0277 1099.8624 1108.7442 1113.5917 1114.3632 1111.0600 1103.7223 1092.4087 1077.2381 1058.3705 1035.9962 1010.3437  981.6685  950.2607  916.4297  880.5171  842.8822  803.9170  764.2987
     0.0000    0.0000  743.4455  784.7150  824.9990  863.9424  901.1825  936.3637  969.1503  999.2297 1026.3164 1050.1525 1070.5064 1087.1821 1100.0236 1108.9111 1113.7630 1114.5382 1111.2394 1103.9026 1092.5878 1077.4160 1058.5467 1036.1706 1010.5164  981.8394  950.4296  916.5966  880.6827  843.0477  804.0855  764.5012
     0.0000    0.0000  743.4465  784.7161  825.0004  863.9441  901.1849  936.3667  969.1542  999.2346 1026.3224 1050.1594 1070.5143 1087.1909 1100.0333 1108.9217 1113.7745 1114.5505 1111.2527 1103.9162 1092.6011 1077.4294 1058.5604 1036.1843 1010.5300  981.8530  950.4433  916.6106  880.6970  843.0627  804.1019  764.5243
     0.0000    0.0000  743.4466  784.7162  825.0004  863.9441  901.1848  936.3666  969.1540  999.2343 1026.3219 1050.1587 1070.5134 1087.1897 1100.0319 1108.9200 1113.7725 1114.5484 1111.2505 1103.9138 1092.5988 1077.4272 1058.5583 1036.1823 1010.5281  981.8515  950.4421  916.6097  880.6961  843.0614  804.1001  764.5213
     0.0000    0.0000  737.7916  775.1402  811.5955  846.8385  880.5433  912.3885  942.0710  969.3084  993.8428 1015.4410 1033.8938 1049.0235 1060.6898 1068.7844 1073.2341 1074.0012 1071.0869 1064.5266 1054.3726 1040.7325 1023.7511 1003.5999  980.4856  954.6388  926.3216  895.8138  863.4250  829.4819  794.3460  758.7510
     0.0000    0.0000  736.2370  773.6088  810.1125  845.3955  879.1196  910.9710  940.6580  967.8996  992.4377 1014.0402 1032.5036 1047.6509 1059.3354 1067.4499 1071.9219 1072.7131 1069.8217 1063.2822 1053.1675 1039.5741 1022.6315 1002.5170  979.4368  953.6217  925.3331  894.8520  862.4858  828.5586  793.4221  757.6799
     0.0000    0.0000  741.8933  783.1867  823.5207  862.5048  899.7645  934.9527  967.7451  997.8301 1024.9220 1048.7639 1069.1303 1085.8255 1098.6876 1107.5977 1112.4753 1113.2777 1110.0029 1102.6901 1091.4211 1076.2970 1057.4692 1035.1321 1009.5140  980.8705  949.4910  915.6862  879.7960  842.1780  803.2179  763.5059
     0.0000    0.0000  746.2934  790.6372  833.9504  875.8133  915.8230  953.6067  988.8147 1021.1116 1050.1901 1075.7740 1097.6208 1115.5203 1129.2985 1138.8277 1144.0209 1144.8320 1141.2591 1133.3455 1121.1788 1104.8643 1084.5703 1060.5046 1032.9124 1002.0690  968.2858  931.8967  893.2665  852.7793  810.8474  768.0634
     0.0000    0.0000  746.2953  790.6393  833.9529  875.8163  915.8265  953.6109  988.8198 1021.1177 1050.1974 1075.7825 1097.6306 1115.5313 1129.3108 1138.8413 1144.0356 1144.8478 1141.2759 1133.3633 1121.1978 1104.8844 1084.5913 1060.5268 1032.9359 1002.0938  968.3119  931.9239  893.2946  852.8085  810.8778  768.0975
     0.0000    0.0000  746.3071  790.6630  833.9870  875.8594  915.8778  953.6712  988.8891 1021.1958 1050.2839 1075.8772 1097.7330 1115.6402 1129.4254 1138.9609 1144.1594 1144.9751 1141.4061 1133.4973 1121.3335 1105.0194 1084.7261 1060.6611 1033.0694 1002.2264  968.4436  932.0544  893.4242  852.9376  811.0083  768.2464
     0.0000    0.0000  747.8339  792.1422  835.3954  877.2082  917.1901  954.9585  990.1525 1022.4363 1051.5025 1077.0742 1098.9034 1116.7787 1130.5325 1140.0354 1145.1997 1145.9810 1142.3838 1134.4447 1122.2296 1105.8689 1085.5342 1061.4302 1033.8031 1002.9279  969.1162  932.7008  894.0487  853.5455  811.6104  768.9282
     0.0000    0.0000  747.8454  792.1647  835.4272  877.2494  917.2404  955.0177  990.2205 1022.5128 1051.5872 1077.1666 1099.0021 1116.8831 1130.6417 1140.1486 1145.3159 1146.1002 1142.5070 1134.5678 1122.3520 1105.9907 1085.6551 1061.5502 1033.9223 1003.0462  969.2335  932.8170  894.1637  853.6602  811.7270  769.0684
     0.0000    0.0000  747.8461  792.1654  835.4279  877.2502  917.2413  955.0187  990.2215 1022.5136 1051.5878 1077.1669 1099.0019 1116.8822 1130.6401 1140.1462 1145.3129 1146.0964 1142.5023 1134.5620 1122.3452 1105.9832 1085.6469 1061.5411 1033.9121 1003.0348  969.2210  932.8035  894.1498  853.6458  811.7123  769.0518
     0.0000    0.0000  743.4474  784.7170  825.0013  863.9451  901.1859  936.3679  969.1555  999.2360 1026.3239 1050.1612 1070.5163 1087.1930 1100.0357 1108.9241 1113.7771 1114.5535 1111.2561 1103.9202 1092.6060 1077.4349 1058.5664 1036.1911 1010.5376  981.8611  950.4515  916.6188  880.7051  843.0705  804.1094  764.5315
     0.0000    0.0000  737.7921  775.1407  811.5960  846.8391  880.5439  912.3891  942.0716  969.3090  993.8434 1015.4416 1033.8943 1049.0239 1060.6901 1068.7846 1073.2342 1074.0012 1071.0867 1064.5260 1054.3717 1040.7314 1023.7496 1003.5982  980.4835  954.6364  926.3188  895.8108  863.4218  829.4785  794.3427  758.7477
     0.0000    0.0000  736.2375  773.6093  810.1131  845.3961  879.1203  910.9718  940.6587  967.9003  992.4384 1014.0409 1032.5041 1047.6514 1059.3358 1067.4501 1071.9219 1072.7128 1069.8211 1063.2814 1053.1664 1039.5732 1022.6308 1002.5163  979.4361  953.6210  925.3325  894.8514  862.4850  828.5577  793.4209  757.6772
     0.0000    0.0000  741.8940  783.1876  823.5217  862.5059  899.7656  934.9539  967.7463  997.8314 1024.9232 1048.7650 1069.1313 1085.8263 1098.6882 1107.5981 1112.4754 1113.2775 1110.0025 1102.6894 1091.4201 1076.2958 1057.4680 1035.1307 1009.5122  980.8681  949.4882  915.6831  879.7926  842.1747  803.2146  763.5029
     0.0000    0.0000  746.2942  790.6381  833.9516  875.8147  915.8246  953.6086  988.8170 1021.1144 1050.1935 1075.7781 1097.6257 1115.5259 1129.3051 1138.8352 1144.0291 1144.8410 1141.2688 1133.3558 1121.1900 1104.8764 1084.5835 1060.5192 1032.9286 1002.0867  968.3049  931.9168  893.2874  852.8010  810.8697  768.0869
     0.0000    0.0000  751.3228  799.1527  845.8708  891.0239  934.1764  974.9268 1012.8957 1047.7208 1079.0701 1106.6454 1130.1848 1149.4611 1164.2869 1174.5240 1180.0779 1180.8989 1176.9850 1168.3859 1155.1921 1137.5173 1115.5468 1089.5049 1059.6564 1026.2990  989.7689  950.4266  908.6656  864.8999  819.5733  773.2889
     0.0000    0.0000  751.3250  799.1554  845.8741  891.0277  934.1811  974.9326 1012.9028 1047.7295 1079.0805 1106.6575 1130.1988 1149.4770 1164.3046 1174.5436 1180.0993 1180.9218 1177.0095 1168.4126 1155.2211 1137.5484 1115.5804 1089.5408 1059.6947 1026.3394  989.8113  950.4706  908.7109  864.9465  819.6211  773.3408
     0.0000    0.0000  751.3421  799.1900  845.9240  891.0907  934.2559  975.0203 1013.0033 1047.8422 1079.2049 1106.7932 1130.3450 1149.6315 1164.4665 1174.7117 1180.2722 1181.0983 1177.1894 1168.5980 1155.4052 1137.7302 1115.7601 1089.7182 1059.8697 1026.5123  989.9822  950.6395  908.8783  865.1132  819.7894  773.5325
     0.0000    0.0000  752.8683  800.6677  847.3293  892.4365  935.5662  976.3053 1014.2639 1049.0794 1080.4198 1107.9858 1131.5094 1150.7630 1165.5649 1175.7751 1181.2985 1182.0893 1178.1556 1169.5246 1156.2770 1138.5541 1116.5409 1090.4589 1060.5743 1027.1835  990.6235  951.2536  909.4696  865.6875  820.3579  774.1758
     0.0000    0.0000  752.8742  800.6791  847.3453  892.4572  935.5916  976.3352 1014.2984 1049.1180 1080.4624 1108.0320 1131.5585 1150.8144 1165.6181 1175.8296 1181.3540 1182.1460 1178.2136 1169.5811 1156.3323 1138.6078 1116.5926 1090.5082 1060.6211 1027.2284  990.6669  951.2955  909.5106  865.7283  820.3999  774.2300
     0.0000    0.0000  747.8473  792.1668  835.4295  877.2520  917.2434  955.0212  990.2245 1022.5171 1051.5920 1077.1717 1099.0076 1116.8887 1130.6474 1140.1543 1145.3215 1146.1057 1142.5124 1134.5727 1122.3566 1105.9951 1085.6595 1061.5545 1033.9265 1003.0503  969.2374  932.8208  894.1677  853.6642  811.7313  769.0741
     0.0000    0.0000  743.4481  784.7178  825.0022  863.9461  901.1869  936.3689  969.1565  999.2371 1026.3250 1050.1622 1070.5172 1087.1939 1100.0364 1108.9248 1113.7777 1114.5538 1111.2562 1103.9200 1092.6056 1077.4347 1058.5663 1036.1905 1010.5364  981.8596  950.4500  916.6173  880.7037  843.0691  804.1080  764.5298
     0.0000    0.0000  737.7924  775.1411  811.5964  846.8395  880.5444  912.3895  942.0721  969.3095  993.8439 1015.4422 1033.8950 1049.0247 1060.6910 1068.7856 1073.2353 1074.0024 1071.0880 1064.5278 1054.3739 1040.7339 1023.7524 1003.6013  980.4872  954.6406  926.3233  895.8152  863.4260  829.4825  794.3464  758.7508
     0.0000    0.0000  736.2380  773.6099  810.1137  845.3967  879.1210  910.9725  940.6595  967.9011  992.4392 1014.0417 1032.5050 1047.6522 1059.3365 1067.4508 1071.9225 1072.7135 1069.8218 1063.2820 1053.1670 1039.5735 1022.6309 1002.5162  979.4357  953.6203  925.3315  894.8502  862.4837  828.5563  793.4197  757.6772
     0.0000    0.0000  741.8943  783.1878  823.5219  862.5061  899.7659  934.9542  967.7467  997.8318 1024.9238 1048.7657 1069.1320 1085.8272 1098.6891 1107.5991 1112.4765 1113.2788 1110.0039 1102.6909 1091.4216 1076.2970 1057.4688 1035.1315 1009.5129  980.8689  949.4889  915.6837  879.7932  842.1752  803.2151  763.5040
     0.0000    0.0000  746.2945  790.6385  833.9519  875.8150  915.8249  953.6090  988.8174 1021.1149 1050.1941 1075.7788 1097.6267 1115.5272 1129.3066 1138.8370 1144.0314 1144.8436 1141.2717 1133.3593 1121.1939 1104.8806 1084.5875 1060.5228 1032.9318 1002.0898  968.3079  931.9199  893.2908  852.8046  810.8736  768.0927
     0.0000    0.0000  751.3238  799.1538  845.8722  891.0255  934.1784  974.9291 1012.8985 1047.7242 1079.0742 1106.6502 1130.1905 1149.4678 1164.2946 1174.5328 1180.0878 1180.9097 1176.9967 1168.3987 1155.2062 1137.5328 1115.5640 1089.5238 1059.6771 1026.3213  989.7926  950.4514  908.6913  864.9265  819.6006  773.3179
     0.0000    0.0000  755.1010  805.5514  854.8283  902.4532  947.9668  990.9464 1030.9902 1067.7154 1100.7717 1129.8442 1154.6565 1174.9682 1190.5821 1201.3520 1207.1779 1208.0067 1203.8383 1194.7285 1180.7625 1162.0666 1138.8383 1111.3137 1079.7727 1044.5295 1005.9392  964.3818  920.2729  874.0491  826.1779  777.2804
     0.0000    0.0000  755.1086  805.5652  854.8478  902.4775  947.9958  990.9806 1031.0297 1067.7603 1100.8218 1129.8994 1154.7166 1175.0326 1190.6502 1201.4235 1207.2520 1208.0831 1203.9171 1194.8109 1180.8457 1162.1504 1138.9229 1111.3987 1079.8578 1044.6147 1006.0244  964.4670  920.3582  874.1348  826.2651  777.3782
     0.0000    0.0000  756.6294  807.0321  856.2376  903.8032  949.2819  992.2374 1032.2585 1068.9621 1101.9981 1131.0507 1155.8377 1176.1185 1191.7011 1202.4375 1208.2271 1209.0224 1204.8326 1195.6845 1181.6643 1162.9211 1139.6502 1112.0856 1080.5089 1045.2334 1006.6148  965.0318  920.9016  874.6621  826.7864  777.9619
     0.0000    0.0000  756.6456  807.0646  856.2836  903.8627  949.3544  992.3225 1032.3557 1069.0708 1102.1176 1131.1801 1155.9750 1176.2624 1191.8504 1202.5905 1208.3828 1209.1815 1204.9950 1195.8429 1181.8193 1163.0726 1139.7978 1112.2293 1080.6486 1045.3693 1006.7470  965.1605  921.0278  874.7874  826.9139  778.1167
     0.0000    0.0000  752.8755  800.6806  847.3470  892.4592  935.5940  976.3381 1014.3018 1049.1222 1080.4674 1108.0379 1131.5653 1150.8222 1165.6269 1175.8393 1181.3644 1182.1572 1178.2260 1169.5943 1156.3464 1138.6230 1116.6091 1090.5261 1060.6404 1027.2488  990.6882  951.3177  909.5335  865.7517  820.4237  774.2561
     0.0000    0.0000  747.8480  792.1676  835.4303  877.2528  917.2443  955.0221  990.2255 1022.5182 1051.5931 1077.1729 1099.0087 1116.8898 1130.6485 1140.1553 1145.3225 1146.1066 1142.5134 1134.5739 1122.3581 1105.9967 1085.6612 1061.5562 1033.9282 1003.0519  969.2391  932.8225  894.1695  853.6662  811.7335  769.0766
     0.0000    0.0000  743.4483  784.7180  825.0024  863.9463  901.1872  936.3692  969.1569  999.2376 1026.3256 1050.1629 1070.5180 1087.1948 1100.0375 1108.9260 1113.7790 1114.5552 1111.2577 1103.9214 1092.6069 1077.4357 1058.5671 1036.1914 1010.5375  981.8607  950.4512  916.6186  880.7051  843.0707  804.1095  764.5317
     0.0000    0.0000  737.7928  775.1415  811.5968  846.8400  880.5448  912.3901  942.0726  969.3101  993.8445 1015.4427 1033.8954 1049.0251 1060.6912 1068.7858 1073.2353 1074.0023 1071.0877 1064.5272 1054.3730 1040.7329 1023.7515 1003.6003  980.4857  954.6385  926.3206  895.8122  863.4229  829.4794  794.3434  758.7475
     0.0000    0.0000  736.2385  773.6105  810.1144  845.3976  879.1220  910.9737  940.6611  967.9030  992.4415 1014.0444 1032.5081 1047.6556 1059.3404 1067.4551 1071.9272 1072.7185 1069.8273 1063.2880 1053.1735 1039.5805 1022.6384 1002.5242  979.4444  953.6297  925.3416  894.8607  862.4946  828.5675  793.4309  757.6891
     0.0000    0.0000  741.8949  783.1885  823.5227  862.5071  899.7670  934.9556  967.7483  997.8338 1024.9261 1048.7684 1069.1351 1085.8306 1098.6929 1107.6032 1112.4809 1113.2834 1110.0089 1102.6964 1091.4276 1076.3037 1057.4760 1035.1392 1009.5211  980.8775  949.4980  915.6932  879.8028  842.1849  803.2250  763.5149
     0.0000    0.0000  746.2955  790.6395  833.9531  875.8164  915.8265  953.6109  988.8196 1021.1174 1050.1970 1075.7819 1097.6299 1115.5305 1129.3099 1138.8403 1144.0345 1144.8467 1141.2746 1133.3619 1121.1962 1104.8825 1084.5895 1060.5250 1032.9341 1002.0920  968.3100  931.9221  893.2929  852.8069  810.8762  768.0956
     0.0000    0.0000  751.3246  799.1548  845.8733  891.0267  934.1797  974.9306 1012.9002 1047.7261 1079.0763 1106.6525 1130.1930 1149.4704 1164.2974 1174.5357 1180.0908 1180.9127 1176.9999 1168.4022 1155.2098 1137.5366 1115.5681 1089.5280 1059.6812 1026.3253  989.7965  950.4553  908.6953  864.9307  819.6050  773.3231
     0.0000    0.0000  755.1021  805.5528  854.8301  902.4554  947.9695  990.9497 1030.9942 1067.7202 1100.7774 1129.8509 1154.6642 1174.9771 1190.5921 1201.3631 1207.1899 1208.0196 1203.8520 1194.7435 1180.7790 1162.0844 1138.8576 1111.3345 1079.7947 1044.5525 1005.9631  964.4065  920.2982  874.0748  826.2040  777.3078
     0.0000    0.0000  759.7545  812.3190  863.6380  913.2457  960.6752 1005.4711 1047.2044 1085.4752 1119.9179 1150.2032 1176.0380 1197.1704 1213.3999 1224.5719 1230.5812 1231.3775 1226.9708 1217.3916 1202.7274 1183.1341 1158.8156 1130.0167 1097.0310 1060.1858 1019.8523  976.4259  930.3410  882.0538  832.0553  781.0190
     0.0000    0.0000  758.2634  810.9107  862.3315  912.0261  959.5166 1004.3644 1046.1475 1084.4663 1118.9548 1149.2845 1175.1664 1196.3480 1212.6248 1223.8437 1229.8994 1230.7374 1226.3617 1216.8315 1202.2193 1182.6716 1158.3938 1129.6318 1096.6784 1059.8616 1019.5529  976.1483  930.0815  881.8087  831.8188  780.7634
     0.0000    0.0000  759.7832  812.3753  863.7171  913.3478  960.7999 1005.6178 1047.3722 1085.6634 1120.1257 1150.4292 1176.2788 1197.4238 1213.6636 1224.8430 1230.8576 1231.6615 1227.2617 1217.6765 1203.0072 1183.4083 1159.0841 1130.2791 1097.2872 1060.4363 1020.0977  976.6664  930.5781  882.2901  832.2963  781.3080
     0.0000    0.0000  756.6472  807.0665  856.2857  903.8653  949.3576  992.3265 1032.3605 1069.0765 1102.1245 1131.1882 1155.9843 1176.2728 1191.8619 1202.6031 1208.3963 1209.1962 1205.0112 1195.8601 1181.8378 1163.0923 1139.8187 1112.2510 1080.6713 1045.3928 1006.7714  965.1856  921.0533  874.8134  826.9406  778.1476
     0.0000    0.0000  752.8761  800.6812  847.3476  892.4599  935.5947  976.3389 1014.3027 1049.1232 1080.4685 1108.0392 1131.5667 1150.8237 1165.6285 1175.8411 1181.3665 1182.1596 1178.2287 1169.5976 1156.3498 1138.6263 1116.6123 1090.5292 1060.6432 1027.2511  990.6899  951.3191  909.5347  865.7530  820.4253  774.2597
     0.0000    0.0000  747.8482  792.1678  835.4306  877.2531  917.2446  955.0225  990.2259 1022.5187 1051.5936 1077.1735 1099.0094 1116.8906 1130.6494 1140.1563 1145.3236 1146.1079 1142.5148 1134.5754 1122.3597 1105.9985 1085.6628 1061.5576 1033.9294 1003.0531  969.2403  932.8238  894.1707  853.6673  811.7346  769.0777
     0.0000    0.0000  743.4487  784.7184  825.0029  863.9468  901.1877  936.3698  969.1574  999.2381 1026.3260 1050.1631 1070.5181 1087.1946 1100.0370 1108.9252 1113.7779 1114.5537 1111.2558 1103.9194 1092.6046 1077.4330 1058.5639 1036.1878 1010.5336  981.8568  950.4471  916.6144  880.7007  843.0661  804.1051  764.5271
     0.0000    0.0000  737.7930  775.1418  811.5971  846.8403  880.5452  912.3904  942.0729  969.3103  993.8447 1015.4428 1033.8954 1049.0249 1060.6910 1068.7854 1073.2347 1074.0016 1071.0869 1064.5263 1054.3719 1040.7317 1023.7499 1003.5985  980.4837  954.6365  926.3189  895.8110  863.4221  829.4789  794.3430  758.7473
     0.0000    0.0000  736.2444  773.6223  810.1315  845.4193  879.1478  911.0041  940.6959  967.9423  992.4851 1014.0921 1032.5596 1047.7103 1059.3978 1067.5150 1071.9893 1072.7825 1069.8927 1063.3548 1053.2419 1039.6482 1022.7057 1002.5913  979.5110  953.6959  925.4074  894.9264  862.5603  828.6336  793.4984  757.7687
     0.0000    0.0000  741.9010  783.2006  823.5401  862.5291  899.7933  934.9865  967.7840  997.8740 1024.9708 1048.8173 1069.1881 1085.8869 1098.7521 1107.6650 1112.5450 1113.3495 1110.0765 1102.7656 1091.4983 1076.3736 1057.5457 1035.2084 1009.5899  980.9458  949.5658  915.7606  879.8701  842.2526  803.2941  763.5957
     0.0000    0.0000  746.3010  790.6509  833.9697  875.8374  915.8516  953.6404  988.8537 1021.1560 1050.2399 1075.8291 1097.6812 1115.5853 1129.3678 1138.9010 1144.0977 1144.9119 1141.3418 1133.4316 1121.2676 1104.9543 1084.6615 1060.5969 1033.0057 1002.1633  968.3810  931.9927  893.3633  852.8771  810.9471  768.1763
     0.0000    0.0000  751.3305  799.1666  845.8903  891.0481  934.2051  974.9606 1012.9346 1047.7648 1079.1192 1106.6994 1130.2435 1149.5240 1164.3535 1174.5939 1180.1506 1180.9738 1177.0622 1168.4663 1155.2740 1137.6001 1115.6311 1089.5907 1059.7436 1026.3874  989.8584  950.5168  908.7563  864.9915  819.6664  773.3923
     0.0000    0.0000  755.1033  805.5541  854.8317  902.4573  947.9718  990.9526 1030.9979 1067.7247 1100.7828 1129.8572 1154.6714 1174.9850 1190.6007 1201.3725 1207.2000 1208.0304 1203.8636 1194.7560 1180.7916 1162.0973 1138.8708 1111.3477 1079.8081 1044.5662 1005.9771  964.4210  920.3131  874.0903  826.2204  777.3281
     0.0000    0.0000  758.2572  810.8984  862.3140  912.0041  959.4904 1004.3335 1046.1120 1084.4263 1118.9106 1149.2361 1175.1141 1196.2927 1212.5668 1223.7835 1229.8376 1230.6744 1226.2968 1216.7649 1202.1533 1182.6058 1158.3281 1129.5666 1096.6138 1059.7977 1019.4896  976.0857  930.0197  881.7472  831.7570  780.6944
     0.0000    0.0000  760.1494  814.1039  866.8016  917.7299  966.3990 1012.3594 1055.1780 1094.4449 1129.7851 1160.8617 1187.3782 1209.0761 1225.7454 1237.2293 1243.4194 1244.2601 1239.7573 1229.9695 1214.9688 1194.9091 1170.0011 1140.4963 1106.6953 1068.9347 1027.5951  983.0825  935.8418  886.3401  835.0783  782.7168
     0.0000    0.0000  761.6646  815.5584  868.1724  919.0325  967.6593 1013.5858 1056.3718 1095.6074 1130.9178 1161.9650 1188.4467 1210.1055 1226.7358 1238.1783 1244.3261 1245.1328 1240.6053 1230.7619 1215.7067 1195.5978 1170.6444 1141.0974 1107.2589 1069.4651 1028.0969  983.5591  936.2981  886.7819  835.5163  783.2108
     0.0000    0.0000  759.7901  812.3878  863.7344  913.3699  960.8267 1005.6493 1047.4083 1085.7039 1120.1705 1150.4781 1176.3311 1197.4789 1213.7211 1224.9021 1230.9181 1231.7241 1227.3260 1217.7412 1203.0720 1183.4730 1159.1486 1130.3430 1097.3504 1060.4984 1020.1587  976.7264  930.6375  882.3493  832.3568  781.3785
     0.0000    0.0000  756.6478  807.0671  856.2864  903.8661  949.3586  992.3276 1032.3618 1069.0782 1102.1263 1131.1903 1155.9865 1176.2753 1191.8645 1202.6056 1208.3990 1209.1990 1205.0138 1195.8623 1181.8398 1163.0942 1139.8206 1112.2531 1080.6731 1045.3942 1006.7725  965.1864  921.0541  874.8143  826.9419  778.1506
     0.0000    0.0000  752.8765  800.6817  847.3482  892.4605  935.5954  976.3396 1014.3033 1049.1237 1080.4689 1108.0394 1131.5667 1150.8234 1165.6279 1175.8400 1181.3650 1182.1577 1178.2262 1169.5944 1156.3467 1138.6233 1116.6091 1090.5257 1060.6396 1027.2478  990.6869  951.3161  909.5315  865.7496  820.4217  774.2542
     0.0000    0.0000  747.8484  792.1680  835.4308  877.2533  917.2448  955.0227  990.2260 1022.5187 1051.5936 1077.1733 1099.0091 1116.8902 1130.6490 1140.1558 1145.3231 1146.1074 1142.5144 1134.5756 1122.3602 1105.9993 1085.6643 1061.5599 1033.9325 1003.0565  969.2435  932.8268  894.1735  853.6699  811.7368  769.0789
     0.0000    0.0000  743.4484  784.7182  825.0026  863.9465  901.1874  936.3694  969.1571  999.2377 1026.3257 1050.1629 1070.5180 1087.1948 1100.0374 1108.9259 1113.7789 1114.5550 1111.2575 1103.9213 1092.6068 1077.4355 1058.5669 1036.1914 1010.5377  981.8611  950.4516  916.6190  880.7054  843.0709  804.1097  764.5315
     0.0000    0.0000  737.7928  775.1414  811.5968  846.8400  880.5448  912.3901  942.0726  969.3101  993.8445 1015.4428 1033.8955 1049.0252 1060.6914 1068.7859 1073.2355 1074.0025 1071.0880 1064.5275 1054.3732 1040.7330 1023.7514 1003.6001  980.4857  954.6388  926.3213  895.8132  863.4242  829.4809  794.3451  758.7504
     0.0000    0.0000  743.4273  784.6799  824.9499  863.8789  901.1051  936.2724  969.0456  999.1122 1026.1865 1050.0108 1070.3551 1087.0221 1099.8561 1108.7373 1113.5843 1114.3553 1111.0518 1103.7137 1092.3999 1077.2289 1058.3609 1035.9861 1010.3331  981.6575  950.2492  916.4179  880.5051  842.8702  803.9048  764.2856
     0.0000    0.0000  746.3174  790.6849  834.0189  875.8996  915.9255  953.7270  988.9527 1021.2667 1050.3617 1075.9614 1097.8229 1115.7343 1129.5229 1139.0612 1144.2617 1145.0786 1141.5106 1133.6033 1121.4382 1105.1212 1084.8255 1060.7579 1033.1638 1002.3185  968.5335  932.1423  893.5104  853.0227  811.0937  768.3457
     0.0000    0.0000  752.8503  800.6329  847.2805  892.3735  935.4893  976.2147 1014.1602 1048.9627 1080.2907 1107.8450 1131.3588 1150.6037 1165.3982 1175.6024 1181.1214 1181.9076 1177.9676 1169.3378 1156.0911 1138.3694 1116.3577 1090.2775 1060.3944 1027.0055  990.4473  951.0793  909.2968  865.5150  820.1826  773.9694
     0.0000    0.0000  755.1186  805.5868  854.8793  902.5174  948.0433  991.0365 1031.0937 1067.8319 1100.9007 1129.9853 1154.8087 1175.1294 1190.7512 1201.5277 1207.3585 1208.1911 1204.0271 1194.9237 1180.9559 1162.2585 1139.0287 1111.5021 1079.9592 1044.7140 1006.1220  964.5626  920.4520  874.2275  826.3581  777.4842
     0.0000    0.0000  759.7714  812.3524  863.6850  913.3064  960.7494 1005.5584 1047.3042 1085.5871 1120.0414 1150.3376 1176.1812 1197.3211 1213.5567 1224.7331 1230.7456 1231.5463 1227.1445 1217.5619 1202.8948 1183.2984 1158.9764 1130.1736 1097.1841 1060.3353 1019.9985  976.5689  930.4819  882.1942  832.1984  781.1901
     0.0000    0.0000  761.6637  815.5574  868.1712  919.0310  967.6574 1013.5835 1056.3690 1095.6041 1130.9140 1161.9607 1188.4419 1210.1005 1226.7305 1238.1728 1244.3203 1245.1266 1240.5988 1230.7553 1215.6998 1195.5908 1170.6377 1141.0913 1107.2531 1069.4595 1028.0915  983.5538  936.2926  886.7760  835.5097  783.2024
     0.0000    0.0000  762.9267  817.6973  871.1666  922.8536  972.2703 1018.9423 1062.4222 1102.2932 1138.1746 1169.7226 1196.6295 1218.6342 1235.5274 1247.1469 1253.3846 1254.1955 1249.5827 1239.5639 1224.2479 1203.7957 1178.4201 1148.3763 1113.9714 1075.5471 1033.4907  988.2133  940.1689  889.8333  837.7210  784.5518
     0.0000    0.0000  761.6756  815.5803  868.2033  919.0725  967.7080 1013.6430 1056.4372 1095.6807 1130.9986 1162.0528 1188.5401 1210.2038 1226.8379 1238.2830 1244.4328 1245.2431 1240.7166 1230.8705 1215.8129 1195.7016 1170.7459 1141.1965 1107.3558 1069.5598 1028.1895  983.6495  936.3869  886.8701  835.6065  783.3212
     0.0000    0.0000  759.7904  812.3881  863.7348  913.3705  960.8275 1005.6503 1047.4096 1085.7054 1120.1722 1150.4800 1176.3330 1197.4808 1213.7229 1224.9039 1230.9200 1231.7260 1227.3275 1217.7418 1203.0721 1183.4724 1159.1469 1130.3404 1097.3473 1060.4951 1020.1553  976.7229  930.6339  882.3459  832.3536  781.3776
     0.0000    0.0000  756.6475  807.0667  856.2860  903.8655  949.3579  992.3267 1032.3607 1069.0767 1102.1244 1131.1879 1155.9837 1176.2718 1191.8604 1202.6011 1208.3939 1209.1934 1205.0076 1195.8557 1181.8323 1163.0859 1139.8116 1112.2435 1080.6630 1045.3838 1006.7615  965.1751  921.0425  874.8022  826.9293  778.1357
     0.0000    0.0000  752.8757  800.6807  847.3470  892.4591  935.5938  976.3377 1014.3012 1049.1212 1080.4660 1108.0361 1131.5629 1150.8191 1165.6231 1175.8349 1181.3595 1182.1517 1178.2196 1169.5870 1156.3380 1138.6135 1116.5986 1090.5144 1060.6275 1027.2348  990.6732  951.3020  909.5173  865.7351  820.4066  774.2379
     0.0000    0.0000  747.8477  792.1673  835.4299  877.2523  917.2436  955.0212  990.2241 1022.5164 1051.5907 1077.1698 1099.0048 1116.8850 1130.6428 1140.1488 1145.3152 1146.0985 1142.5043 1134.5634 1122.3462 1105.9833 1085.6463 1061.5400 1033.9107 1003.0332  969.2194  932.8019  894.1482  853.6443  811.7108  769.0520
     0.0000    0.0000  743.4481  784.7178  825.0022  863.9460  901.1868  936.3688  969.1563  999.2367 1026.3244 1050.1614 1070.5161 1087.1924 1100.0346 1108.9226 1113.7751 1114.5507 1111.2527 1103.9162 1092.6013 1077.4294 1058.5601 1036.1837 1010.5293  981.8523  950.4425  916.6097  880.6960  843.0612  804.0997  764.5201
     0.0000    0.0000  737.7894  775.1378  811.5928  846.8355  880.5398  912.3843  942.0660  969.3026  993.8362 1015.4336 1033.8856 1049.0146 1060.6803 1068.7743 1073.2234 1073.9899 1071.0748 1064.5138 1054.3593 1040.7187 1023.7367 1003.5852  980.4706  954.6234  926.3058  895.7977  863.4086  829.4650  794.3284  758.7290
     0.0000    0.0000  743.4398  784.7037  824.9832  863.9220  901.1578  936.3347  969.1174  999.1931 1026.2763 1050.1092 1070.4606 1087.1340 1099.9739 1108.8600 1113.7110 1114.4855 1111.1859 1103.8495 1092.5354 1077.3643 1058.4960 1036.1206 1010.4673  981.7915  950.3829  916.5512  880.6382  843.0037  804.0410  764.4482
     0.0000    0.0000  747.8396  792.1534  835.4112  877.2285  917.2149  954.9875  990.1856 1022.4733 1051.5433 1077.1185 1098.9506 1116.8285 1130.5844 1140.0891 1145.2547 1146.0373 1142.4419 1134.5028 1122.2877 1105.9271 1085.5924 1061.4883 1033.8610 1002.9854  969.1732  932.7572  894.1045  853.6009  811.6663  768.9940
     0.0000    0.0000  752.8682  800.6676  847.3291  892.4363  935.5660  976.3049 1014.2635 1049.0789 1080.4192 1107.9851 1131.5087 1150.7621 1165.5640 1175.7741 1181.2974 1182.0882 1178.1544 1169.5233 1156.2757 1138.5526 1116.5390 1090.4563 1060.5709 1027.1799  990.6199  951.2499  909.4660  865.6840  820.3544  774.1721
     0.0000    0.0000  756.6402  807.0538  856.2684  903.8431  949.3306  992.2948 1032.3242 1069.0359 1102.0796 1131.1394 1155.9324 1176.2182 1191.8051 1202.5448 1208.3369 1209.1352 1204.9487 1195.7984 1181.7767 1163.0320 1139.7592 1112.1924 1080.6133 1045.3354 1006.7146  965.1295  920.9980  874.7582  826.8847  778.0812
     0.0000    0.0000  759.7891  812.3866  863.7330  913.3684  960.8248 1005.6470 1047.4056 1085.7007 1120.1667 1150.4738 1176.3263 1197.4738 1213.7157 1224.8966 1230.9123 1231.7180 1227.3196 1217.7341 1203.0646 1183.4658 1159.1414 1130.3358 1097.3436 1060.4921 1020.1529  976.7208  930.6319  882.3436  832.3506  781.3711
     0.0000    0.0000  761.6753  815.5800  868.2030  919.0721  967.7076 1013.6426 1056.4367 1095.6801 1130.9980 1162.0522 1188.5394 1210.2031 1226.8373 1238.2824 1244.4324 1245.2427 1240.7163 1230.8704 1215.8127 1195.7011 1170.7450 1141.1953 1107.3544 1069.5584 1028.1881  983.6481  936.3855  886.8690  835.6055  783.3197
     0.0000    0.0000  761.6762  815.5810  868.2041  919.0734  967.7092 1013.6444 1056.4388 1095.6825 1131.0006 1162.0550 1188.5424 1210.2061 1226.8402 1238.2853 1244.4351 1245.2453 1240.7189 1230.8732 1215.8156 1195.7043 1170.7485 1141.1989 1107.3576 1069.5612 1028.1908  983.6510  936.3884  886.8719  835.6084  783.3232
     0.0000    0.0000  759.7906  812.3883  863.7350  913.3708  960.8279 1005.6509 1047.4105 1085.7067 1120.1739 1150.4823 1176.3359 1197.4845 1213.7274 1224.9092 1230.9259 1231.7328 1227.3354 1217.7505 1203.0814 1183.4824 1159.1576 1130.3517 1097.3592 1060.5077 1020.1687  976.7368  930.6482  882.3602  832.3681  781.3940
     0.0000    0.0000  756.6481  807.0674  856.2868  903.8665  949.3590  992.3281 1032.3624 1069.0788 1102.1271 1131.1910 1155.9874 1176.2762 1191.8654 1202.6067 1208.3999 1209.1999 1205.0149 1195.8636 1181.8410 1163.0953 1139.8218 1112.2543 1080.6743 1045.3954 1006.7736  965.1875  921.0551  874.8151  826.9424  778.1503
     0.0000    0.0000  752.8770  800.6821  847.3487  892.4610  935.5959  976.3401 1014.3039 1049.1243 1080.4695 1108.0400 1131.5673 1150.8240 1165.6285 1175.8408 1181.3658 1182.1585 1178.2273 1169.5958 1156.3478 1138.6244 1116.6107 1090.5279 1060.6422 1027.2505  990.6898  951.3191  909.5347  865.7529  820.4250  774.2580
     0.0000    0.0000  747.8485  792.1681  835.4309  877.2534  917.2450  955.0229  990.2262 1022.5190 1051.5940 1077.1738 1099.0097 1116.8909 1130.6496 1140.1565 1145.3237 1146.1079 1142.5148 1134.5754 1122.3596 1105.9986 1085.6631 1061.5582 1033.9302 1003.0538  969.2409  932.8241  894.1708  853.6672  811.7342  769.0766
     0.0000    0.0000  743.4486  784.7184  825.0028  863.9468  901.1877  936.3698  969.1574  999.2381 1026.3261 1050.1633 1070.5184 1087.1950 1100.0376 1108.9259 1113.7787 1114.5547 1111.2570 1103.9207 1092.6063 1077.4352 1058.5667 1036.1911 1010.5371  981.8604  950.4509  916.6184  880.7048  843.0703  804.1089  764.5297
     0.0000    0.0000  737.7927  775.1414  811.5968  846.8399  880.5448  912.3901  942.0726  969.3101  993.8446 1015.4429 1033.8957 1049.0254 1060.6917 1068.7863 1073.2360 1074.0031 1071.0888 1064.5285 1054.3745 1040.7346 1023.7534 1003.6023  980.4880  954.6411  926.3235  895.8153  863.4262  829.4828  794.3469  758.7516
     0.0000    0.0000  737.7904  775.1389  811.5941  846.8370  880.5415  912.3864  942.0686  969.3058  993.8399 1015.4379 1033.8904 1049.0200 1060.6862 1068.7807 1073.2303 1073.9973 1071.0828 1064.5224 1054.3682 1040.7282 1023.7468 1003.5958  980.4815  954.6345  926.3168  895.8086  863.4195  829.4760  794.3398  758.7426
     0.0000    0.0000  743.4463  784.7158  825.0000  863.9436  901.1842  936.3659  969.1531  999.2334 1026.3210 1050.1579 1070.5128 1087.1893 1100.0319 1108.9202 1113.7730 1114.5490 1111.2512 1103.9148 1092.6001 1077.4288 1058.5601 1036.1844 1010.5305  981.8538  950.4445  916.6122  880.6987  843.0641  804.1026  764.5226
     0.0000    0.0000  747.8464  792.1658  835.4284  877.2507  917.2419  955.0194  990.2223 1022.5146 1051.5892 1077.1686 1099.0043 1116.8853 1130.6440 1140.1508 1145.3182 1146.1025 1142.5094 1134.5702 1122.3544 1105.9935 1085.6583 1061.5537 1033.9262 1003.0502  969.2372  932.8205  894.1672  853.6638  811.7307  769.0721
     0.0000    0.0000  752.8747  800.6797  847.3460  892.4580  935.5926  976.3365 1014.2999 1049.1200 1080.4650 1108.0354 1131.5627 1150.8194 1165.6241 1175.8366 1181.3618 1182.1547 1178.2236 1169.5923 1156.3446 1138.6214 1116.6075 1090.5244 1060.6384 1027.2465  990.6855  951.3147  909.5303  865.7483  820.4204  774.2523
     0.0000    0.0000  756.6470  807.0662  856.2854  903.8650  949.3573  992.3261 1032.3601 1069.0762 1102.1241 1131.1878 1155.9839 1176.2725 1191.8616 1202.6028 1208.3960 1209.1960 1205.0110 1195.8602 1181.8378 1163.0921 1139.8187 1112.2514 1080.6718 1045.3932 1006.7716  965.1856  921.0533  874.8134  826.9409  778.1484
     0.0000    0.0000  759.7896  812.3873  863.7339  913.3695  960.8265 1005.6493 1047.4086 1085.7044 1120.1713 1150.4791 1176.3323 1197.4804 1213.7227 1224.9039 1230.9201 1231.7264 1227.3282 1217.7429 1203.0735 1183.4739 1159.1483 1130.3415 1097.3478 1060.4951 1020.1550  976.7223  930.6333  882.3453  832.3532  781.3775
     0.0000    0.0000  759.7907  812.3884  863.7351  913.3709  960.8280 1005.6510 1047.4106 1085.7067 1120.1738 1150.4820 1176.3356 1197.4840 1213.7266 1224.9081 1230.9245 1231.7310 1227.3331 1217.7480 1203.0787 1183.4796 1159.1550 1130.3491 1097.3566 1060.5049 1020.1656  976.7334  930.6446  882.3565  832.3644  781.3892
     0.0000    0.0000  759.7907  812.3885  863.7352  913.3709  960.8279 1005.6508 1047.4101 1085.7059 1120.1727 1150.4804 1176.3334 1197.4813 1213.7233 1224.9043 1230.9202 1231.7261 1227.3275 1217.7417 1203.0723 1183.4731 1159.1482 1130.3421 1097.3491 1060.4969 1020.1569  976.7242  930.6351  882.3468  832.3544  781.3778
     0.0000    0.0000  756.6483  807.0677  856.2871  903.8668  949.3593  992.3284 1032.3626 1069.0790 1102.1272 1131.1911 1155.9874 1176.2761 1191.8653 1202.6066 1208.4000 1209.2001 1205.0151 1195.8641 1181.8417 1163.0961 1139.8226 1112.2553 1080.6757 1045.3973 1006.7759  965.1900  921.0578  874.8179  826.9454  778.1544
     0.0000    0.0000  752.8767  800.6818  847.3484  892.4607  935.5956  976.3399 1014.3037 1049.1243 1080.4697 1108.0405 1131.5682 1150.8252 1165.6301 1175.8427 1181.3681 1182.1612 1178.2304 1169.5989 1156.3512 1138.6279 1116.6138 1090.5302 1060.6440 1027.2521  990.6914  951.3208  909.5365  865.7548  820.4273  774.2620
     0.0000    0.0000  747.8486  792.1683  835.4311  877.2536  917.2452  955.0231  990.2265 1022.5194 1051.5944 1077.1743 1099.0103 1116.8916 1130.6505 1140.1575 1145.3250 1146.1094 1142.5165 1134.5771 1122.3614 1106.0002 1085.6647 1061.5600 1033.9324 1003.0564  969.2438  932.8273  894.1742  853.6709  811.7381  769.0819
     0.0000    0.0000  743.4489  784.7187  825.0032  863.9472  901.1881  936.3702  969.1579  999.2386 1026.3265 1050.1638 1070.5189 1087.1955 1100.0381 1108.9264 1113.7792 1114.5552 1111.2575 1103.9211 1092.6066 1077.4353 1058.5665 1036.1905 1010.5364  981.8597  950.4502  916.6177  880.7041  843.0697  804.1086  764.5303
     0.0000    0.0000  737.7929  775.1416  811.5969  846.8401  880.5450  912.3902  942.0728  969.3103  993.8448 1015.4431 1033.8959 1049.0256 1060.6919 1068.7865 1073.2362 1074.0034 1071.0890 1064.5286 1054.3746 1040.7344 1023.7527 1003.6014  980.4872  954.6404  926.3230  895.8149  863.4258  829.4824  794.3464  758.7514
     0.0000    0.0000  737.7912  775.1398  811.5950  846.8380  880.5427  912.3879  942.0703  969.3077  993.8420 1015.4403 1033.8930 1049.0228 1060.6891 1068.7837 1073.2335 1074.0007 1071.0864 1064.5261 1054.3720 1040.7319 1023.7504 1003.5991  980.4846  954.6376  926.3200  895.8118  863.4228  829.4795  794.3437  758.7493
     0.0000    0.0000  743.4474  784.7170  825.0014  863.9452  901.1860  936.3680  969.1556  999.2361 1026.3240 1050.1612 1070.5163 1087.1929 1100.0355 1108.9239 1113.7766 1114.5526 1111.2548 1103.9185 1092.6040 1077.4329 1058.5644 1036.1889 1010.5353  981.8587  950.4492  916.6167  880.7031  843.0686  804.1072  764.5273
     0.0000    0.0000  747.8471  792.1666  835.4292  877.2517  917.2431  955.0209  990.2242 1022.5170 1051.5920 1077.1719 1099.0080 1116.8894 1130.6484 1140.1555 1145.3231 1146.1076 1142.5148 1134.5756 1122.3601 1105.9992 1085.6642 1061.5596 1033.9318 1003.0557  969.2429  932.8264  894.1733  853.6700  811.7372  769.0795
     0.0000    0.0000  752.8755  800.6806  847.3470  892.4592  935.5941  976.3382 1014.3020 1049.1224 1080.4676 1108.0382 1131.5657 1150.8225 1165.6272 1175.8396 1181.3648 1182.1577 1178.2266 1169.5951 1156.3470 1138.6233 1116.6090 1090.5257 1060.6400 1027.2482  990.6873  951.3166  909.5323  865.7507  820.4232  774.2578
     0.0000    0.0000  756.6467  807.0658  856.2850  903.8645  949.3567  992.3255 1032.3595 1069.0755 1102.1233 1131.1869 1155.9829 1176.2713 1191.8602 1202.6013 1208.3945 1209.1944 1205.0092 1195.8578 1181.8347 1163.0884 1139.8142 1112.2462 1080.6661 1045.3872 1006.7654  965.1791  921.0463  874.8059  826.9329  778.1402
     0.0000    0.0000  756.6480  807.0673  856.2867  903.8664  949.3589  992.3280 1032.3622 1069.0785 1102.1267 1131.1906 1155.9868 1176.2755 1191.8647 1202.6060 1208.3993 1209.1994 1205.0144 1195.8631 1181.8406 1163.0949 1139.8214 1112.2541 1080.6746 1045.3963 1006.7748  965.1890  921.0569  874.8171  826.9447  778.1542
     0.0000    0.0000  756.6482  807.0676  856.2869  903.8666  949.3591  992.3282 1032.3625 1069.0789 1102.1271 1131.1910 1155.9874 1176.2761 1191.8653 1202.6065 1208.3998 1209.1999 1205.0151 1195.8642 1181.8418 1163.0959 1139.8223 1112.2547 1080.6746 1045.3958 1006.7741  965.1882  921.0559  874.8159  826.9433  778.1516
     0.0000    0.0000  756.6476  807.0668  856.2861  903.8656  949.3580  992.3269 1032.3609 1069.0769 1102.1248 1131.1883 1155.9841 1176.2723 1191.8610 1202.6018 1208.3947 1209.1942 1205.0086 1195.8568 1181.8335 1163.0869 1139.8125 1112.2443 1080.6638 1045.3845 1006.7624  965.1761  921.0436  874.8034  826.9305  778.1377
     0.0000    0.0000  752.8768  800.6820  847.3485  892.4609  935.5958  976.3400 1014.3038 1049.1243 1080.4695 1108.0401 1131.5676 1150.8243 1165.6290 1175.8413 1181.3663 1182.1592 1178.2280 1169.5966 1156.3488 1138.6256 1116.6118 1090.5288 1060.6430 1027.2511  990.6902  951.3195  909.5351  865.7532  820.4251  774.2578
     0.0000    0.0000  747.8488  792.1684  835.4312  877.2538  917.2454  955.0233  990.2268 1022.5196 1051.5946 1077.1745 1099.0104 1116.8916 1130.6504 1140.1573 1145.3244 1146.1086 1142.5154 1134.5759 1122.3602 1105.9990 1085.6635 1061.5586 1033.9308 1003.0547  969.2420  932.8253  894.1722  853.6688  811.7357  769.0776
     0.0000    0.0000  743.4489  784.7186  825.0031  863.9470  901.1880  936.3701  969.1578  999.2385 1026.3266 1050.1641 1070.5194 1087.1963 1100.0392 1108.9279 1113.7811 1114.5576 1111.2604 1103.9247 1092.6105 1077.4395 1058.5711 1036.1956 1010.5419  981.8653  950.4558  916.6231  880.7095  843.0749  804.1137  764.5363
     0.0000    0.0000  737.7932  775.1419  811.5973  846.8405  880.5454  912.3906  942.0732  969.3107  993.8452 1015.4435 1033.8962 1049.0259 1060.6921 1068.7866 1073.2362 1074.0031 1071.0886 1064.5280 1054.3737 1040.7334 1023.7518 1003.6005  980.4860  954.6388  926.3211  895.8130  863.4239  829.4804  794.3443  758.7486
     0.0000    0.0000  737.7920  775.1407  811.5960  846.8390  880.5438  912.3890  942.0714  969.3088  993.8430 1015.4411 1033.8937 1049.0232 1060.6893 1068.7837 1073.2332 1074.0000 1071.0854 1064.5249 1054.3707 1040.7305 1023.7488 1003.5975  980.4831  954.6362  926.3187  895.8108  863.4218  829.4786  794.3427  758.7469
     0.0000    0.0000  743.4473  784.7170  825.0013  863.9452  901.1860  936.3680  969.1557  999.2364 1026.3245 1050.1619 1070.5173 1087.1943 1100.0372 1108.9261 1113.7794 1114.5560 1111.2590 1103.9234 1092.6093 1077.4384 1058.5700 1036.1945 1010.5407  981.8641  950.4546  916.6219  880.7082  843.0737  804.1127  764.5363
     0.0000    0.0000  747.8472  792.1667  835.4294  877.2519  917.2433  955.0212  990.2245 1022.5173 1051.5923 1077.1722 1099.0082 1116.8896 1130.6486 1140.1558 1145.3235 1146.1080 1142.5154 1134.5763 1122.3607 1106.0000 1085.6652 1061.5611 1033.9338 1003.0580  969.2456  932.8292  894.1762  853.6728  811.7400  769.0831
     0.0000    0.0000  752.8751  800.6801  847.3464  892.4585  935.5931  976.3370 1014.3004 1049.1204 1080.4652 1108.0352 1131.5620 1150.8181 1165.6222 1175.8340 1181.3586 1182.1510 1178.2190 1169.5864 1156.3374 1138.6130 1116.5980 1090.5138 1060.6267 1027.2337  990.6719  951.3005  909.5157  865.7335  820.4052  774.2371
     0.0000    0.0000  752.8763  800.6814  847.3479  892.4602  935.5951  976.3393 1014.3031 1049.1236 1080.4689 1108.0395 1131.5670 1150.8238 1165.6284 1175.8408 1181.3659 1182.1587 1178.2275 1169.5962 1156.3484 1138.6249 1116.6107 1090.5272 1060.6409 1027.2488  990.6880  951.3172  909.5328  865.7509  820.4232  774.2563
     0.0000    0.0000  752.8767  800.6819  847.3484  892.4607  935.5956  976.3398 1014.3037 1049.1242 1080.4695 1108.0402 1131.5678 1150.8247 1165.6296 1175.8420 1181.3674 1182.1604 1178.2295 1169.5980 1156.3502 1138.6269 1116.6130 1090.5300 1060.6445 1027.2528  990.6920  951.3213  909.5370  865.7552  820.4276  774.2619
     0.0000    0.0000  752.8766  800.6818  847.3483  892.4606  935.5956  976.3398 1014.3037 1049.1241 1080.4695 1108.0401 1131.5675 1150.8244 1165.6291 1175.8415 1181.3668 1182.1596 1178.2285 1169.5968 1156.3488 1138.6254 1116.6115 1090.5285 1060.6425 1027.2507  990.6900  951.3194  909.5350  865.7530  820.4251  774.2587
     0.0000    0.0000  752.8758  800.6809  847.3472  892.4594  935.5941  976.3380 1014.3015 1049.1215 1080.4663 1108.0364 1131.5632 1150.8194 1165.6235 1175.8353 1181.3600 1182.1523 1178.2204 1169.5880 1156.3393 1138.6149 1116.5998 1090.5155 1060.6287 1027.2362  990.6748  951.3035  909.5188  865.7365  820.4081  774.2402
     0.0000    0.0000  747.8485  792.1681  835.4309  877.2534  917.2450  955.0229  990.2263 1022.5191 1051.5942 1077.1741 1099.0100 1116.8913 1130.6501 1140.1570 1145.3243 1146.1086 1142.5155 1134.5761 1122.3603 1105.9992 1085.6638 1061.5589 1033.9309 1003.0545  969.2415  932.8247  894.1715  853.6681  811.7351  769.0767
     0.0000    0.0000  743.4493  784.7191  825.0036  863.9476  901.1886  936.3707  969.1584  999.2390 1026.3269 1050.1641 1070.5190 1087.1955 1100.0379 1108.9260 1113.7787 1114.5546 1111.2568 1103.9203 1092.6053 1077.4335 1058.5645 1036.1886 1010.5346  981.8579  950.4484  916.6158  880.7022  843.0678  804.1070  764.5305
     0.0000    0.0000  737.7936  775.1423  811.5977  846.8409  880.5458  912.3911  942.0737  969.3111  993.8454 1015.4436 1033.8962 1049.0257 1060.6917 1068.7860 1073.2353 1074.0019 1071.0871 1064.5264 1054.3720 1040.7317 1023.7500 1003.5986  980.4840  954.6370  926.3194  895.8113  863.4221  829.4788  794.3426  758.7459
     0.0000    0.0000  737.7917  775.1403  811.5956  846.8387  880.5435  912.3887  942.0712  969.3087  993.8432 1015.4416 1033.8944 1049.0243 1060.6907 1068.7855 1073.2353 1074.0026 1071.0884 1064.5280 1054.3738 1040.7337 1023.7523 1003.6011  980.4868  954.6399  926.3223  895.8143  863.4251  829.4818  794.3459  758.7510
     0.0000    0.0000  743.4477  784.7174  825.0018  863.9457  901.1865  936.3686  969.1562  999.2369 1026.3248 1050.1620 1070.5171 1087.1937 1100.0362 1108.9245 1113.7773 1114.5533 1111.2556 1103.9193 1092.6049 1077.4337 1058.5651 1036.1894 1010.5355  981.8589  950.4494  916.6169  880.7034  843.0690  804.1079  764.5290
     0.0000    0.0000  747.8467  792.1661  835.4287  877.2510  917.2423  955.0198  990.2228 1022.5152 1051.5897 1077.1689 1099.0042 1116.8848 1130.6430 1140.1493 1145.3160 1146.0998 1142.5061 1134.5659 1122.3492 1105.9871 1085.6507 1061.5451 1033.9163 1003.0394  969.2259  932.8085  894.1546  853.6505  811.7170  769.0582
     0.0000    0.0000  747.8479  792.1675  835.4302  877.2528  917.2443  955.0222  990.2256 1022.5183 1051.5933 1077.1731 1099.0091 1116.8903 1130.6491 1140.1561 1145.3235 1146.1078 1142.5148 1134.5757 1122.3598 1105.9989 1085.6638 1061.5593 1033.9317 1003.0558  969.2430  932.8262  894.1730  853.6695  811.7366  769.0789
     0.0000    0.0000  747.8485  792.1681  835.4309  877.2535  917.2451  955.0230  990.2264 1022.5192 1051.5942 1077.1740 1099.0100 1116.8912 1130.6500 1140.1570 1145.3243 1146.1086 1142.5156 1134.5760 1122.3600 1105.9986 1085.6629 1061.5576 1033.9294 1003.0529  969.2399  932.8233  894.1703  853.6671  811.7344  769.0787
     0.0000    0.0000  747.8486  792.1682  835.4310  877.2536  917.2451  955.0230  990.2265 1022.5193 1051.5944 1077.1744 1099.0104 1116.8917 1130.6507 1140.1577 1145.3252 1146.1097 1142.5169 1134.5777 1122.3619 1106.0006 1085.6652 1061.5604 1033.9326 1003.0564  969.2435  932.8267  894.1736  853.6702  811.7375  769.0816
     0.0000    0.0000  747.8484  792.1681  835.4309  877.2535  917.2450  955.0230  990.2264 1022.5192 1051.5942 1077.1741 1099.0100 1116.8912 1130.6500 1140.1569 1145.3242 1146.1085 1142.5154 1134.5757 1122.3595 1105.9980 1085.6625 1061.5578 1033.9299 1003.0535  969.2403  932.8234  894.1702  853.6668  811.7341  769.0775
     0.0000    0.0000  747.8478  792.1674  835.4300  877.2524  917.2437  955.0213  990.2243 1022.5165 1051.5909 1077.1701 1099.0052 1116.8856 1130.6435 1140.1496 1145.3161 1146.0997 1142.5057 1134.5655 1122.3488 1105.9866 1085.6501 1061.5443 1033.9156 1003.0385  969.2246  932.8070  894.1531  853.6489  811.7153  769.0553
     0.0000    0.0000  743.4488  784.7186  825.0031  863.9470  901.1879  936.3700  969.1577  999.2384 1026.3264 1050.1636 1070.5187 1087.1953 1100.0379 1108.9262 1113.7790 1114.5549 1111.2571 1103.9207 1092.6059 1077.4342 1058.5651 1036.1890 1010.5348  981.8581  950.4487  916.6162  880.7027  843.0683  804.1072  764.5290
     0.0000    0.0000  737.7934  775.1421  811.5975  846.8407  880.5456  912.3908  942.0734  969.3109  993.8452 1015.4434 1033.8961 1049.0257 1060.6919 1068.7863 1073.2358 1074.0027 1071.0881 1064.5276 1054.3735 1040.7334 1023.7517 1003.6004  980.4860  954.6390  926.3212  895.8130  863.4238  829.4803  794.3442  758.7479
     0.0000    0.0000  737.7921  775.1407  811.5961  846.8392  880.5440  912.3892  942.0717  969.3092  993.8435 1015.4417 1033.8944 1049.0240 1060.6902 1068.7847 1073.2342 1074.0012 1071.0866 1064.5262 1054.3720 1040.7319 1023.7502 1003.5989  980.4847  954.6380  926.3206  895.8125  863.4236  829.4803  794.3444  758.7492
     0.0000    0.0000  743.4474  784.7170  825.0013  863.9451  901.1859  936.3678  969.1553  999.2358 1026.3236 1050.1606 1070.5155 1087.1919 1100.0343 1108.9225 1113.7752 1114.5511 1111.2534 1103.9170 1092.6021 1077.4305 1058.5616 1036.1855 1010.5313  981.8544  950.4448  916.6122  880.6985  843.0638  804.1023  764.5235
     0.0000    0.0000  743.4479  784.7176  825.0020  863.9459  901.1868  936.3689  969.1566  999.2373 1026.3254 1050.1628 1070.5181 1087.1950 1100.0379 1108.9266 1113.7798 1114.5561 1111.2589 1103.9228 1092.6083 1077.4369 1058.5680 1036.1920 1010.5377  981.8608  950.4511  916.6185  880.7048  843.0704  804.1094  764.5331
     0.0000    0.0000  743.4485  784.7182  825.0027  863.9466  901.1875  936.3696  969.1573  999.2380 1026.3261 1050.1635 1070.5188 1087.1956 1100.0384 1108.9270 1113.7800 1114.5562 1111.2588 1103.9229 1092.6085 1077.4372 1058.5686 1036.1933 1010.5398  981.8635  950.4543  916.6219  880.7084  843.0738  804.1125  764.5340
     0.0000    0.0000  743.4488  784.7187  825.0031  863.9471  901.1880  936.3701  969.1579  999.2386 1026.3266 1050.1639 1070.5190 1087.1958 1100.0384 1108.9268 1113.7797 1114.5558 1111.2583 1103.9221 1092.6076 1077.4365 1058.5679 1036.1922 1010.5383  981.8617  950.4521  916.6195  880.7060  843.0714  804.1103  764.5323
     0.0000    0.0000  743.4489  784.7188  825.0032  863.9472  901.1881  936.3702  969.1579  999.2386 1026.3266 1050.1639 1070.5190 1087.1957 1100.0383 1108.9268 1113.7796 1114.5556 1111.2580 1103.9216 1092.6067 1077.4352 1058.5664 1036.1904 1010.5362  981.8594  950.4500  916.6176  880.7042  843.0699  804.1089  764.5317
     0.0000    0.0000  743.4487  784.7184  825.0029  863.9468  901.1877  936.3699  969.1576  999.2382 1026.3262 1050.1636 1070.5187 1087.1955 1100.0381 1108.9266 1113.7795 1114.5556 1111.2580 1103.9221 1092.6078 1077.4367 1058.5682 1036.1925 1010.5387  981.8621  950.4529  916.6205  880.7069  843.0722  804.1106  764.5310
     0.0000    0.0000  743.4482  784.7179  825.0023  863.9462  901.1870  936.3690  969.1565  999.2369 1026.3247 1050.1617 1070.5165 1087.1929 1100.0351 1108.9233 1113.7759 1114.5518 1111.2539 1103.9173 1092.6023 1077.4305 1058.5615 1036.1855 1010.5313  981.8541  950.4440  916.6109  880.6969  843.0621  804.1007  764.5222
     0.0000    0.0000  737.7930  775.1417  811.5971  846.8402  880.5451  912.3904  942.0730  969.3105  993.8449 1015.4432 1033.8959 1049.0256 1060.6918 1068.7863 1073.2359 1074.0029 1071.0884 1064.5278 1054.3735 1040.7333 1023.7518 1003.6006  980.4862  954.6393  926.3220  895.8140  863.4250  829.4817  794.3458  758.7508
     0.0000    0.0000  737.7924  775.1411  811.5964  846.8396  880.5444  912.3896  942.0722  969.3096  993.8440 1015.4422 1033.8950 1049.0246 1060.6907 1068.7852 1073.2348 1074.0019 1071.0873 1064.5269 1054.3728 1040.7326 1023.7510 1003.5998  980.4854  954.6385  926.3211  895.8131  863.4242  829.4811  794.3452  758.7504
     0.0000    0.0000  737.7929  775.1417  811.5970  846.8402  880.5451  912.3903  942.0728  969.3102  993.8445 1015.4427 1033.8953 1049.0248 1060.6907 1068.7850 1073.2343 1074.0011 1071.0863 1064.5256 1054.3712 1040.7310 1023.7493 1003.5979  980.4834  954.6364  926.3188  895.8107  863.4217  829.4783  794.3421  758.7456
     0.0000    0.0000  737.7930  775.1417  811.5971  846.8402  880.5451  912.3903  942.0729  969.3104  993.8448 1015.4431 1033.8958 1049.0255 1060.6917 1068.7863 1073.2359 1074.0030 1071.0886 1064.5281 1054.3740 1040.7338 1023.7521 1003.6007  980.4861  954.6390  926.3214  895.8132  863.4241  829.4808  794.3449  758.7504
     0.0000    0.0000  737.7931  775.1418  811.5972  846.8404  880.5453  912.3905  942.0731  969.3106  993.8450 1015.4432 1033.8960 1049.0257 1060.6919 1068.7864 1073.2360 1074.0030 1071.0884 1064.5281 1054.3739 1040.7336 1023.7518 1003.6003  980.4858  954.6387  926.3212  895.8131  863.4240  829.4806  794.3445  758.7488
     0.0000    0.0000  737.7931  775.1419  811.5973  846.8404  880.5453  912.3906  942.0731  969.3106  993.8450 1015.4432 1033.8959 1049.0255 1060.6916 1068.7861 1073.2356 1074.0025 1071.0878 1064.5270 1054.3725 1040.7322 1023.7502 1003.5988  980.4842  954.6372  926.3196  895.8114  863.4223  829.4790  794.3432  758.7482
     0.0000    0.0000  737.7929  775.1416  811.5970  846.8402  880.5451  912.3903  942.0729  969.3104  993.8448 1015.4431 1033.8959 1049.0256 1060.6918 1068.7863 1073.2359 1074.0030 1071.0885 1064.5281 1054.3740 1040.7339 1023.7524 1003.6012  980.4867  954.6397  926.3221  895.8141  863.4251  829.4818  794.3459  758.7512
