    -0.6025    1.4610  284.8004  285.6662  286.6128  287.6372  288.7360  289.9031  291.0540  292.2523  293.5007  294.7927  296.1225  297.4829  298.8676  300.2688  301.6799  303.0930  304.5012  305.8968  307.2733  308.6219  309.9164  311.0640  312.1509  313.1934  314.1878  315.1300  316.0172  316.8466  317.6140  318.3630
    -0.3615    1.4610  284.8008  285.6670  286.6143  287.6395  288.7393  289.9077  291.0592  292.2586  293.5080  294.8009  296.1315  297.4925  298.8774  300.2786  301.6895  303.1019  304.5093  305.9039  307.2791  308.6263  309.9189  311.0649  312.1505  313.1919  314.1858  315.1278  316.0157  316.8464  317.6162  318.3692
    -0.1205    1.4610  284.8246  285.7143  286.6846  287.7319  288.8525  290.0333  291.2003  292.4172  293.6839  294.9937  296.3411  297.7187  299.1202  300.5381  301.9654  303.3944  304.8184  306.2293  307.6205  308.9794  310.2552  311.4035  312.5013  313.5547  314.5601  315.5134  316.4120  317.2529  318.0317  318.7937
     0.1205    1.4610  287.7809  288.6337  289.5670  290.5366  291.5438  292.6162  293.7495  294.9379  296.1765  297.4587  298.7788  300.1295  301.5042  302.8954  304.2964  305.6992  307.0971  308.4818  309.8325  311.0373  312.1901  313.3084  314.3875  315.4222  316.4090  317.3434  318.2233  319.0456  319.8064  320.5530
     0.3615    1.4610  287.7931  288.6579  289.6031  290.5808  291.5985  292.6809  293.8239  295.0222  296.2704  297.5624  298.8921  300.2523  301.6367  303.0376  304.4481  305.8604  307.2677  308.6604  310.0045  311.2117  312.3716  313.4967  314.5826  315.6239  316.6172  317.5581  318.4442  319.2725  320.0388  320.7910
     0.6025    1.4610  287.7932  288.6582  289.6038  290.5818  291.5998  292.6826  293.8260  295.0247  296.2734  297.5659  298.8961  300.2569  301.6419  303.0434  304.4546  305.8676  307.2757  308.6692  310.0133  311.2210  312.3818  313.5078  314.5948  315.6373  316.6318  317.5742  318.4619  319.2918  320.0595  320.8129
    -0.9640    1.2523  284.8004  285.6660  286.6127  287.6371  288.7359  289.9032  291.0542  292.2526  293.5011  294.7933  296.1231  297.4836  298.8683  300.2694  301.6804  303.0932  304.5011  305.8964  307.2723  308.6204  309.9146  311.0615  312.1479  313.1898  314.1837  315.1254  316.0123  316.8414  317.6089  318.3582
    -0.7230    1.2523  284.8124  285.6982  286.6726  287.7320  288.8726  290.0781  291.2756  292.5287  293.8358  295.1899  296.5843  298.0112  299.4633  300.9322  302.4105  303.8894  305.3616  306.8185  308.2530  309.6460  310.8936  312.0609  313.1840  314.2574  315.2770  316.2384  317.1387  317.9750  318.7431  319.4876
    -0.4820    1.2523  284.8127  285.6989  286.6740  287.7342  288.8757  290.0821  291.2805  292.5348  293.8432  295.1987  296.5947  298.0233  299.4774  300.9486  302.4294  303.9111  305.3862  306.8461  308.2838  309.6793  310.9257  312.0953  313.2208  314.2967  315.3190  316.2833  317.1869  318.0268  318.7990  319.5485
    -0.2410    1.2523  284.8248  285.7228  286.7096  287.7812  288.9335  290.1463  291.3533  292.6171  293.9351  295.3002  296.7059  298.1442  299.6081  301.0890  302.5795  304.0708  305.5554  307.0246  308.4702  309.8668  311.1051  312.2817  313.4140  314.4965  315.5252  316.4956  317.4051  318.2504  319.0275  319.7823
     0.0000    1.2523  287.7693  288.6193  289.5583  290.5414  291.5691  292.6689  293.8354  295.0624  296.3441  297.6735  299.0440  300.4477  301.8776  303.3251  304.7829  306.2423  307.6960  309.1293  310.4734  311.7043  312.8989  314.0548  315.1671  316.2299  317.2394  318.1908  319.0815  319.9084  320.6671  321.4047
     0.2410    1.2523  287.8050  288.6895  289.6620  290.6677  291.7237  292.8503  294.0430  295.2957  296.6027  297.9568  299.3517  300.7793  302.2326  303.7030  305.1830  306.6638  308.1382  309.5864  310.9019  312.1427  313.3506  314.5192  315.6433  316.7175  317.7377  318.6994  319.5998  320.4358  321.2025  321.9480
     0.4820    1.2523  287.8053  288.6906  289.6641  290.6707  291.7282  292.8566  294.0511  295.3058  296.6150  297.9714  299.3685  300.7985  302.2542  303.7269  305.2094  306.6928  308.1700  309.6206  310.9348  312.1781  313.3887  314.5598  315.6862  316.7624  317.7842  318.7470  319.6482  320.4849  321.2527  322.0009
     0.7230    1.2523  287.8052  288.6903  289.6635  290.6699  291.7270  292.8547  294.0486  295.3024  296.6104  297.9655  299.3611  300.7892  302.2428  303.7131  305.1929  306.6732  308.1470  309.5945  310.9084  312.1483  313.3554  314.5230  315.6464  316.7196  317.7390  318.6997  319.5994  320.4348  321.2016  321.9482
     0.9640    1.2523  287.7932  288.6581  289.6035  290.5814  291.5993  292.6819  293.8253  295.0239  296.2726  297.5651  298.8954  300.2563  301.6415  303.0433  304.4549  305.8685  307.2772  308.6714  310.0160  311.2244  312.3859  313.5128  314.6005  315.6438  316.6391  317.5822  318.4705  319.3011  320.0695  320.8238
    -1.0845    1.0436  284.8004  285.6661  286.6127  287.6371  288.7358  289.9029  291.0536  292.2517  293.4998  294.7914  296.1207  297.4805  298.8643  300.2646  301.6747  303.0864  304.4932  305.8872  307.2619  308.6087  309.9026  311.0487  312.1338  313.1746  314.1674  315.1080  315.9942  316.8228  317.5902  318.3403
    -0.8435    1.0436  284.8125  285.6985  286.6732  287.7332  288.8744  290.0807  291.2791  292.5334  293.8421  295.1979  296.5944  298.0237  299.4785  300.9506  302.4323  303.9151  305.3913  306.8523  308.2910  309.6875  310.9339  312.1042  313.2303  314.3063  315.3284  316.2921  317.1946  318.0330  318.8031  319.5497
    -0.6025    1.0436  284.8221  285.7241  286.7209  287.8087  288.9833  290.2197  291.4558  292.7541  294.1102  295.5164  296.9658  298.4498  299.9607  301.4895  303.0281  304.5672  306.0988  307.6139  309.0985  310.4814  311.7368  312.9456  314.1065  315.2135  316.2622  317.2477  318.1670  319.0168  319.7927  320.5404
    -0.3615    1.0436  284.8224  285.7249  286.7226  287.8117  288.9880  290.2262  291.4648  292.7664  294.1264  295.5374  296.9924  298.4829  300.0013  301.5384  303.0862  304.6353  306.1776  307.7038  309.1989  310.5832  311.8453  313.0635  314.2338  315.3498  316.4072  317.4009  318.3278  319.1842  319.9654  320.7173
    -0.1205    1.0436  284.8463  285.7724  286.7933  287.9047  289.1020  290.3521  291.6071  292.9263  294.3034  295.7310  297.2020  298.7079  300.2410  301.7922  303.3534  304.9152  306.4694  308.0069  309.5080  310.8678  312.1352  313.3598  314.5361  315.6581  316.7212  317.7207  318.6539  319.5174  320.3070  321.0709
     0.1205    1.0436  287.7910  288.6690  289.6421  290.6564  291.7265  292.8734  294.0916  295.3745  296.7161  298.1087  299.5453  301.0173  302.5171  304.0354  305.5644  307.0946  308.6156  310.0840  311.4103  312.6921  313.9388  315.1433  316.3002  317.4030  318.4476  319.4289  320.3439  321.1895  321.9609  322.7078
     0.3615    1.0436  287.8149  288.7162  289.7117  290.7410  291.8299  292.9944  294.2298  295.5294  296.8872  298.2954  299.7471  301.2339  302.7479  304.2802  305.8227  307.3662  308.8979  310.3538  311.6818  312.9727  314.2281  315.4412  316.6063  317.7175  318.7706  319.7605  320.6845  321.5392  322.3196  323.0762
     0.6025    1.0436  287.8149  288.7161  289.7115  290.7406  291.8292  292.9934  294.2283  295.5274  296.8844  298.2919  299.7426  301.2280  302.7405  304.2708  305.8109  307.3517  308.8804  310.3349  311.6605  312.9482  314.2002  315.4096  316.5708  317.6778  318.7261  319.7108  320.6289  321.4770  322.2503  322.9986
     0.8435    1.0436  287.8053  288.6906  289.6642  290.6708  291.7284  292.8569  294.0517  295.3066  296.6161  297.9730  299.3708  300.8015  302.2579  303.7316  305.2150  306.6992  308.1771  309.6280  310.9415  312.1847  313.3947  314.5650  315.6907  316.7659  317.7868  318.7489  319.6495  320.4858  321.2531  322.0004
     1.0845    1.0436  287.7933  288.6582  289.6037  290.5816  291.5994  292.6819  293.8252  295.0235  296.2719  297.5639  298.8936  300.2538  301.6381  303.0387  304.4490  305.8609  307.2679  308.6602  310.0038  311.2106  312.3702  313.4952  314.5812  315.6230  316.6170  317.5590  318.4465  319.2767  320.0449  320.7990
    -1.2050    0.8348  284.8004  285.6660  286.6127  287.6372  288.7361  289.9035  291.0546  292.2533  293.5021  294.7946  296.1248  297.4857  298.8709  300.2726  301.6841  303.0974  304.5058  305.9015  307.2778  308.6261  309.9200  311.0668  312.1530  313.1948  314.1885  315.1300  316.0168  316.8459  317.6133  318.3629
    -0.9640    0.8348  284.8125  285.6985  286.6732  287.7330  288.8743  290.0805  291.2791  292.5336  293.8427  295.1991  296.5963  298.0265  299.4825  300.9558  302.4389  303.9230  305.4006  306.8631  308.3034  309.7010  310.9473  312.1188  313.2458  314.3227  315.3452  316.3091  317.2112  318.0486  318.8170  319.5610
    -0.7230    0.8348  284.8223  285.7245  286.7219  287.8105  288.9860  290.2234  291.4608  292.7608  294.1190  295.5278  296.9802  298.4677  299.9826  301.5160  303.0597  304.6046  306.1424  307.6642  309.1552  310.5394  311.7990  313.0137  314.1805  315.2933  316.3477  317.3388  318.2636  319.1190  319.9004  320.6548
    -0.4820    0.8348  284.8332  285.7537  286.7764  287.8971  289.1111  290.3824  291.6646  293.0157  294.4289  295.8961  297.4095  298.9600  300.5392  302.1373  303.7455  305.3537  306.9531  308.5316  310.0488  311.4049  312.7047  313.9578  315.1583  316.2999  317.3779  318.3873  319.3252  320.1884  320.9724  321.7251
    -0.2410    0.8348  284.8339  285.7556  286.7800  287.9027  289.1191  290.3923  291.6774  293.0317  294.4486  295.9199  297.4379  298.9934  300.5782  302.1823  303.7972  305.4128  307.0203  308.6073  310.1267  311.4893  312.7991  314.0633  315.2759  316.4303  317.5216  318.5445  319.4956  320.3713  321.1665  321.9301
     0.0000    0.8348  284.8692  285.8252  286.8829  288.0374  289.2834  290.5710  291.8817  293.2611  294.7025  296.1979  297.7395  299.3184  300.9261  302.5529  304.1900  305.8274  307.4561  309.0585  310.5559  311.9206  313.2440  314.5210  315.7453  316.9106  318.0121  319.0445  320.0049  320.8894  321.6931  322.4658
     0.2410    0.8348  287.8139  288.7218  289.7315  290.7796  291.8954  293.0933  294.3677  295.7116  297.1185  298.5800  300.0884  301.6348  303.2106  304.8059  306.4120  308.0190  309.6053  311.0461  312.4180  313.7580  315.0590  316.3132  317.5146  318.6567  319.7347  320.7435  321.6800  322.5407  323.3206  324.0713
     0.4820    0.8348  287.8258  288.7453  289.7661  290.8212  291.9459  293.1518  294.4337  295.7845  297.1976  298.6647  300.1783  301.7290  303.3085  304.9072  306.5161  308.1255  309.7127  311.1438  312.5171  313.8584  315.1607  316.4162  317.6191  318.7627  319.8424  320.8527  321.7906  322.6526  323.4333  324.1837
     0.7230    0.8348  287.8151  288.7166  289.7126  290.7422  291.8316  292.9968  294.2330  295.5337  296.8927  298.3025  299.7560  301.2447  302.7610  304.2959  305.8412  307.3878  308.9226  310.3794  311.7098  313.0038  314.2625  315.4789  316.6472  317.7614  318.8170  319.8092  320.7348  321.5906  322.3714  323.1276
     0.9640    0.8348  287.8055  288.6908  289.6645  290.6713  291.7290  292.8576  294.0525  295.3076  296.6172  297.9742  299.3720  300.8028  302.2592  303.7328  305.2161  306.7002  308.1779  309.6287  310.9423  312.1854  313.3957  314.5663  315.6923  316.7679  317.7892  318.7517  319.6527  320.4895  321.2577  322.0065
     1.2050    0.8348  287.7934  288.6585  289.6042  290.5823  291.6005  292.6833  293.8270  295.0257  296.2744  297.5668  298.8970  300.2577  301.6425  303.0439  304.4550  305.8680  307.2762  308.6700  310.0144  311.2225  312.3839  313.5107  314.5983  315.6415  316.6367  317.5796  318.4676  319.2978  320.0659  320.8201
    -1.3255    0.6261  284.8005  285.6663  286.6131  287.6376  288.7365  289.9037  291.0545  292.2528  293.5009  294.7926  296.1219  297.4816  298.8654  300.2655  301.6752  303.0868  304.4933  305.8872  307.2619  308.6088  309.9028  311.0493  312.1350  313.1764  314.1701  315.1118  315.9989  316.8285  317.5967  318.3473
    -1.0845    0.6261  284.8127  285.6987  286.6735  287.7333  288.8743  290.0801  291.2780  292.5317  293.8397  295.1947  296.5905  298.0191  299.4734  300.9452  302.4269  303.9099  305.3868  306.8489  308.2891  309.6872  310.9355  312.1078  313.2359  314.3140  315.3378  316.3030  317.2067  318.0459  318.8166  319.5639
    -0.8435    0.6261  284.8224  285.7247  286.7222  287.8110  288.9868  290.2244  291.4621  292.7625  294.1211  295.5302  296.9829  298.4707  299.9859  301.5194  303.0633  304.6081  306.1458  307.6671  309.1576  310.5408  311.7996  313.0134  314.1794  315.2917  316.3460  317.3375  318.2633  319.1201  319.9032  320.6593
    -0.6025    0.6261  284.8335  285.7545  286.7778  287.8993  289.1142  290.3863  291.6698  293.0225  294.4377  295.9075  297.4241  298.9785  300.5623  302.1658  303.7803  305.3957  307.0032  308.5903  310.1114  311.4746  312.7842  314.0476  315.2589  316.4113  317.4999  318.5193  319.4663  320.3370  321.1266  321.8828
    -0.3615    0.6261  284.8533  285.7992  286.8523  288.0080  289.2612  290.5620  291.8885  293.2874  294.7514  296.2721  297.8414  299.4496  301.0879  302.7459  304.4145  306.0829  307.7422  309.3711  310.8634  312.2509  313.5973  314.8949  316.1374  317.3178  318.4314  319.4727  320.4381  321.3239  322.1249  322.8903
    -0.1205    0.6261  284.8656  285.8239  286.8894  288.0574  289.3224  290.6296  291.9670  293.3769  294.8523  296.3847  297.9660  299.5868  301.2380  302.9095  304.5919  306.2747  307.9485  309.5887  311.0693  312.4684  313.8264  315.1353  316.3887  317.5797  318.7031  319.7535  320.7275  321.6213  322.4299  323.2045
     0.1205    0.6261  287.7988  288.6981  289.7055  290.7590  291.8843  293.0969  294.3903  295.7573  297.1907  298.6820  300.2230  301.8042  303.4166  305.0500  306.6950  308.3400  309.9502  311.4005  312.8072  314.1807  315.5135  316.7978  318.0273  319.1950  320.2960  321.3247  322.2777  323.1512  323.9393  324.6935
     0.3615    0.6261  287.8340  288.7672  289.8068  290.8813  292.0326  293.2696  294.5864  295.9758  297.4308  298.9427  300.5035  302.1035  303.7340  305.3847  307.0463  308.7043  310.2977  311.7496  313.1667  314.5499  315.8918  317.1843  318.4212  319.5956  320.7025  321.7365  322.6941  323.5718  324.3636  325.1220
     0.6025    0.6261  287.8262  288.7462  289.7678  290.8237  291.9494  293.1566  294.4400  295.7925  297.2075  298.6768  300.1927  301.7462  303.3290  304.9311  306.5440  308.1578  309.7491  311.1802  312.5578  313.9037  315.2112  316.4723  317.6813  318.8313  319.9178  320.9353  321.8807  322.7506  323.5398  324.3008
     0.8435    0.6261  287.8151  288.7166  289.7126  290.7422  291.8317  292.9971  294.2336  295.5346  296.8941  298.3044  299.7585  301.2478  302.7647  304.3001  305.8458  307.3927  308.9275  310.3839  311.7138  313.0075  314.2659  315.4817  316.6495  317.7632  318.8184  319.8100  320.7351  321.5903  322.3707  323.1269
     1.0845    0.6261  287.8055  288.6909  289.6643  290.6707  291.7279  292.8557  294.0496  295.3034  296.6116  297.9669  299.3629  300.7916  302.2460  303.7175  305.1987  306.6809  308.1568  309.6062  310.9209  312.1635  313.3737  314.5451  315.6729  316.7512  317.7763  318.7434  319.6499  320.4922  321.2655  322.0185
     1.3255    0.6261  287.7934  288.6584  289.6039  290.5818  291.5997  292.6823  293.8256  295.0242  296.2728  297.5652  298.8956  300.2565  301.6418  303.0436  304.4553  305.8688  307.2776  308.6716  310.0161  311.2243  312.3857  313.5123  314.6000  315.6432  316.6385  317.5816  318.4699  319.3005  320.0690  320.8234
    -1.4460    0.4174  284.8007  285.6667  286.6136  287.6384  288.7376  289.9052  291.0562  292.2550  293.5037  294.7961  296.1263  297.4871  298.8722  300.2737  301.6852  303.0985  304.5070  305.9028  307.2794  308.6280  309.9219  311.0692  312.1562  313.1988  314.1938  315.1368  316.0255  316.8568  317.6270  318.3799
    -1.2050    0.4174  284.8128  285.6991  286.6742  287.7346  288.8763  290.0828  291.2817  292.5366  293.8459  295.2026  296.6000  298.0303  299.4862  300.9594  302.4423  303.9263  305.4037  306.8659  308.3060  309.7035  310.9495  312.1211  313.2486  314.3264  315.3503  316.3159  317.2204  318.0606  318.8323  319.5804
    -0.9640    0.4174  284.8225  285.7252  286.7231  287.8123  288.9888  290.2271  291.4658  292.7673  294.1271  295.5378  296.9921  298.4817  299.9988  301.5344  303.0802  304.6270  306.1666  307.6899  309.1822  310.5650  311.8248  313.0403  314.2079  315.3218  316.3773  317.3697  318.2959  319.1525  319.9349  320.6897
    -0.7230    0.4174  284.8336  285.7547  286.7782  287.9000  289.1154  290.3878  291.6719  293.0251  294.4409  295.9110  297.4279  298.9824  300.5662  302.1695  303.7835  305.3983  307.0051  308.5913  310.1112  311.4734  312.7818  314.0442  315.2547  316.4066  317.4953  318.5154  319.4638  320.3369  321.1299  321.8911
    -0.4820    0.4174  284.8537  285.8002  286.8541  288.0108  289.2651  290.5667  291.8943  293.2945  294.7603  296.2830  297.8548  299.4660  301.1079  302.7704  304.4440  306.1183  307.7841  309.4194  310.9127  312.3067  313.6600  314.9645  316.2139  317.4011  318.5211  319.5683  320.5391  321.4298  322.2353  323.0060
    -0.2410    0.4174  287.7698  288.6458  289.6354  290.6829  291.8028  293.0147  294.3113  295.6851  297.1287  298.6329  300.1894  301.7880  303.4195  305.0731  306.7390  308.4047  310.0291  311.4973  312.9230  314.3140  315.6625  316.9601  318.2003  319.3760  320.4819  321.5124  322.4640  323.3328  324.1130  324.8551
     0.0000    0.4174  284.8962  285.8890  286.9931  288.2026  289.5117  290.8492  292.2335  293.6928  295.2201  296.8062  298.4429  300.1201  301.8286  303.5578  305.2979  307.0379  308.7621  310.3985  311.8843  313.3277  314.7280  316.0767  317.3672  318.5921  319.7463  320.8236  321.8206  322.7331  323.5555  324.3408
     0.2410    0.4174  287.8293  288.7628  289.8079  290.8921  292.0580  293.3135  294.6526  296.0676  297.5511  299.0941  300.6882  302.3233  303.9903  305.6784  307.3781  309.0711  310.6674  312.1430  313.5927  315.0072  316.3786  317.6984  318.9601  320.1561  321.2810  322.3291  323.2967  324.1800  324.9737  325.7312
     0.4820    0.4174  287.8345  288.7683  289.8092  290.8849  292.0381  293.2773  294.5968  295.9893  297.4477  298.9633  300.5283  302.1329  303.7683  305.4243  307.0916  308.7551  310.3496  311.8052  313.2276  314.6163  315.9638  317.2620  318.5046  319.6845  320.7968  321.8360  322.7987  323.6812  324.4781  325.2429
     0.7230    0.4174  287.8263  288.7465  289.7682  290.8243  291.9503  293.1580  294.4418  295.7948  297.2104  298.6803  300.1969  301.7511  303.3344  304.9370  306.5504  308.1645  309.7560  311.1866  312.5644  313.9106  315.2183  316.4799  317.6895  318.8404  319.9280  320.9469  321.8938  322.7650  323.5551  324.3160
     0.9640    0.4174  287.8152  288.7169  289.7131  290.7431  291.8330  292.9989  294.2358  295.5373  296.8973  298.3081  299.7628  301.2528  302.7704  304.3064  305.8528  307.4004  308.9357  310.3919  311.7219  313.0156  314.2737  315.4892  316.6565  317.7695  318.8241  319.8152  320.7400  321.5954  322.3762  323.1332
     1.2050    0.4174  287.8055  288.6909  289.6644  290.6709  291.7281  292.8561  294.0503  295.3045  296.6132  297.9692  299.3661  300.7959  302.2515  303.7244  305.2072  306.6912  308.1690  309.6203  310.9353  312.1794  313.3909  314.5631  315.6909  316.7686  317.7920  318.7567  319.6599  320.4985  321.2680  322.0174
     1.4460    0.4174  287.7934  288.6585  289.6041  290.5822  291.6002  292.6830  293.8265  295.0252  296.2741  297.5667  298.8971  300.2581  301.6433  303.0450  304.4566  305.8699  307.2783  308.6719  310.0159  311.2238  312.3845  313.5104  314.5969  315.6388  316.6325  317.5737  318.4599  319.2883  320.0544  320.8063
    -1.5665    0.2087  284.8126  285.6902  286.6488  287.6847  288.7945  289.9690  291.1280  292.3359  293.5937  294.8950  296.2337  297.6028  298.9959  300.4052  301.8241  303.2446  304.6600  306.0624  307.4451  308.7978  310.0822  311.2293  312.3207  313.3678  314.3669  315.3140  316.2065  317.0414  317.8147  318.5710
    -1.3255    0.2087  284.8248  285.7230  286.7097  287.7812  288.9334  290.1460  291.3526  292.6160  293.9337  295.2986  296.7042  298.1426  299.6067  301.0882  302.5794  304.0718  305.5577  307.0286  308.4762  309.8740  311.1140  312.2924  313.4266  314.5106  315.5405  316.5117  317.4212  318.2663  319.0425  319.7957
    -1.0845    0.2087  284.8345  285.7489  286.7583  287.8585  289.0452  290.2893  291.5354  292.8451  294.2127  295.6307  297.0921  298.5884  300.1119  301.6537  303.2056  304.7584  306.3039  307.8328  309.3283  310.7015  311.9636  313.1833  314.3554  315.4736  316.5338  317.5309  318.4622  319.3244  320.1129  320.8754
    -0.8435    0.2087  284.8455  285.7782  286.8130  287.9456  289.1710  290.4483  291.7409  293.1024  294.5262  296.0041  297.5285  299.0902  300.6810  302.2910  303.9117  305.5328  307.1456  308.7363  310.2486  311.6111  312.9241  314.1911  315.4062  316.5627  317.6559  318.6805  319.6331  320.5103  321.3073  322.0737
    -0.6025    0.2087  284.8541  285.8013  286.8562  288.0143  289.2701  290.5732  291.9028  293.3053  294.7735  296.2989  297.8734  299.4875  301.1323  302.7976  304.4741  306.1511  307.8192  309.4561  310.9468  312.3417  313.6956  315.0005  316.2500  317.4371  318.5570  319.6043  320.5757  321.4678  322.2750  323.0481
    -0.3615    0.2087  284.8843  285.8654  286.9581  288.1568  289.4557  290.7882  292.1635  293.6140  295.1324  296.7097  298.3376  300.0060  301.7056  303.4257  305.1566  306.8872  308.6034  310.2451  311.7278  313.1635  314.5561  315.8973  317.1804  318.3979  319.5447  320.6148  321.6047  322.5104  323.3264  324.1052
    -0.1205    0.2087  284.9004  285.9004  287.0144  288.2366  289.5609  290.9113  292.3141  293.7938  295.3430  296.9526  298.6137  300.3162  302.0505  303.8056  305.5716  307.3372  309.0826  310.7115  312.2104  313.6725  315.0899  316.4542  317.7585  318.9955  320.1601  321.2463  322.2506  323.1691  323.9961  324.7853
     0.1205    0.2087  287.8218  288.7511  289.7953  290.8826  292.0537  293.3173  294.6671  296.0953  297.5942  299.1547  300.7683  302.4247  304.1142  305.8260  307.5503  309.2658  310.8632  312.3608  313.8319  315.2668  316.6575  317.9953  319.2734  320.4843  321.6224  322.6818  323.6586  324.5491  325.3469  326.1056
     0.3615    0.2087  287.8413  288.7865  289.8430  290.9347  292.1099  293.3745  294.7225  296.1464  297.6388  299.1907  300.7938  302.4379  304.1139  305.8110  307.5199  309.2202  310.8079  312.2903  313.7468  315.1681  316.5466  317.8737  319.1431  320.3474  321.4816  322.5398  323.5185  324.4134  325.2188  325.9883
     0.6025    0.2087  287.8346  288.7687  289.8099  290.8860  292.0396  293.2793  294.5994  295.9923  297.4513  298.9676  300.5332  302.1385  303.7745  305.4312  307.0992  308.7635  310.3578  311.8138  313.2370  314.6266  315.9752  317.2746  318.5187  319.7005  320.8148  321.8562  322.8212  323.7059  324.5045  325.2699
     0.8435    0.2087  287.8263  288.7462  289.7676  290.8233  291.9487  293.1556  294.4387  295.7910  297.2060  298.6754  300.1917  301.7458  303.3293  304.9324  306.5465  308.1616  309.7542  311.1862  312.5652  313.9127  315.2215  316.4842  317.6947  318.8464  319.9346  320.9541  321.9016  322.7735  323.5645  324.3268
     1.0845    0.2087  287.8152  288.7169  289.7130  290.7428  291.8323  292.9978  294.2342  295.5351  296.8943  298.3044  299.7582  301.2473  302.7640  304.2993  305.8450  307.3920  308.9271  310.3839  311.7143  313.0086  314.2676  315.4841  316.6528  317.7672  318.8232  319.8155  320.7413  321.5971  322.3779  323.1339
     1.3255    0.2087  287.8055  288.6908  289.6643  290.6709  291.7282  292.8564  294.0507  295.3051  296.6139  297.9699  299.3666  300.7962  302.2512  303.7234  305.2051  306.6877  308.1638  309.6132  310.9272  312.1694  313.3791  314.5497  315.6763  316.7532  317.7766  318.7419  319.6464  320.4870  321.2591  322.0118
     1.5665    0.2087  287.7933  288.6583  289.6037  290.5815  291.5991  292.6813  293.8242  295.0222  296.2703  297.5620  298.8916  300.2517  301.6362  303.0373  304.4482  305.8610  307.2691  308.6627  310.0075  311.2158  312.3768  313.5032  314.5905  315.6334  316.6284  317.5713  318.4595  319.2901  320.0586  320.8127
    -1.4460    0.0000  287.7691  288.6187  289.5572  290.5399  291.5670  292.6663  293.8321  295.0583  296.3392  297.6676  299.0370  300.4394  301.8675  303.3129  304.7680  306.2242  307.6740  309.1032  310.4454  311.6724  312.8618  314.0121  315.1183  316.1749  317.1780  318.1234  319.0085  319.8304  320.5847  321.3181
    -1.2050    0.0000  284.8696  285.8180  286.8604  287.9919  289.2076  290.4661  291.7364  293.0700  294.4609  295.9012  297.3841  298.9009  300.4440  302.0042  303.5735  305.1425  306.7030  308.2455  309.7478  311.0851  312.3561  313.5840  314.7635  315.8882  316.9539  317.9557  318.8904  319.7550  320.5447  321.3079
    -0.9640    0.0000  287.7780  288.6509  289.6266  290.6516  291.7384  292.9084  294.1555  295.4723  296.8522  298.2872  299.7695  301.2899  302.8401  304.4102  305.9914  307.5739  309.1418  310.6122  311.9665  313.2891  314.5728  315.8102  316.9951  318.1211  319.1835  320.1772  321.0991  321.9457  322.7122  323.4472
    -0.7230    0.0000  284.8889  285.8697  286.9571  288.1455  289.4293  290.7455  292.0990  293.5243  295.0146  296.5612  298.1560  299.7895  301.4528  303.1356  304.8285  306.5210  308.2029  309.8445  311.3067  312.7117  314.0754  315.3897  316.6483  317.8442  318.9724  320.0273  321.0052  321.9024  322.7130  323.4879
    -0.4820    0.0000  287.8054  288.7158  289.7385  290.8078  291.9551  293.1930  294.5150  295.9136  297.3812  298.9091  300.4886  302.1097  303.7631  305.4380  307.1247  308.8073  310.4152  311.8871  313.3272  314.7320  316.0938  317.4044  318.6571  319.8447  320.9621  322.0034  322.9652  323.8436  324.6329  325.3853
    -0.2410    0.0000  287.8217  288.7506  289.7942  290.8809  292.0511  293.3138  294.6624  296.0891  297.5863  299.1449  300.7562  302.4100  304.0967  305.8053  307.5262  309.2383  310.8352  312.3294  313.7970  315.2283  316.6155  317.9499  319.2249  320.4329  321.5687  322.6265  323.6025  324.4930  325.2921  326.0534
     0.0000    0.0000  287.8363  288.7815  289.8427  290.9432  292.1316  293.4131  294.7815  296.2285  297.7468  299.3268  300.9598  302.6354  304.3441  306.0747  307.8176  309.5479  311.1304  312.6430  314.1285  315.5775  316.9820  318.3331  319.6238  320.8466  321.9959  323.0657  324.0521  324.9510  325.7564  326.5226
     0.2410    0.0000  287.8454  288.7976  289.8639  290.9657  292.1552  293.4363  294.8030  296.2475  297.7622  299.3379  300.9659  302.6359  304.3384  306.0624  307.7982  309.5217  311.1001  312.6051  314.0833  315.5250  316.9223  318.2666  319.5511  320.7682  321.9126  322.9784  323.9618  324.8589  325.6639  326.4316
     0.4820    0.0000  287.8414  288.7867  289.8434  290.9354  292.1111  293.3763  294.7252  296.1500  297.6435  299.1966  300.8010  302.4466  304.1242  305.8229  307.5333  309.2349  310.8224  312.3060  313.7634  315.1852  316.5635  317.8900  319.1579  320.3598  321.4906  322.5444  323.5177  324.4067  325.2057  325.9684
     0.7230    0.0000  287.8344  288.7682  289.8089  290.8845  292.0373  293.2758  294.5945  295.9858  297.4428  298.9568  300.5197  302.1220  303.7547  305.4077  307.0716  308.7318  310.3250  311.7782  313.1973  314.5827  315.9269  317.2219  318.4614  319.6382  320.7473  321.7833  322.7425  323.6214  324.4146  325.1753
     0.9640    0.0000  287.8261  288.7459  289.7672  290.8227  291.9478  293.1543  294.4367  295.7879  297.2014  298.6687  300.1824  301.7332  303.3126  304.9108  306.5191  308.1277  309.7140  311.1438  312.5159  313.8560  315.1574  316.4123  317.6149  318.7588  319.8392  320.8511  321.7910  322.6556  323.4391  324.1927
     1.2050    0.0000  287.8151  288.7163  289.7118  290.7408  291.8293  292.9932  294.2278  295.5264  296.8829  298.2897  299.7398  301.2246  302.7365  304.2663  305.8060  307.3464  308.8748  310.3296  311.6552  312.9424  314.1941  315.4031  316.5639  317.6705  318.7186  319.7034  320.6221  321.4714  322.2468  322.9985
     1.4460    0.0000  287.8055  288.6906  289.6639  290.6702  291.7271  292.8547  294.0484  295.3020  296.6101  297.9652  299.3611  300.7898  302.2441  303.7154  305.1964  306.6783  308.1536  309.6027  310.9174  312.1590  313.3678  314.5370  315.6615  316.7356  317.7553  318.7160  319.6148  320.4489  321.2137  321.9577
    -1.5665   -0.2087  287.7929  288.6573  289.6022  290.5795  291.5966  292.6782  293.8205  295.0179  296.2653  297.5563  298.8850  300.2442  301.6276  303.0274  304.4369  305.8482  307.2546  308.6465  309.9911  311.1982  312.3576  313.4821  314.5674  315.6079  316.6002  317.5399  318.4246  319.2512  320.0154  320.7647
    -1.3255   -0.2087  287.7932  288.6665  289.6281  290.6264  291.6734  292.7915  293.9759  295.2204  296.5194  297.8658  299.2532  300.6736  302.1199  303.5836  305.0573  306.5323  308.0012  309.4461  310.7733  312.0108  313.2159  314.3817  315.5034  316.5751  317.5930  318.5523  319.4505  320.2844  321.0496  321.7942
    -1.0845   -0.2087  287.8029  288.6924  289.6765  290.6981  291.7773  292.9326  294.1590  295.4498  296.7989  298.1987  299.6422  301.1209  302.6270  304.1516  305.6865  307.2224  308.7479  310.2098  311.5362  312.8213  314.0712  315.2787  316.4386  317.5446  318.5924  319.5772  320.4960  321.3453  322.1201  322.8700
    -0.8435   -0.2087  287.8139  288.7217  289.7312  290.7788  291.8940  293.0910  294.3643  295.7067  297.1118  298.5712  300.0774  301.6213  303.1945  304.7872  306.3908  307.9955  309.5802  311.0226  312.3933  313.7326  315.0335  316.2884  317.4911  318.6352  319.7159  320.7277  321.6676  322.5319  323.3155  324.0695
    -0.6025   -0.2087  287.8224  288.7445  289.7739  290.8421  291.9857  293.2157  294.5263  295.9100  297.3599  298.8672  300.4239  302.0203  303.6475  305.2954  306.9546  308.6113  310.2107  311.6640  313.0803  314.4630  315.8046  317.0972  318.3344  319.5091  320.6164  321.6508  322.6089  323.4869  324.2794  325.0389
    -0.3615   -0.2087  287.8411  288.7859  289.8419  290.9334  292.1082  293.3725  294.7202  296.1436  297.6355  299.1867  300.7890  302.4322  304.1072  305.8032  307.5110  309.2103  310.7983  312.2802  313.7362  315.1571  316.5351  317.8618  319.1305  320.3336  321.4662  322.5222  323.4981  324.3901  325.1925  325.9594
    -0.1205   -0.2087  287.8454  288.7975  289.8636  290.9652  292.1543  293.4350  294.8014  296.2454  297.7598  299.3353  300.9631  302.6331  304.3355  306.0595  307.7953  309.5188  311.0973  312.6021  314.0799  315.5211  316.9179  318.2616  319.5455  320.7623  321.9066  322.9725  323.9562  324.8539  325.6592  326.4267
     0.1205   -0.2087  287.8456  288.7981  289.8647  290.9668  292.1565  293.4380  294.8051  296.2499  297.7649  299.3410  300.9694  302.6398  304.3427  306.0671  307.8033  309.5270  311.1049  312.6100  314.0881  315.5298  316.9272  318.2716  319.5565  320.7743  321.9198  322.9870  323.9722  324.8714  325.6784  326.4479
     0.3615   -0.2087  287.8416  288.7873  289.8443  290.9366  292.1128  293.3785  294.7279  296.1534  297.6475  299.2014  300.8065  302.4530  304.1316  305.8314  307.5429  309.2457  310.8329  312.3176  313.7762  315.1993  316.5793  317.9077  319.1776  320.3818  321.5150  322.5713  323.5471  324.4385  325.2399  326.0058
     0.6025   -0.2087  287.8347  288.7689  289.8101  290.8861  292.0396  293.2791  294.5989  295.9915  297.4499  298.9656  300.5304  302.1347  303.7696  305.4250  307.0915  308.7543  310.3480  311.8028  313.2244  314.6125  315.9598  317.2581  318.5013  319.6820  320.7957  321.8366  322.8014  323.6861  324.4853  325.2521
     0.8435   -0.2087  287.8263  288.7464  289.7680  290.8240  291.9497  293.1570  294.4405  295.7931  297.2082  298.6776  300.1938  301.7474  303.3303  304.9324  306.5453  308.1589  309.7498  311.1806  312.5577  313.9033  315.2102  316.4709  317.6796  318.8296  319.9163  320.9346  321.8811  322.7527  323.5439  324.3070
     1.0845   -0.2087  287.8152  288.7169  289.7129  290.7426  291.8321  292.9974  294.2337  295.5344  296.8935  298.3034  299.7570  301.2460  302.7625  304.2975  305.8429  307.3895  308.9241  310.3807  311.7106  313.0042  314.2624  315.4780  316.6456  317.7589  318.8137  319.8049  320.7298  321.5851  322.3659  323.1234
     1.3255   -0.2087  287.8056  288.6909  289.6644  290.6709  291.7282  292.8561  294.0501  295.3041  296.6124  297.9680  299.3642  300.7932  302.2479  303.7197  305.2012  306.6837  308.1599  309.6097  310.9246  312.1673  313.3777  314.5491  315.6766  316.7543  317.7783  318.7441  319.6489  320.4896  321.2614  322.0132
     1.5665   -0.2087  287.7934  288.6585  289.6040  290.5820  291.5999  292.6824  293.8257  295.0240  296.2726  297.5646  298.8945  300.2549  301.6395  303.0406  304.4514  305.8641  307.2719  308.6652  310.0095  311.2174  312.3784  313.5049  314.5924  315.6359  316.6317  317.5755  318.4649  319.2968  320.0667  320.8228
    -1.4460   -0.4174  287.7931  288.6579  289.6031  290.5807  291.5981  292.6804  293.8232  295.0212  296.2694  297.5612  298.8908  300.2510  301.6355  303.0365  304.4473  305.8600  307.2678  308.6610  310.0056  311.2133  312.3737  313.4993  314.5857  315.6275  316.6212  317.5625  318.4491  319.2780  320.0448  320.7974
    -1.2050   -0.4174  287.8052  288.6903  289.6636  290.6700  291.7272  292.8552  294.0495  295.3038  296.6126  297.9687  299.3655  300.7951  302.2502  303.7224  305.2040  306.6866  308.1626  309.6119  310.9257  312.1674  313.3761  314.5454  315.6702  316.7449  317.7657  318.7280  319.6293  320.4667  321.2357  321.9854
    -0.9640   -0.4174  287.8149  288.7162  289.7119  290.7413  291.8304  292.9954  294.2313  295.5316  296.8902  298.2995  299.7524  301.2404  302.7559  304.2897  305.8339  307.3792  308.9125  310.3689  311.6982  312.9908  314.2480  315.4628  316.6295  317.7420  318.7960  319.7866  320.7108  321.5656  322.3458  323.1023
    -0.7230   -0.4174  287.8259  288.7456  289.7668  290.8225  291.9480  293.1552  294.4387  295.7915  297.2071  298.6772  300.1941  301.7487  303.3328  304.9364  306.5509  308.1663  309.7592  311.1909  312.5701  313.9174  315.2258  316.4875  317.6964  318.8459  319.9313  320.9471  321.8904  322.7576  323.5439  324.3014
    -0.4820   -0.4174  287.8344  288.7680  289.8086  290.8840  292.0369  293.2756  294.5948  295.9868  297.4448  298.9602  300.5249  302.1294  303.7646  305.4204  307.0876  308.7511  310.3459  311.8017  313.2243  314.6133  315.9612  317.2599  318.5032  319.6841  320.7977  321.8382  322.8025  323.6864  324.4841  325.2485
    -0.2410   -0.4174  287.8414  288.7869  289.8436  290.9355  292.1111  293.3761  294.7245  296.1487  297.6414  299.1935  300.7968  302.4412  304.1173  305.8146  307.5237  309.2241  310.8115  312.2940  313.7505  315.1714  316.5493  317.8756  319.1436  320.3460  321.4777  322.5329  323.5079  324.3990  325.2003  325.9659
     0.0000   -0.4174  287.8415  288.7870  289.8438  290.9359  292.1117  293.3770  294.7260  296.1508  297.6444  299.1978  300.8024  302.4485  304.1269  305.8267  307.5387  309.2422  310.8309  312.3172  313.7777  315.2032  316.5858  317.9170  319.1898  320.3969  321.5329  322.5917  323.5696  324.4628  325.2652  326.0314
     0.2410   -0.4174  287.8414  288.7869  289.8436  290.9357  292.1115  293.3767  294.7254  296.1500  297.6431  299.1956  300.7993  302.4440  304.1205  305.8180  307.5271  309.2274  310.8145  312.2968  313.7528  315.1732  316.5503  317.8754  319.1421  320.3430  321.4731  322.5264  323.4997  324.3891  325.1888  325.9527
     0.4820   -0.4174  287.8347  288.7687  289.8096  290.8853  292.0382  293.2770  294.5959  295.9877  297.4452  298.9601  300.5240  302.1276  303.7620  305.4169  307.0831  308.7458  310.3402  311.7955  313.2177  314.6065  315.9547  317.2542  318.4985  319.6808  320.7961  321.8385  322.8048  323.6912  324.4919  325.2605
     0.7230   -0.4174  287.8264  288.7466  289.7685  290.8246  291.9505  293.1580  294.4416  295.7943  297.2096  298.6791  300.1954  301.7491  303.3320  304.9344  306.5473  308.1612  309.7526  311.1833  312.5609  313.9070  315.2146  316.4761  317.6856  318.8365  319.9241  320.9430  321.8901  322.7617  323.5526  324.3148
     0.9640   -0.4174  287.8153  288.7170  289.7132  290.7432  291.8329  292.9986  294.2354  295.5366  296.8962  298.3066  299.7608  301.2501  302.7670  304.3023  305.8479  307.3947  308.9294  310.3857  311.7156  313.0095  314.2681  315.4844  316.6529  317.7675  318.8236  319.8164  320.7427  321.5991  322.3803  323.1370
     1.2050   -0.4174  287.8056  288.6909  289.6644  290.6710  291.7283  292.8564  294.0507  295.3050  296.6138  297.9699  299.3668  300.7966  302.2522  303.7250  305.2076  306.6914  308.1689  309.6198  310.9346  312.1783  313.3894  314.5613  315.6890  316.7668  317.7908  318.7565  319.6613  320.5020  321.2739  322.0262
     1.4460   -0.4174  287.7935  288.6585  289.6041  290.5819  291.5997  292.6821  293.8251  295.0233  296.2714  297.5631  298.8926  300.2526  301.6367  303.0373  304.4477  305.8599  307.2672  308.6599  310.0040  311.2113  312.3714  313.4968  314.5830  315.6249  316.6188  317.5605  318.4476  319.2771  320.0447  320.7987
    -1.3255   -0.6261  287.7933  288.6583  289.6038  290.5817  291.5995  292.6822  293.8254  295.0240  296.2726  297.5651  298.8953  300.2562  301.6414  303.0432  304.4549  305.8684  307.2771  308.6712  310.0157  311.2239  312.3851  313.5114  314.5985  315.6411  316.6355  317.5777  318.4651  319.2950  320.0630  320.8172
    -1.0845   -0.6261  287.8055  288.6908  289.6643  290.6709  291.7283  292.8564  294.0508  295.3053  296.6143  297.9705  299.3677  300.7978  302.2537  303.7270  305.2101  306.6942  308.1722  309.6237  310.9384  312.1825  313.3941  314.5665  315.6947  316.7728  317.7969  318.7624  319.6666  320.5061  321.2765  322.0267
    -0.8435   -0.6261  287.8152  288.7168  289.7130  290.7429  291.8326  292.9983  294.2350  295.5362  296.8957  298.3060  299.7600  301.2492  302.7659  304.3009  305.8463  307.3927  308.9272  310.3832  311.7129  313.0063  314.2646  315.4806  316.6489  317.7633  318.8195  319.8124  320.7389  321.5957  322.3774  323.1345
    -0.6025   -0.6261  287.8261  288.7462  289.7679  290.8241  291.9503  293.1584  294.4428  295.7968  297.2135  298.6848  300.2032  301.7593  303.3447  304.9497  306.5653  308.1818  309.7754  311.2059  312.5856  313.9333  315.2424  316.5051  317.7153  318.8666  319.9541  320.9724  321.9183  322.7883  323.5770  324.3363
    -0.3615   -0.6261  287.8343  288.7680  289.8086  290.8841  292.0370  293.2757  294.5948  295.9868  297.4446  298.9598  300.5242  302.1281  303.7627  305.4175  307.0835  308.7454  310.3391  311.7932  313.2134  314.5995  315.9440  317.2390  318.4778  319.6537  320.7617  321.7964  322.7544  323.6323  324.4246  325.1844
    -0.1205   -0.6261  287.8346  288.7686  289.8097  290.8857  292.0392  293.2787  294.5985  295.9912  297.4499  298.9658  300.5309  302.1354  303.7705  305.4259  307.0924  308.7551  310.3485  311.8030  313.2244  314.6122  315.9592  317.2574  318.5003  319.6812  320.7951  321.8362  322.8012  323.6866  324.4865  325.2545
     0.1205   -0.6261  287.8346  288.7686  289.8097  290.8856  292.0388  293.2780  294.5976  295.9899  297.4482  298.9638  300.5287  302.1331  303.7685  305.4243  307.0915  308.7550  310.3495  311.8051  313.2279  314.6174  315.9661  317.2661  318.5109  319.6936  320.8089  321.8513  322.8171  323.7027  324.5021  325.2691
     0.3615   -0.6261  287.8345  288.7683  289.8090  290.8844  292.0371  293.2755  294.5939  295.9850  297.4417  298.9554  300.5181  302.1200  303.7523  305.4048  307.0682  308.7279  310.3210  311.7739  313.1929  314.5782  315.9227  317.2184  318.4587  319.6367  320.7474  321.7852  322.7465  323.6277  324.4229  325.1854
     0.6025   -0.6261  287.8262  288.7462  289.7678  290.8237  291.9494  293.1568  294.4404  295.7934  297.2090  298.6791  300.1962  301.7510  303.3352  304.9391  306.5539  308.1696  309.7628  311.1942  312.5735  313.9207  315.2290  316.4906  317.6995  318.8491  319.9348  320.9514  321.8957  322.7643  323.5518  324.3103
     0.8435   -0.6261  287.8152  288.7168  289.7130  290.7429  291.8326  292.9984  294.2352  295.5366  296.8965  298.3071  299.7616  301.2514  302.7687  304.3046  305.8509  307.3983  308.9338  310.3904  311.7208  313.0152  314.2743  315.4909  316.6594  317.7736  318.8290  319.8207  320.7456  321.6003  322.3795  323.1339
     1.0845   -0.6261  287.8055  288.6909  289.6644  290.6711  291.7285  292.8568  294.0514  295.3060  296.6151  297.9715  299.3687  300.7986  302.2543  303.7272  305.2097  306.6931  308.1702  309.6205  310.9345  312.1774  313.3875  314.5584  315.6851  316.7617  317.7845  318.7487  319.6519  320.4911  321.2616  322.0129
     1.3255   -0.6261  287.7933  288.6584  289.6038  290.5818  291.5996  292.6823  293.8257  295.0242  296.2730  297.5655  298.8959  300.2569  301.6422  303.0441  304.4558  305.8694  307.2781  308.6721  310.0164  311.2248  312.3861  313.5127  314.6001  315.6432  316.6382  317.5810  318.4691  319.2994  320.0675  320.8214
    -1.2050   -0.8348  287.7932  288.6581  289.6035  290.5816  291.5997  292.6827  293.8266  295.0257  296.2751  297.5682  298.8991  300.2607  301.6464  303.0485  304.4603  305.8737  307.2821  308.6757  310.0193  311.2269  312.3875  313.5134  314.6001  315.6424  316.6368  317.5791  318.4667  319.2967  320.0645  320.8179
    -0.9640   -0.8348  287.8054  288.6907  289.6643  290.6710  291.7286  292.8571  294.0519  295.3070  296.6166  297.9736  299.3715  300.8022  302.2587  303.7324  305.2158  306.7000  308.1779  309.6290  310.9427  312.1862  313.3969  314.5680  315.6945  316.7706  317.7922  318.7548  319.6558  320.4922  321.2597  322.0078
    -0.7230   -0.8348  287.8152  288.7168  289.7128  290.7423  291.8316  292.9966  294.2325  295.5327  296.8910  298.2997  299.7521  301.2394  302.7540  304.2869  305.8300  307.3742  308.9065  310.3622  311.6906  312.9821  314.2385  315.4528  316.6194  317.7322  318.7871  319.7791  320.7052  321.5622  322.3448  323.1038
    -0.4820   -0.8348  287.8259  288.7456  289.7666  290.8220  291.9468  293.1530  294.4352  295.7863  297.1997  298.6671  300.1808  301.7316  303.3114  304.9101  306.5191  308.1287  309.7159  311.1466  312.5200  313.8615  315.1642  316.4203  317.6240  318.7688  319.8498  320.8620  321.8020  322.6664  323.4500  324.2042
    -0.2410   -0.8348  287.8262  288.7462  289.7678  290.8238  291.9496  293.1571  294.4409  295.7939  297.2095  298.6796  300.1965  301.7510  303.3350  304.9386  306.5531  308.1687  309.7620  311.1939  312.5739  313.9223  315.2324  316.4961  317.7075  318.8599  319.9485  320.9679  321.9149  322.7859  323.5755  324.3356
     0.0000   -0.8348  287.8262  288.7463  289.7681  290.8243  291.9505  293.1584  294.4427  295.7964  297.2130  298.6842  300.2023  301.7583  303.3435  304.9483  306.5639  308.1801  309.7737  311.2040  312.5833  313.9305  315.2388  316.5003  317.7091  318.8585  319.9439  320.9599  321.9036  322.7716  323.5587  324.3174
     0.2410   -0.8348  287.8261  288.7460  289.7676  290.8235  291.9494  293.1570  294.4410  295.7946  297.2110  298.6822  300.2004  301.7566  303.3423  304.9478  306.5641  308.1815  309.7761  311.2074  312.5879  313.9363  315.2456  316.5081  317.7178  318.8680  319.9540  320.9707  321.9149  322.7831  323.5700  324.3273
     0.4820   -0.8348  287.8260  288.7457  289.7668  290.8220  291.9467  293.1526  294.4345  295.7852  297.1982  298.6650  300.1783  301.7286  303.3078  304.9058  306.5140  308.1227  309.7090  311.1394  312.5117  313.8522  315.1539  316.4093  317.6127  318.7575  319.8392  320.8526  321.7945  322.6615  323.4482  324.2061
     0.7230   -0.8348  287.8152  288.7168  289.7130  290.7429  291.8327  292.9985  294.2354  295.5369  296.8969  298.3076  299.7623  301.2523  302.7697  304.3058  305.8521  307.3995  308.9348  310.3911  311.7214  313.0156  314.2744  315.4908  316.6593  317.7735  318.8292  319.8213  320.7467  321.6023  322.3829  323.1394
     0.9640   -0.8348  287.8055  288.6910  289.6646  290.6713  291.7288  292.8571  294.0515  295.3058  296.6146  297.9704  299.3669  300.7961  302.2507  303.7224  305.2037  306.6856  308.1611  309.6100  310.9236  312.1650  313.3739  314.5437  315.6694  316.7456  317.7682  318.7328  319.6367  320.4770  321.2490  322.0021
     1.2050   -0.8348  287.7933  288.6583  289.6039  290.5818  291.5998  292.6825  293.8260  295.0247  296.2737  297.5663  298.8969  300.2582  301.6438  303.0461  304.4583  305.8726  307.2820  308.6769  310.0218  311.2309  312.3931  313.5206  314.6087  315.6523  316.6476  317.5903  318.4779  319.3073  320.0741  320.8260
    -1.0845   -1.0436  287.7932  288.6582  289.6038  290.5817  291.5995  292.6821  293.8254  295.0238  296.2723  297.5645  298.8944  300.2550  301.6397  303.0408  304.4517  305.8645  307.2723  308.6654  310.0093  311.2169  312.3773  313.5029  314.5894  315.6315  316.6258  317.5679  318.4555  319.2857  320.0543  320.8094
    -0.8435   -1.0436  287.8053  288.6906  289.6640  290.6705  291.7280  292.8562  294.0506  295.3051  296.6140  297.9701  299.3669  300.7964  302.2515  303.7236  305.2054  306.6881  308.1646  309.6146  310.9291  312.1721  313.3828  314.5547  315.6826  316.7610  317.7858  318.7525  319.6584  320.5004  321.2737  322.0273
    -0.6025   -1.0436  287.8148  288.7160  289.7117  290.7412  291.8305  292.9957  294.2320  295.5327  296.8918  298.3017  299.7552  301.2437  302.7595  304.2935  305.8373  307.3819  308.9142  310.3693  311.6971  312.9876  314.2422  315.4536  316.6164  317.7243  318.7729  319.7573  320.6742  321.5205  322.2911  323.0359
    -0.3615   -1.0436  287.8151  288.7167  289.7128  290.7427  291.8324  292.9981  294.2349  295.5363  296.8962  298.3070  299.7617  301.2517  302.7693  304.3054  305.8517  307.3991  308.9342  310.3901  311.7199  313.0133  314.2713  315.4868  316.6544  317.7679  318.8231  319.8151  320.7410  321.5975  322.3794  323.1372
    -0.1205   -1.0436  287.8152  288.7168  289.7127  290.7422  291.8313  292.9961  294.2318  295.5318  296.8900  298.2987  299.7510  301.2383  302.7530  304.2860  305.8294  307.3740  308.9068  310.3631  311.6922  312.9847  314.2424  315.4581  316.6265  317.7414  318.7985  319.7927  320.7211  321.5801  322.3647  323.1255
     0.1205   -1.0436  287.8152  288.7168  289.7130  290.7430  291.8328  292.9986  294.2355  295.5370  296.8970  298.3080  299.7628  301.2530  302.7708  304.3073  305.8541  307.4021  308.9380  310.3945  311.7250  313.0193  314.2780  315.4941  316.6619  317.7752  318.8296  319.8201  320.7438  321.5973  322.3758  323.1299
     0.3615   -1.0436  287.8151  288.7167  289.7128  290.7426  291.8322  292.9978  294.2344  295.5355  296.8950  298.3053  299.7593  301.2484  302.7650  304.3000  305.8452  307.3913  308.9253  310.3809  311.7099  313.0023  314.2592  315.4736  316.6399  317.7520  318.8058  319.7965  320.7208  321.5758  322.3561  323.1125
     0.6025   -1.0436  287.8150  288.7162  289.7117  290.7408  291.8293  292.9933  294.2280  295.5269  296.8837  298.2909  299.7415  301.2269  302.7395  304.2704  305.8113  307.3531  308.8831  310.3389  311.6660  312.9554  314.2093  315.4206  316.5839  317.6928  318.7431  319.7299  320.6499  321.5000  322.2751  323.0252
     0.8435   -1.0436  287.8055  288.6908  289.6642  290.6707  291.7281  292.8562  294.0504  295.3049  296.6138  297.9701  299.3672  300.7972  302.2529  303.7259  305.2084  306.6920  308.1693  309.6198  310.9339  312.1770  313.3874  314.5584  315.6850  316.7617  317.7843  318.7484  319.6512  320.4896  321.2588  322.0078
     1.0845   -1.0436  287.7933  288.6584  289.6040  290.5822  291.6004  292.6836  293.8275  295.0269  296.2765  297.5699  298.9014  300.2636  301.6501  303.0531  304.4661  305.8809  307.2907  308.6857  310.0298  311.2383  312.3999  313.5266  314.6137  315.6560  316.6499  317.5910  318.4770  319.3050  320.0706  320.8221
    -0.9640   -1.2523  287.7932  288.6581  289.6036  290.5815  291.5994  292.6820  293.8254  295.0240  296.2728  297.5652  298.8955  300.2565  301.6416  303.0432  304.4547  305.8680  307.2765  308.6702  310.0145  311.2226  312.3837  313.5101  314.5973  315.6400  316.6348  317.5774  318.4651  319.2950  320.0625  320.8154
    -0.7230   -1.2523  287.8053  288.6904  289.6637  290.6700  291.7270  292.8546  294.0483  295.3019  296.6097  297.9646  299.3600  300.7880  302.2414  303.7117  305.1914  306.6719  308.1459  309.5938  310.9082  312.1488  313.3566  314.5254  315.6499  316.7244  317.7451  318.7072  319.6081  320.4446  321.2121  321.9592
    -0.4820   -1.2523  287.8054  288.6906  289.6640  290.6704  291.7276  292.8556  294.0497  295.3039  296.6126  297.9686  299.3656  300.7955  302.2512  303.7242  305.2072  306.6913  308.1692  309.6205  310.9356  312.1797  313.3911  314.5632  315.6909  316.7683  317.7916  318.7560  319.6590  320.4976  321.2671  322.0168
    -0.2410   -1.2523  287.8054  288.6907  289.6643  290.6711  291.7288  292.8573  294.0522  295.3073  296.6170  297.9740  299.3720  300.8029  302.2595  303.7334  305.2170  306.7017  308.1800  309.6314  310.9453  312.1891  313.4002  314.5717  315.6985  316.7751  317.7975  318.7610  319.6632  320.5009  321.2697  322.0186
     0.0000   -1.2523  287.8054  288.6907  289.6643  290.6711  291.7289  292.8576  294.0529  295.3085  296.6190  297.9770  299.3763  300.8086  302.2669  303.7426  305.2282  306.7147  308.1947  309.6475  310.9608  312.2057  313.4174  314.5893  315.7162  316.7924  317.8140  318.7764  319.6771  320.5131  321.2799  322.0268
     0.2410   -1.2523  287.8054  288.6908  289.6644  290.6711  291.7287  292.8571  294.0516  295.3063  296.6155  297.9720  299.3693  300.7994  302.2552  303.7283  305.2111  306.6949  308.1725  309.6235  310.9378  312.1815  313.3926  314.5645  315.6923  316.7701  317.7938  318.7590  319.6630  320.5027  321.2733  322.0243
     0.4820   -1.2523  287.8053  288.6905  289.6638  290.6704  291.7278  292.8562  294.0509  295.3060  296.6157  297.9729  299.3712  300.8025  302.2597  303.7342  305.2186  306.7040  308.1831  309.6353  310.9497  312.1946  313.4068  314.5794  315.7075  316.7851  317.8083  318.7724  319.6747  320.5122  321.2805  322.0285
     0.7230   -1.2523  287.8053  288.6904  289.6637  290.6702  291.7276  292.8557  294.0501  295.3046  296.6133  297.9693  299.3659  300.7951  302.2496  303.7210  305.2017  306.6830  308.1574  309.6053  310.9182  312.1582  313.3651  314.5324  315.6550  316.7274  317.7457  318.7054  319.6038  320.4383  321.2041  321.9504
     0.9640   -1.2523  287.7933  288.6582  289.6036  290.5815  291.5992  292.6816  293.8246  295.0228  296.2710  297.5628  298.8924  300.2526  301.6371  303.0380  304.4489  305.8616  307.2698  308.6635  310.0083  311.2168  312.3782  313.5051  314.5929  315.6364  316.6319  317.5751  318.4634  319.2939  320.0619  320.8153
    -0.6025   -1.4610  287.7932  288.6581  289.6036  290.5815  291.5995  292.6822  293.8258  295.0245  296.2736  297.5663  298.8969  300.2582  301.6437  303.0458  304.4577  305.8715  307.2805  308.6747  310.0191  311.2275  312.3889  313.5155  314.6028  315.6455  316.6398  317.5817  318.4684  319.2971  320.0633  320.8149
    -0.3615   -1.4610  287.7933  288.6583  289.6038  290.5816  291.5994  292.6819  293.8250  295.0233  296.2717  297.5637  298.8936  300.2540  301.6387  303.0400  304.4510  305.8640  307.2722  308.6659  310.0105  311.2188  312.3801  313.5070  314.5949  315.6387  316.6347  317.5785  318.4678  319.2995  320.0691  320.8244
    -0.1205   -1.4610  287.7933  288.6583  289.6038  290.5818  291.5998  292.6826  293.8261  295.0249  296.2738  297.5664  298.8968  300.2578  301.6430  303.0447  304.4562  305.8695  307.2779  308.6717  310.0159  311.2239  312.3849  313.5113  314.5984  315.6411  316.6355  317.5776  318.4647  319.2939  320.0610  320.8139
     0.1205   -1.4610  287.7933  288.6583  289.6039  290.5819  291.5999  292.6828  293.8265  295.0254  296.2745  297.5673  298.8981  300.2596  301.6453  303.0476  304.4598  305.8738  307.2829  308.6772  310.0214  311.2295  312.3906  313.5170  314.6039  315.6464  316.6406  317.5826  318.4696  319.2989  320.0659  320.8184
     0.3615   -1.4610  287.7932  288.6582  289.6038  290.5818  291.5997  292.6824  293.8259  295.0244  296.2731  297.5655  298.8956  300.2563  301.6411  303.0423  304.4532  305.8658  307.2734  308.6662  310.0098  311.2169  312.3768  313.5019  314.5879  315.6295  316.6232  317.5648  318.4520  319.2820  320.0503  320.8055
     0.6025   -1.4610  287.7932  288.6581  289.6035  290.5814  291.5992  292.6818  293.8251  295.0237  296.2723  297.5647  298.8951  300.2560  301.6413  303.0432  304.4549  305.8687  307.2775  308.6718  310.0164  311.2250  312.3866  313.5135  314.6013  315.6447  316.6402  317.5834  318.4718  319.3024  320.0707  320.8243
