    -0.602500    1.460985    4.328028    4.331747    4.339642    4.347284    4.355075    4.362648    4.371615    4.381783    4.392331    4.402847    4.413635    4.424443    4.435536    4.446720    4.458206    4.469861    4.481826    4.494030    4.506525    4.519303    4.532298    4.547502    4.564503    4.581549    4.597981    4.614049    4.629309    4.644070    4.657777    4.671204
     4.677551   -0.361500    1.460985    4.325866    4.329779    4.337443    4.345192    4.353031    4.360867    4.369932    4.380313    4.390878    4.401521    4.412287    4.423173    4.434231    4.445473    4.456957    4.468706    4.480770    4.493169    4.505918    4.519007    4.532388    4.547970    4.565308    4.582574    4.599313    4.615592    4.631194    4.646182    4.660329
     4.674211    4.681224   -0.120500    1.460985    4.326343    4.330180    4.338124    4.346034    4.354132    4.362253    4.371608    4.382006    4.392590    4.403243    4.414068    4.425017    4.436162    4.447490    4.459069    4.470920    4.483098    4.495668    4.508653    4.522000    4.536166    4.552461    4.569876    4.587148    4.603839    4.620175    4.635731    4.650772
     4.664780    4.678546    4.685177    0.120500    1.460985    4.346619    4.350245    4.357957    4.365998    4.375340    4.385089    4.395252    4.405480    4.416068    4.426615    4.437438    4.448224    4.459267    4.470331    4.481671    4.493120    4.504871    4.516825    4.528932    4.543325    4.559984    4.576985    4.593838    4.610560    4.626762    4.642646    4.657739
     4.672378    4.685981    4.699368    4.705685    0.361500    1.460985    4.342358    4.346137    4.353767    4.362130    4.371804    4.382115    4.392680    4.403446    4.414458    4.425654    4.437062    4.448615    4.460348    4.472202    4.484228    4.496373    4.508707    4.521168    4.533981    4.549064    4.566114    4.583145    4.599838    4.616169    4.632035    4.647446
     4.662233    4.676481    4.689977    4.703354    4.710049    0.602500    1.460985    4.345971    4.349735    4.357534    4.365878    4.375515    4.385560    4.395844    4.406120    4.416660    4.427226    4.438052    4.448923    4.460042    4.471245    4.482703    4.494326    4.506232    4.518397    4.531017    4.546104    4.563214    4.580505    4.597472    4.614275    4.630570
     4.646554    4.661772    4.676488    4.690176    4.703629    4.710090   -0.964000    1.252273    4.325514    4.329388    4.336948    4.344668    4.352422    4.360281    4.369343    4.379868    4.390568    4.401458    4.412425    4.423594    4.434865    4.446362    4.458008    4.469914    4.482027    4.494426    4.507089    4.520038    4.533297    4.548728    4.566122    4.583427
     4.600384    4.616763    4.632657    4.647747    4.662207    4.676193    4.683488   -0.723000    1.252273    4.326462    4.330244    4.338132    4.345954    4.353919    4.361930    4.371379    4.382056    4.393037    4.404091    4.415358    4.426727    4.438296    4.450019    4.461947    4.474098    4.486451    4.499064    4.511830    4.524690    4.539382    4.556539    4.574227
     4.591803    4.608861    4.625513    4.641375    4.656594    4.670764    4.684482    4.691154   -0.482000    1.252273    4.325880    4.329728    4.337664    4.345553    4.353596    4.361697    4.371233    4.381996    4.393042    4.404181    4.415530    4.427004    4.438679    4.450518    4.462564    4.474822    4.487288    4.499994    4.512882    4.525816    4.540650    4.557827
     4.575390    4.592781    4.609616    4.626048    4.641672    4.656716    4.670735    4.684442    4.691132   -0.241000    1.252273    4.326688    4.330451    4.338506    4.346405    4.354480    4.362619    4.372209    4.382865    4.393818    4.404825    4.416087    4.427437    4.439032    4.450772    4.462773    4.475006    4.487526    4.500370    4.513495    4.526848    4.542425
     4.560118    4.577870    4.595491    4.612505    4.629183    4.644965    4.660214    4.674251    4.687835    4.694025    0.000000    1.252273    4.343510    4.347243    4.354922    4.363002    4.372291    4.382061    4.392338    4.402900    4.413879    4.424880    4.436190    4.447505    4.459106    4.470755    4.482692    4.494738    4.507034    4.519368    4.532731    4.548618
     4.565983    4.583670    4.601271    4.618712    4.635584    4.652048    4.667669    4.682700    4.696604    4.710040    4.716379    0.241000    1.252273    4.345186    4.348881    4.356381    4.364598    4.374072    4.384140    4.394475    4.405109    4.415997    4.427184    4.438577    4.450250    4.462096    4.474204    4.486480    4.498991    4.511662    4.524358    4.539007
     4.556202    4.574290    4.592293    4.610119    4.627543    4.644545    4.660909    4.676652    4.691561    4.705691    4.719414    4.726617    0.482000    1.252273    4.346230    4.350010    4.357758    4.366190    4.375934    4.386165    4.396655    4.407271    4.418154    4.429185    4.440475    4.451916    4.463594    4.475419    4.487466    4.499666    4.512078    4.524498
     4.538961    4.555994    4.573824    4.591576    4.609070    4.626252    4.642934    4.659120    4.674585    4.689403    4.703319    4.716907    4.723645    0.723000    1.252273    4.344101    4.347874    4.355653    4.364141    4.373930    4.384192    4.394685    4.405282    4.416131    4.427135    4.438417    4.449893    4.461647    4.473618    4.485849    4.498302    4.510976
     4.523724    4.538453    4.555842    4.574071    4.592265    4.610185    4.627804    4.644887    4.661434    4.677194    4.692218    4.706251    4.719854    4.726570    0.964000    1.252273    4.347002    4.350667    4.358485    4.366593    4.375971    4.385624    4.395527    4.405336    4.415436    4.425537    4.435969    4.446490    4.457362    4.468409    4.479826    4.491512
     4.503592    4.516034    4.529019    4.544555    4.562166    4.580024    4.597564    4.614976    4.631821    4.648352    4.663994    4.679116    4.693048    4.706688    4.713068   -1.084500    1.043561    4.324387    4.328205    4.335876    4.343598    4.351375    4.359186    4.368271    4.378783    4.389562    4.400510    4.411625    4.422913    4.434375    4.446014    4.457842
     4.469859    4.482082    4.494514    4.507169    4.520058    4.533145    4.548390    4.565480    4.582553    4.599126    4.615276    4.630760    4.645646    4.659634    4.673250    4.679887   -0.843500    1.043561    4.325546    4.329369    4.337318    4.345247    4.353351    4.361562    4.371278    4.382247    4.393579    4.404970    4.416641    4.428352    4.440331    4.452343
     4.464611    4.476923    4.489467    4.502069    4.514858    4.527543    4.542175    4.559083    4.576439    4.593601    4.610248    4.626502    4.641963    4.656860    4.670660    4.684025    4.690249   -0.602500    1.043561    4.325921    4.329670    4.337737    4.345570    4.353512    4.361605    4.371261    4.382135    4.393343    4.404739    4.416405    4.428291    4.440410
     4.452769    4.465329    4.478130    4.491090    4.504253    4.517410    4.531657    4.548348    4.566633    4.584813    4.602765    4.620179    4.637092    4.653177    4.668516    4.682746    4.696402    4.702960   -0.361500    1.043561    4.323038    4.326944    4.334909    4.342958    4.351156    4.359653    4.369688    4.380983    4.392562    4.404362    4.416414    4.428686
     4.441198    4.453931    4.466910    4.480110    4.493558    4.507198    4.520955    4.535916    4.553513    4.572259    4.590816    4.608935    4.626597    4.643553    4.659782    4.675054    4.689359    4.703017    4.709880   -0.120500    1.043561    4.324001    4.327879    4.336020    4.344171    4.352547    4.361333    4.371585    4.382852    4.394344    4.406052    4.418001
     4.430192    4.442601    4.455269    4.468154    4.481327    4.494740    4.508486    4.522299    4.538081    4.556206    4.574987    4.593401    4.611479    4.628973    4.645911    4.662019    4.677386    4.691739    4.705706    4.712645    0.120500    1.043561    4.341057    4.344894    4.352504    4.360939    4.370694    4.381072    4.391930    4.403149    4.414761    4.426535
     4.438629    4.450824    4.463305    4.475857    4.488669    4.501528    4.514558    4.527886    4.543810    4.561810    4.580315    4.598773    4.616992    4.634821    4.652089    4.668770    4.684630    4.699737    4.713764    4.727269    4.733772    0.361500    1.043561    4.347906    4.351641    4.359490    4.367993    4.377812    4.388000    4.398485    4.409050    4.419900
     4.430839    4.442035    4.453348    4.464897    4.476609    4.488539    4.500684    4.512989    4.526269    4.542334    4.560538    4.578971    4.597499    4.615759    4.633849    4.651363    4.668450    4.684666    4.700206    4.714579    4.728407    4.734965    0.602500    1.043561    4.343906    4.347741    4.355407    4.364027    4.373974    4.384490    4.395234    4.406225
     4.417465    4.428959    4.440708    4.452684    4.464895    4.477293    4.489899    4.502649    4.515518    4.529218    4.545644    4.564068    4.582742    4.601297    4.619599    4.637525    4.654919    4.671703    4.687685    4.702861    4.717005    4.730616    4.737284    0.843500    1.043561    4.344238    4.348105    4.355716    4.364204    4.373988    4.384321    4.394802
     4.405431    4.416242    4.427246    4.438474    4.449920    4.461608    4.473532    4.485716    4.498161    4.510886    4.523723    4.538738    4.556421    4.574925    4.593390    4.611682    4.629643    4.647161    4.664037    4.680184    4.695426    4.709778    4.723698    4.731007    1.084500    1.043561    4.342894    4.346677    4.354308    4.362569    4.372048    4.382017
     4.392117    4.402297    4.412659    4.423176    4.433937    4.444903    4.456151    4.467636    4.479442    4.491520    4.503965    4.516723    4.530009    4.545758    4.563575    4.581528    4.599198    4.616641    4.633562    4.650067    4.665725    4.680771    4.694691    4.708303    4.714792   -1.205000    0.834848    4.324638    4.328457    4.336268    4.344031    4.351930
     4.359739    4.368905    4.379381    4.390213    4.401113    4.412273    4.423529    4.435055    4.446709    4.458642    4.470742    4.483126    4.495711    4.508569    4.521655    4.534982    4.550470    4.567776    4.585059    4.601815    4.618148    4.633761    4.648762    4.662783    4.676421    4.683048   -0.964000    0.834848    4.325317    4.329142    4.337008    4.344823
     4.352750    4.360815    4.370308    4.381134    4.392248    4.403553    4.415068    4.426796    4.438729    4.450890    4.463268    4.475878    4.488715    4.501765    4.515038    4.528278    4.543592    4.561132    4.579171    4.596861    4.614173    4.630815    4.646818    4.661897    4.676146    4.689870    4.697003   -0.723000    0.834848    4.323462    4.327380    4.335256
     4.343304    4.351478    4.360010    4.370036    4.381365    4.392927    4.404696    4.416642    4.428776    4.441068    4.453546    4.466178    4.479004    4.491979    4.505148    4.518360    4.532778    4.549761    4.568184    4.586456    4.604483    4.622017    4.639029    4.655253    4.670680    4.685060    4.698915    4.705822   -0.482000    0.834848    4.323565    4.327541
     4.335650    4.343862    4.352265    4.361158    4.371668    4.383357    4.395330    4.407499    4.419922    4.432521    4.445342    4.458323    4.471494    4.484801    4.498240    4.511736    4.525471    4.541735    4.560186    4.578962    4.597469    4.615647    4.633242    4.650268    4.666432    4.681817    4.696125    4.709923    4.716704   -0.241000    0.834848    4.323021
     4.327079    4.335271    4.343535    4.351881    4.360693    4.371006    4.382455    4.394070    4.405947    4.417991    4.430327    4.442814    4.455625    4.468595    4.481932    4.495447    4.509316    4.523647    4.540838    4.560081    4.579566    4.598746    4.617642    4.635970    4.653686    4.670530    4.686451    4.701258    4.715395    4.722410    0.000000    0.834848
     4.322904    4.326891    4.335079    4.343496    4.352140    4.361546    4.372278    4.383906    4.395678    4.407781    4.420066    4.432693    4.445496    4.458642    4.471985    4.485704    4.499729    4.514045    4.529702    4.548202    4.567984    4.587670    4.607033    4.626082    4.644537    4.662397    4.679356    4.695451    4.710387    4.724721    4.731784    0.241000
     0.834848    4.345975    4.349786    4.357702    4.366323    4.376329    4.386745    4.397607    4.408674    4.420114    4.431700    4.443613    4.455679    4.468040    4.480565    4.493344    4.506276    4.519247    4.534490    4.552664    4.571842    4.591241    4.610543    4.629604    4.648212    4.666274    4.683591    4.700097    4.715632    4.730165    4.744075    4.751132
     0.482000    0.834848    4.346607    4.350381    4.358254    4.366934    4.376985    4.387438    4.398189    4.409116    4.420324    4.431743    4.443424    4.455343    4.467498    4.479904    4.492509    4.505348    4.518176    4.533602    4.551966    4.571298    4.590756    4.610173    4.629353    4.648151    4.666401    4.683934    4.700621    4.716311    4.730922    4.744829
     4.751853    0.723000    0.834848    4.344905    4.348656    4.356506    4.365051    4.374920    4.385176    4.395695    4.406340    4.417260    4.428375    4.439766    4.451400    4.463291    4.475459    4.487858    4.500557    4.513428    4.527374    4.544148    4.562954    4.581883    4.600814    4.619443    4.637796    4.655553    4.672747    4.689063    4.704583    4.719008
     4.732887    4.739680    0.964000    0.834848    4.344421    4.348157    4.356039    4.364519    4.374364    4.384600    4.395150    4.405719    4.416611    4.427559    4.438852    4.450237    4.461979    4.473842    4.486064    4.498440    4.511173    4.523932    4.538867    4.556373    4.574705    4.592976    4.611006    4.628751    4.645933    4.662612    4.678404    4.693519
     4.707494    4.721059    4.727489    1.205000    0.834848    4.343484    4.347273    4.354898    4.363160    4.372646    4.382664    4.392825    4.403070    4.413464    4.423974    4.434675    4.445548    4.456665    4.468019    4.479680    4.491654    4.504008    4.516742    4.530052    4.545892    4.563868    4.582015    4.599968    4.617651    4.634904    4.651606    4.667578
     4.682761    4.697019    4.710847    4.717738   -1.325500    0.626136    4.322964    4.326743    4.334545    4.342244    4.350058    4.357758    4.366814    4.377179    4.387921    4.398756    4.409890    4.421169    4.432757    4.444534    4.456617    4.468925    4.481515    4.494358    4.507440    4.520790    4.534282    4.549943    4.567349    4.584763    4.601541    4.617914
     4.633456    4.648430    4.662330    4.675931    4.682454   -1.084500    0.626136    4.323827    4.327636    4.335487    4.343285    4.351136    4.359077    4.368418    4.379074    4.390035    4.401194    4.412609    4.424255    4.436163    4.448329    4.460759    4.473461    4.486412    4.499622    4.513033    4.526476    4.541873    4.559574    4.577672    4.595540    4.612877
     4.629721    4.645754    4.661050    4.675255    4.688942    4.695562   -0.843500    0.626136    4.322557    4.326441    4.334417    4.342436    4.350612    4.359038    4.369010    4.380235    4.391766    4.403518    4.415532    4.427783    4.440262    4.452979    4.465887    4.479025    4.492307    4.505795    4.519268    4.533948    4.551092    4.569618    4.587854    4.605863
     4.623274    4.640229    4.656307    4.671684    4.685924    4.699722    4.706456   -0.602500    0.626136    4.325752    4.329607    4.337936    4.346042    4.354275    4.362773    4.372942    4.384153    4.395727    4.407439    4.419501    4.431740    4.444305    4.457080    4.470146    4.483439    4.496968    4.510677    4.524836    4.541712    4.560749    4.580029    4.599045
     4.617702    4.635770    4.653170    4.669647    4.685164    4.699446    4.712958    4.719363   -0.361500    0.626136    4.321057    4.325119    4.333193    4.341624    4.350263    4.359725    4.370707    4.382743    4.394986    4.407494    4.420205    4.433170    4.446322    4.459735    4.473325    4.487197    4.501231    4.515380    4.531348    4.550200    4.570190    4.590183
     4.609895    4.629260    4.648053    4.666135    4.683352    4.699522    4.714641    4.729064    4.736526   -0.120500    0.626136    4.320466    4.324437    4.332819    4.341284    4.349969    4.359444    4.370448    4.382347    4.394524    4.407006    4.419796    4.432896    4.446291    4.459984    4.473968    4.488260    4.502887    4.517586    4.534715    4.554478    4.574830
     4.594989    4.614754    4.634100    4.652732    4.670693    4.687624    4.703681    4.718450    4.732557    4.739161    0.120500    0.626136    4.342220    4.346222    4.354276    4.363092    4.373230    4.383825    4.394948    4.406361    4.418130    4.430011    4.442199    4.454499    4.467093    4.479819    4.492814    4.505925    4.519267    4.535433    4.554339    4.573978
     4.593889    4.613752    4.633360    4.652578    4.671202    4.689128    4.706126    4.722132    4.736894    4.750820    4.757552    0.361500    0.626136    4.342845    4.346655    4.354644    4.363611    4.374009    4.384845    4.396057    4.407526    4.419351    4.431428    4.443825    4.456458    4.469360    4.482456    4.495737    4.509091    4.523218    4.540286    4.559857
     4.579826    4.599798    4.619655    4.639157    4.658258    4.676681    4.694428    4.711178    4.727003    4.741535    4.755317    4.761888    0.602500    0.626136    4.343269    4.347123    4.355167    4.364075    4.374404    4.385096    4.396092    4.407224    4.418659    4.430284    4.442199    4.454339    4.466733    4.479373    4.492231    4.505353    4.518506    4.534383
     4.553203    4.572822    4.592444    4.612030    4.631293    4.650212    4.668474    4.686065    4.702673    4.718363    4.732863    4.746806    4.753690    0.843500    0.626136    4.343119    4.346886    4.354814    4.363487    4.373552    4.383994    4.394744    4.405575    4.416734    4.428013    4.439629    4.451386    4.463467    4.475708    4.488266    4.501015    4.514040
     4.528054    4.544982    4.563852    4.582894    4.601910    4.620652    4.639137    4.656978    4.674282    4.690549    4.706040    4.720173    4.733754    4.740013    1.084500    0.626136    4.343255    4.346992    4.354741    4.363124    4.372773    4.382822    4.393056    4.403369    4.413881    4.424557    4.435449    4.446580    4.457940    4.469618    4.481550    4.493886
     4.506509    4.519441    4.534486    4.552399    4.571114    4.590025    4.608701    4.627286    4.645316    4.662915    4.679596    4.695503    4.710178    4.724251    4.731044    1.325500    0.626136    4.338990    4.342860    4.350285    4.358625    4.368184    4.378479    4.388859    4.399502    4.410245    4.421261    4.432411    4.443850    4.455465    4.467390    4.479551
     4.492057    4.504870    4.518052    4.531761    4.547964    4.566230    4.584571    4.602700    4.620458    4.637826    4.654532    4.670609    4.685787    4.700232    4.714261    4.721660   -1.446000    0.417424    4.321449    4.325245    4.333023    4.340754    4.348605    4.356385    4.365510    4.375960    4.386757    4.397671    4.408867    4.420232    4.431903    4.443791
     4.455994    4.468456    4.481221    4.494274    4.507596    4.521197    4.534986    4.550943    4.568570    4.586139    4.603077    4.619580    4.635268    4.650343    4.664368    4.678045    4.684635   -1.205000    0.417424    4.322299    4.326233    4.334058    4.342024    4.350140    4.358425    4.368130    4.379127    4.390429    4.401874    4.413592    4.425458    4.437610
     4.449920    4.462519    4.475287    4.488331    4.501546    4.514989    4.528374    4.543767    4.561375    4.579318    4.596997    4.614157    4.630813    4.646673    4.661809    4.675898    4.689583    4.696365   -0.964000    0.417424    4.325990    4.329838    4.338180    4.346221    4.354450    4.362702    4.372585    4.383499    4.394820    4.406171    4.417910    4.429733
     4.441926    4.454245    4.466898    4.479708    4.492796    4.506052    4.519409    4.533943    4.550984    4.569367    4.587482    4.605350    4.622617    4.639424    4.655299    4.670471    4.684372    4.697759    4.703952   -0.723000    0.417424    4.322592    4.326602    4.334797    4.343053    4.351463    4.360294    4.370701    4.382220    4.393991    4.405976    4.418220
     4.430716    4.443460    4.456477    4.469729    4.483257    4.496985    4.510927    4.525299    4.542390    4.561541    4.580875    4.599906    4.618564    4.636637    4.654047    4.670584    4.686199    4.700740    4.714748    4.721851   -0.482000    0.417424    4.324066    4.327936    4.336346    4.344577    4.353012    4.361956    4.372558    4.384023    4.395857    4.407878
     4.420268    4.432894    4.445850    4.459079    4.472586    4.486401    4.500441    4.514632    4.530708    4.549686    4.569536    4.589357    4.608690    4.627752    4.646002    4.663721    4.680303    4.696118    4.710518    4.724377    4.730820   -0.241000    0.417424    4.341964    4.346048    4.354146    4.362750    4.372597    4.382882    4.393965    4.405443    4.417401
     4.429435    4.441869    4.454384    4.467287    4.480276    4.493592    4.506867    4.520417    4.536649    4.555447    4.575135    4.595245    4.615199    4.634911    4.654099    4.672708    4.690506    4.707390    4.723188    4.737760    4.751455    4.758222    0.000000    0.417424    4.319756    4.323814    4.332218    4.340999    4.350075    4.360289    4.371815    4.384039
     4.396426    4.409186    4.422131    4.435455    4.448941    4.462832    4.476913    4.491514    4.506359    4.522551    4.541843    4.563087    4.584200    4.605300    4.626026    4.646427    4.666126    4.685100    4.703025    4.719869    4.735427    4.750257    4.757733    0.241000    0.417424    4.342522    4.346493    4.354609    4.363735    4.374310    4.385299    4.396718
     4.408365    4.420349    4.432508    4.444964    4.457607    4.470522    4.483634    4.496963    4.510387    4.525236    4.543362    4.563566    4.584117    4.604744    4.625252    4.645447    4.665158    4.684194    4.702384    4.719543    4.735570    4.750325    4.764333    4.771367    0.482000    0.417424    4.340945    4.344919    4.352966    4.362166    4.372846    4.384031
     4.395530    4.407282    4.419341    4.431635    4.444228    4.457021    4.470090    4.483314    4.496775    4.510310    4.524797    4.542295    4.562261    4.582422    4.602584    4.622524    4.642148    4.661275    4.679737    4.697415    4.714098    4.729783    4.744264    4.758157    4.765039    0.723000    0.417424    4.342859    4.346783    4.354836    4.363849    4.374312
     4.385184    4.396349    4.407621    4.419160    4.430799    4.442697    4.454709    4.466980    4.479405    4.492097    4.505005    4.518024    4.533788    4.552583    4.572182    4.591868    4.611603    4.631091    4.650339    4.668957    4.686987    4.703983    4.720073    4.734792    4.748810    4.755491    0.964000    0.417424    4.342575    4.346410    4.354484    4.363258
     4.373470    4.384023    4.394906    4.405812    4.417059    4.428376    4.440054    4.451846    4.464007    4.476319    4.489004    4.501874    4.515076    4.529255    4.546403    4.565444    4.584697    4.603867    4.622799    4.641399    4.659382    4.676750    4.693121    4.708660    4.722930    4.736693    4.743291    1.205000    0.417424    4.342476    4.346180    4.354194
     4.362712    4.372576    4.382771    4.393282    4.403806    4.414650    4.425570    4.436810    4.448190    4.459896    4.471809    4.484061    4.496582    4.509447    4.522463    4.537613    4.555452    4.574112    4.592810    4.611232    4.629431    4.647021    4.664126    4.680272    4.695686    4.709813    4.723381    4.729655    1.446000    0.417424    4.342273    4.346006
     4.353858    4.362177    4.371812    4.381836    4.392117    4.402390    4.412921    4.423510    4.434372    4.445370    4.456667    4.468190    4.480047    4.492213    4.504746    4.517649    4.531077    4.547028    4.565020    4.583170    4.601005    4.618594    4.635644    4.652228    4.667983    4.683057    4.697050    4.710654    4.717204   -1.566500    0.208712    4.323277
     4.327025    4.335043    4.342853    4.350896    4.358789    4.368049    4.378441    4.389152    4.399964    4.411033    4.422306    4.433835    4.445638    4.457700    4.470082    4.482733    4.495752    4.509061    4.522701    4.536779    4.552948    4.570546    4.588061    4.604962    4.621445    4.637109    4.652190    4.666219    4.679965    4.686581   -1.325500    0.208712
     4.323264    4.327129    4.335098    4.343075    4.351172    4.359426    4.369027    4.379798    4.390792    4.401998    4.413420    4.425112    4.437025    4.449253    4.461709    4.474515    4.487559    4.500985    4.514644    4.528535    4.544658    4.562795    4.581035    4.599048    4.616526    4.633477    4.649600    4.664925    4.679159    4.692892    4.699667   -1.084500
     0.208712    4.324391    4.328290    4.336496    4.344592    4.352827    4.361282    4.371188    4.382151    4.393344    4.404739    4.416378    4.428291    4.440428    4.452894    4.465560    4.478596    4.491823    4.505438    4.519072    4.534302    4.551828    4.570509    4.588789    4.606869    4.624300    4.641288    4.657366    4.672769    4.687054    4.700957    4.707726
    -0.843500    0.208712    4.322076    4.326182    4.334213    4.342597    4.351124    4.360310    4.370888    4.382563    4.394345    4.406402    4.418587    4.431057    4.443658    4.456571    4.469634    4.483055    4.496658    4.510593    4.525216    4.542766    4.562059    4.581566    4.600778    4.619720    4.638078    4.655816    4.672665    4.688569    4.703377    4.717655
     4.725041   -0.602500    0.208712    4.322527    4.326628    4.335144    4.343719    4.352531    4.361958    4.372980    4.384884    4.397119    4.409550    4.422345    4.435320    4.448636    4.462093    4.475871    4.489775    4.503976    4.518122    4.534237    4.552955    4.572461    4.591692    4.610460    4.628845    4.646464    4.663574    4.679589    4.694942    4.708865
     4.722361    4.728439   -0.361500    0.208712    4.321879    4.325914    4.334407    4.343070    4.352019    4.361912    4.373280    4.385380    4.397754    4.410445    4.423416    4.436717    4.450259    4.464135    4.478240    4.492726    4.507412    4.522995    4.541526    4.562108    4.582634    4.602995    4.622899    4.642373    4.661071    4.679053    4.695945    4.711882
     4.726468    4.740435    4.747168   -0.120500    0.208712    4.321415    4.325492    4.334228    4.343166    4.352480    4.362866    4.374687    4.387047    4.399686    4.412568    4.425734    4.439142    4.452804    4.466726    4.480915    4.495486    4.510275    4.526816    4.546398    4.567433    4.588201    4.608855    4.629052    4.648912    4.667972    4.686426    4.703741
     4.720205    4.735212    4.749582    4.756317    0.120500    0.208712    4.341288    4.345209    4.353641    4.362819    4.373524    4.384488    4.396124    4.407900    4.420234    4.432617    4.445514    4.458438    4.471828    4.485221    4.498992    4.512631    4.528219    4.546932    4.567406    4.588071    4.608769    4.629226    4.649288    4.668879    4.687665    4.705751
     4.722623    4.738580    4.752884    4.766322    4.772164    0.361500    0.208712    4.340706    4.344667    4.352694    4.361869    4.372459    4.383521    4.394841    4.406462    4.418312    4.430477    4.442847    4.455552    4.468432    4.481657    4.495021    4.508658    4.524038    4.542950    4.563616    4.584627    4.605630    4.626649    4.647353    4.667701    4.687386
     4.706296    4.724193    4.740947    4.756444    4.771111    4.778570    0.602500    0.208712    4.341894    4.345874    4.354188    4.363469    4.374193    4.385245    4.396585    4.408050    4.419822    4.431771    4.444036    4.456504    4.469276    4.482257    4.495522    4.508960    4.523419    4.541014    4.561101    4.581476    4.601897    4.622196    4.642221    4.661814
     4.680749    4.698904    4.716005    4.732029    4.746687    4.760525    4.767118    0.843500    0.208712    4.339850    4.343804    4.351716    4.360734    4.371119    4.382038    4.393150    4.404528    4.416093    4.427932    4.439948    4.452245    4.464712    4.477485    4.490441    4.503744    4.517081    4.533264    4.552424    4.572464    4.592574    4.612734    4.632657
     4.652267    4.671293    4.689584    4.706932    4.723184    4.738271    4.752670    4.760113    1.084500    0.208712    4.340723    4.344593    4.352588    4.361429    4.371704    4.382422    4.393445    4.404587    4.416020    4.427584    4.439425    4.451413    4.463671    4.476109    4.488818    4.501743    4.514892    4.529045    4.546070    4.565058    4.584197    4.603288
     4.622084    4.640572    4.658445    4.675745    4.692114    4.707672    4.722023    4.735836    4.742539    1.325500    0.208712    4.340722    4.344536    4.352367    4.360935    4.370855    4.381256    4.391904    4.402655    4.413631    4.424735    4.436061    4.447566    4.459307    4.471303    4.483564    4.496151    4.509014    4.522074    4.537247    4.555180    4.573904
     4.592687    4.611216    4.629522    4.647300    4.664575    4.681041    4.696719    4.711311    4.725355    4.732337    1.566500    0.208712    4.340364    4.344114    4.351875    4.360208    4.369870    4.380012    4.390415    4.400868    4.411576    4.422363    4.433414    4.444594    4.456064    4.467735    4.479728    4.491993    4.504601    4.517540    4.530962    4.546867
     4.564780    4.582843    4.600537    4.617996    4.634878    4.651364    4.667018    4.682104    4.696126    4.709886    4.716533   -1.446000    0.000000    4.346382    4.350055    4.357773    4.365697    4.374792    4.384271    4.394247    4.404469    4.415109    4.425794    4.436809    4.447906    4.459326    4.470882    4.482733    4.494733    4.506937    4.519154    4.532311
     4.547919    4.565115    4.582621    4.600114    4.617453    4.634297    4.650708    4.666338    4.681310    4.695194    4.708557    4.714972   -1.205000    0.000000    4.324081    4.328033    4.336116    4.344556    4.353288    4.362698    4.373374    4.384919    4.396594    4.408495    4.420568    4.432862    4.445324    4.458011    4.470872    4.483985    4.497326    4.510992
     4.524709    4.540932    4.559348    4.578148    4.596727    4.615050    4.632883    4.650165    4.666644    4.682273    4.696832    4.710884    4.717971   -0.964000    0.000000    4.344037    4.347969    4.355879    4.364359    4.374118    4.384340    4.395159    4.406321    4.417903    4.429560    4.441554    4.453624    4.466018    4.478500    4.491267    4.504071    4.516928
     4.530884    4.547686    4.566053    4.584959    4.603920    4.622780    4.641168    4.659108    4.676278    4.692705    4.708089    4.722468    4.736098    4.743041   -0.723000    0.000000    4.324922    4.328827    4.337474    4.346143    4.355160    4.364991    4.376260    4.388161    4.400353    4.412772    4.425487    4.438442    4.451648    4.465082    4.478732    4.492634
     4.506793    4.521033    4.538074    4.557550    4.577162    4.596647    4.615717    4.634461    4.652472    4.669928    4.686325    4.701950    4.716188    4.729833    4.736058   -0.482000    0.000000    4.344150    4.348146    4.356281    4.365187    4.375467    4.386154    4.397424    4.408995    4.420938    4.433007    4.445353    4.457834    4.470551    4.483422    4.496466
     4.509574    4.523530    4.540591    4.559802    4.579637    4.599674    4.619621    4.639290    4.658497    4.677124    4.694952    4.711909    4.727756    4.742489    4.756469    4.763734   -0.241000    0.000000    4.340092    4.344091    4.352081    4.361139    4.371588    4.382587    4.394084    4.406014    4.418278    4.430855    4.443692    4.456818    4.470158    4.483744
     4.497466    4.511249    4.526733    4.545468    4.565823    4.586488    4.607167    4.627608    4.647700    4.667218    4.686100    4.704107    4.721212    4.737188    4.752038    4.766127    4.773372    0.000000    0.000000    4.341448    4.345367    4.353548    4.362696    4.373321    4.384307    4.395752    4.407465    4.419521    4.431819    4.444396    4.457234    4.470302
     4.483632    4.497125    4.510727    4.526765    4.546232    4.566933    4.587993    4.609036    4.630017    4.650608    4.670814    4.690261    4.709003    4.726625    4.743256    4.758431    4.772769    4.779627    0.241000    0.000000    4.342184    4.346154    4.354450    4.363842    4.374800    4.386096    4.397782    4.409616    4.421802    4.434123    4.446764    4.459546
     4.472619    4.485842    4.499317    4.512854    4.528859    4.548263    4.569059    4.590048    4.611077    4.631990    4.652583    4.672732    4.692165    4.710811    4.728365    4.744860    4.759975    4.774305    4.781287    0.482000    0.000000    4.340945    4.344933    4.353087    4.362420    4.373248    4.384519    4.396104    4.407914    4.420030    4.432356    4.444981
     4.457802    4.470908    4.484192    4.497735    4.511361    4.526874    4.545702    4.566409    4.587279    4.608223    4.629021    4.649553    4.669603    4.688997    4.707545    4.725052    4.741417    4.756460    4.770664    4.777674    0.723000    0.000000    4.341854    4.345811    4.353952    4.363078    4.373665    4.384653    4.395933    4.407392    4.419131    4.431086
     4.443316    4.455791    4.468525    4.481513    4.494725    4.508133    4.522453    4.539865    4.559795    4.580119    4.600484    4.620754    4.640748    4.660309    4.679228    4.697347    4.714459    4.730486    4.745273    4.759365    4.766406    0.964000    0.000000    4.341620    4.345471    4.353714    4.362763    4.373301    4.384200    4.395499    4.406890    4.418659
     4.430521    4.442733    4.455039    4.467670    4.480402    4.493427    4.506550    4.519744    4.535389    4.553998    4.573445    4.592965    4.612382    4.631482    4.650221    4.668288    4.685749    4.702187    4.717789    4.732003    4.745476    4.751574    1.205000    0.000000    4.338381    4.342234    4.349951    4.358662    4.368740    4.379452    4.390411    4.401675
     4.413158    4.424955    4.436950    4.449257    4.461751    4.474557    4.487541    4.500811    4.514163    4.528469    4.545451    4.564488    4.583686    4.602781    4.621543    4.639906    4.657692    4.674833    4.691195    4.706708    4.721292    4.735423    4.742754    1.446000    0.000000    4.341517    4.345270    4.353341    4.362025    4.372123    4.382615    4.393477
     4.404372    4.415613    4.426891    4.438489    4.450145    4.462117    4.474193    4.486589    4.499131    4.511954    4.524787    4.539623    4.557057    4.575335    4.593517    4.611352    4.628857    4.645737    4.662130    4.677642    4.692503    4.706173    4.719362    4.725487   -1.566500   -0.208712    4.343150    4.346906    4.354356    4.362591    4.372071    4.382249
     4.392642    4.403249    4.414034    4.424960    4.436053    4.447277    4.458703    4.470277    4.482096    4.494083    4.506345    4.518790    4.531691    4.546937    4.564429    4.582062    4.599549    4.616723    4.633533    4.649812    4.665477    4.680416    4.694535    4.708245    4.715120   -1.325500   -0.208712    4.343477    4.347217    4.354715    4.362893    4.372267
     4.382250    4.392520    4.403101    4.413923    4.424995    4.436287    4.447839    4.459622    4.471671    4.483950    4.496461    4.509160    4.521895    4.536312    4.553293    4.571500    4.589702    4.607755    4.625458    4.642729    4.659402    4.675384    4.690548    4.704775    4.718479    4.725361   -1.084500   -0.208712    4.344378    4.348117    4.356023    4.364536
     4.374405    4.384697    4.395441    4.406346    4.417620    4.428969    4.440630    4.452376    4.464402    4.476525    4.488875    4.501309    4.513858    4.526974    4.542735    4.560610    4.578861    4.597199    4.615285    4.633181    4.650489    4.667397    4.683396    4.698770    4.712870    4.726423    4.732637   -0.843500   -0.208712    4.344752    4.348590    4.356512
     4.365263    4.375405    4.386013    4.397035    4.408290    4.419840    4.431542    4.443466    4.455544    4.467806    4.480234    4.492799    4.505510    4.518132    4.533002    4.550689    4.569567    4.588539    4.607522    4.626225    4.644627    4.662441    4.679677    4.696035    4.711563    4.725952    4.739775    4.746631   -0.602500   -0.208712    4.344349    4.348310
     4.356453    4.365540    4.376113    4.387138    4.398640    4.410355    4.422415    4.434558    4.446957    4.459407    4.472066    4.484785    4.497661    4.510572    4.524074    4.540508    4.559411    4.578804    4.598227    4.617546    4.636532    4.655114    4.673064    4.690345    4.706730    4.722207    4.736541    4.750258    4.757059   -0.361500   -0.208712    4.344127
     4.347972    4.356241    4.365447    4.376230    4.387343    4.398959    4.410735    4.422951    4.435285    4.447993    4.460787    4.473884    4.487027    4.500372    4.513633    4.528566    4.546624    4.566443    4.586304    4.606063    4.625597    4.644665    4.663306    4.681157    4.698423    4.714600    4.730038    4.744033    4.757436    4.763434   -0.120500   -0.208712
     4.344004    4.347922    4.356244    4.365609    4.376538    4.387795    4.399497    4.411348    4.423593    4.435936    4.448609    4.461347    4.474360    4.487427    4.500704    4.513940    4.529562    4.548495    4.568759    4.589160    4.609517    4.629738    4.649565    4.668990    4.687676    4.705702    4.722664    4.738716    4.753355    4.767219    4.773719    0.120500
    -0.208712    4.342994    4.347038    4.355188    4.364587    4.375467    4.386780    4.398359    4.410176    4.422224    4.434501    4.446987    4.459707    4.472618    4.485765    4.499081    4.512539    4.528423    4.547782    4.568430    4.589283    4.610148    4.630902    4.651359    4.671345    4.690697    4.709208    4.726775    4.743209    4.758493    4.773007    4.780477
     0.361500   -0.208712    4.344169    4.348079    4.356345    4.365557    4.376254    4.387207    4.398496    4.409874    4.421586    4.433425    4.445598    4.457931    4.470587    4.483434    4.496578    4.509876    4.525099    4.543768    4.564227    4.584904    4.605604    4.626264    4.646582    4.666542    4.685741    4.704242    4.721581    4.737959    4.752840    4.766917
     4.773457    0.602500   -0.208712    4.342370    4.346317    4.354500    4.363665    4.374323    4.385321    4.396645    4.408091    4.419858    4.431774    4.444008    4.456411    4.469116    4.482009    4.495178    4.508525    4.522862    4.540339    4.560262    4.580488    4.600693    4.620797    4.640550    4.659916    4.678562    4.696532    4.713445    4.729474    4.744192
     4.758305    4.765102    0.843500   -0.208712    4.342972    4.346799    4.354963    4.363899    4.374266    4.384956    4.395985    4.407103    4.418534    4.430082    4.441918    4.453913    4.466176    4.478646    4.491364    4.504339    4.517373    4.533133    4.551831    4.571373    4.590904    4.610467    4.629677    4.648643    4.666910    4.684645    4.701350    4.717266
     4.731852    4.745818    4.752394    1.084500   -0.208712    4.340923    4.344775    4.352611    4.361344    4.371445    4.382062    4.392919    4.403981    4.415255    4.426760    4.438462    4.450434    4.462605    4.475088    4.487776    4.500791    4.513965    4.528226    4.545319    4.564374    4.583548    4.602631    4.621418    4.639802    4.657616    4.674749    4.691084
     4.706531    4.721017    4.735035    4.742272    1.325500   -0.208712    4.342540    4.346213    4.354328    4.362911    4.372924    4.383288    4.394074    4.404865    4.416028    4.427196    4.438686    4.450209    4.462036    4.473956    4.486173    4.498540    4.511171    4.523821    4.538460    4.555682    4.573591    4.591415    4.608787    4.625908    4.642331    4.658440
     4.673659    4.688489    4.702126    4.715357    4.721106    1.566500   -0.208712    4.339778    4.343650    4.351266    4.359737    4.369491    4.379958    4.390541    4.401322    4.412147    4.423148    4.434182    4.445429    4.456758    4.468378    4.480162    4.492313    4.504711    4.517519    4.530811    4.546638    4.564512    4.582486    4.600213    4.617567    4.634547
     4.650918    4.666786    4.681858    4.696370    4.710490    4.717935   -1.446000   -0.417424    4.346907    4.350585    4.358219    4.366348    4.375710    4.385543    4.395576    4.405672    4.415942    4.426299    4.436818    4.447477    4.458315    4.469360    4.480614    4.492142    4.503926    4.516054    4.528653    4.543794    4.561077    4.578613    4.595953    4.613130
     4.629919    4.646321    4.662072    4.677196    4.691413    4.705231    4.712020   -1.205000   -0.417424    4.347350    4.351060    4.358962    4.367413    4.377225    4.387423    4.397962    4.408533    4.419405    4.430305    4.441471    4.452688    4.464159    4.475713    4.487506    4.499402    4.511515    4.523608    4.537730    4.554438    4.572002    4.589563    4.606889
     4.624002    4.640612    4.656846    4.672314    4.687236    4.701090    4.714551    4.720892   -0.964000   -0.417424    4.346760    4.350510    4.358475    4.367126    4.377166    4.387606    4.398385    4.409248    4.420387    4.431586    4.443003    4.454492    4.466171    4.477963    4.489925    4.502041    4.514275    4.527460    4.543428    4.561425    4.579595    4.597791
     4.615734    4.633467    4.650671    4.667437    4.683414    4.698735    4.712992    4.726745    4.733304   -0.723000   -0.417424    4.344967    4.348805    4.356861    4.365825    4.376225    4.387059    4.398234    4.409586    4.421209    4.432986    4.444969    4.457121    4.469446    4.481969    4.494637    4.507520    4.520354    4.535883    4.554295    4.573456    4.592621
     4.611682    4.630443    4.648782    4.666562    4.683644    4.699959    4.715361    4.729824    4.743682    4.750691   -0.482000   -0.417424    4.343040    4.347002    4.354842    4.363926    4.374401    4.385466    4.396757    4.408418    4.420266    4.432451    4.444785    4.457422    4.470186    4.483214    4.496345    4.509647    4.523813    4.541086    4.560697    4.580550
     4.600367    4.620002    4.639332    4.658188    4.676472    4.694014    4.710740    4.726479    4.741137    4.755103    4.762170   -0.241000   -0.417424    4.345057    4.349024    4.357197    4.366430    4.377139    4.388228    4.399636    4.411227    4.423103    4.435154    4.447465    4.459959    4.472686    4.485602    4.498700    4.511896    4.526835    4.545094    4.565114
     4.585294    4.605402    4.625377    4.644967    4.664139    4.682617    4.700408    4.717227    4.733113    4.747732    4.761658    4.768465    0.000000   -0.417424    4.342494    4.346516    4.354455    4.363650    4.374215    4.385315    4.396589    4.408225    4.420033    4.432228    4.444597    4.457365    4.470300    4.483618    4.497084    4.510814    4.526350    4.545344
     4.565991    4.586752    4.607457    4.627914    4.648039    4.667539    4.686433    4.704359    4.721447    4.737313    4.752195    4.766332    4.773812    0.241000   -0.417424    4.344597    4.348542    4.356758    4.366042    4.376819    4.387939    4.399399    4.410989    4.422929    4.434990    4.447419    4.459961    4.472867    4.485859    4.499178    4.512471    4.527642
     4.545984    4.566187    4.586389    4.606569    4.626481    4.646012    4.665039    4.683318    4.700886    4.717385    4.733019    4.747276    4.760874    4.767182    0.482000   -0.417424    4.343823    4.347723    4.355703    4.364669    4.374996    4.385709    4.396640    4.407771    4.419142    4.430770    4.442658    4.454838    4.467277    4.480019    4.492998    4.506253
     4.520456    4.537876    4.557713    4.577917    4.598074    4.618184    4.637929    4.657333    4.676018    4.694060    4.711072    4.727217    4.742099    4.756378    4.763340    0.723000   -0.417424    4.342180    4.346133    4.353905    4.362763    4.372981    4.383736    4.394676    4.405893    4.417289    4.428996    4.440894    4.453136    4.465574    4.478367    4.491350
     4.504683    4.518029    4.534171    4.553235    4.573030    4.592821    4.612526    4.631944    4.650939    4.669348    4.686995    4.703789    4.719585    4.734397    4.748652    4.756075    0.964000   -0.417424    4.343063    4.346891    4.354902    4.363716    4.374001    4.384705    4.395778    4.406899    4.418360    4.429831    4.441629    4.453439    4.465574    4.477751
     4.490244    4.502825    4.515667    4.529395    4.545999    4.564477    4.583080    4.601598    4.619791    4.637703    4.654970    4.671766    4.687618    4.702830    4.716787    4.730228    4.736339    1.205000   -0.417424    4.342670    4.346437    4.354264    4.362771    4.372662    4.383060    4.393749    4.404535    4.415553    4.426660    4.437987    4.449453    4.461163
     4.473092    4.485295    4.497777    4.510540    4.523436    4.538406    4.555997    4.574311    4.592516    4.610362    4.627833    4.644713    4.661052    4.676647    4.691604    4.705704    4.719500    4.726396    1.446000   -0.417424    4.341554    4.345347    4.353029    4.361393    4.371023    4.381216    4.391549    4.402006    4.412567    4.423292    4.434122    4.445184
     4.456391    4.467912    4.479634    4.491736    4.504095    4.516868    4.530090    4.545847    4.563599    4.581464    4.599011    4.616236    4.632998    4.649232    4.664843    4.679757    4.693942    4.707812    4.714911   -1.325500   -0.626136    4.346971    4.350776    4.358316    4.366533    4.375952    4.385946    4.396038    4.406267    4.416570    4.427027    4.437561
     4.448286    4.459124    4.470196    4.481441    4.492965    4.504743    4.516848    4.529469    4.544603    4.561844    4.579232    4.596458    4.613437    4.630082    4.646265    4.661877    4.676811    4.690974    4.704803    4.711833   -1.084500   -0.626136    4.346377    4.350219    4.357872    4.366376    4.376147    4.386497    4.397018    4.407732    4.418588    4.429622
     4.440781    4.452117    4.463588    4.475252    4.487079    4.499116    4.511350    4.523643    4.538018    4.554996    4.572770    4.590469    4.607971    4.625138    4.641877    4.658058    4.673591    4.688380    4.702352    4.715992    4.723015   -0.843500   -0.626136    4.348562    4.352474    4.360248    4.368940    4.378935    4.389435    4.400084    4.410914    4.421842
     4.432954    4.444128    4.455513    4.466957    4.478652    4.490418    4.502465    4.514572    4.527762    4.543755    4.561742    4.579881    4.598026    4.615998    4.633677    4.650954    4.667631    4.683688    4.698869    4.713249    4.727140    4.734477   -0.602500   -0.626136    4.347108    4.351046    4.359139    4.368174    4.378634    4.389535    4.400738    4.412086
     4.423699    4.435423    4.447387    4.459442    4.471727    4.484082    4.496661    4.509293    4.521974    4.537193    4.555382    4.574118    4.592931    4.611529    4.629902    4.647827    4.665242    4.682011    4.698013    4.713197    4.727328    4.740850    4.747342   -0.361500   -0.626136    4.347117    4.351020    4.359189    4.368279    4.378842    4.389759    4.401035
     4.412428    4.424167    4.436009    4.448179    4.460440    4.473006    4.485645    4.498539    4.511427    4.525236    4.541932    4.561113    4.580497    4.599851    4.618977    4.637757    4.656090    4.673786    4.690862    4.707044    4.722442    4.736631    4.750186    4.756538   -0.120500   -0.626136    4.349044    4.352973    4.361058    4.370064    4.380469    4.391187
     4.402142    4.413193    4.424469    4.435874    4.447500    4.459296    4.471308    4.483526    4.495942    4.508561    4.522106    4.538838    4.557951    4.577401    4.596802    4.616159    4.635185    4.653891    4.671968    4.689455    4.706049    4.721808    4.736410    4.750387    4.757201    0.120500   -0.626136    4.349163    4.353100    4.361203    4.370211    4.380609
     4.391299    4.402211    4.413213    4.424448    4.435823    4.447449    4.459260    4.471322    4.483591    4.496082    4.508757    4.522364    4.539111    4.558248    4.577687    4.597068    4.616373    4.635326    4.653943    4.671887    4.689232    4.705606    4.721163    4.735507    4.749334    4.756071    0.361500   -0.626136    4.347263    4.351128    4.359393    4.368462
     4.378986    4.389744    4.400851    4.411986    4.423478    4.435028    4.446938    4.458932    4.471261    4.483682    4.496377    4.509124    4.522766    4.539366    4.558468    4.577899    4.597276    4.616555    4.635438    4.653997    4.671812    4.689083    4.705286    4.720766    4.734858    4.748377    4.754487    0.602500   -0.626136    4.344115    4.348011    4.355824
     4.364661    4.374886    4.385605    4.396572    4.407753    4.419186    4.430838    4.442757    4.454909    4.467327    4.479984    4.492886    4.506018    4.519199    4.535096    4.553941    4.573444    4.592971    4.612361    4.631478    4.650150    4.668259    4.685620    4.702153    4.717700    4.732254    4.746234    4.753431    0.843500   -0.626136    4.345107    4.348863
     4.356867    4.365513    4.375549    4.385950    4.396674    4.407478    4.418580    4.429803    4.441317    4.453002    4.464974    4.477160    4.489619    4.502312    4.515226    4.529134    4.545897    4.564544    4.583297    4.601914    4.620227    4.638153    4.655489    4.672203    4.688070    4.703145    4.717177    4.730730    4.737311    1.084500   -0.626136    4.344420
     4.348192    4.356001    4.364481    4.374288    4.384541    4.395032    4.405603    4.416395    4.427309    4.438458    4.449795    4.461390    4.473228    4.485334    4.497714    4.510350    4.523103    4.537934    4.555404    4.573578    4.591703    4.609498    4.626995    4.643897    4.660296    4.675879    4.690814    4.704769    4.718421    4.725173    1.325500   -0.626136
     4.343742    4.347453    4.355218    4.363497    4.373107    4.383175    4.393508    4.403853    4.414434    4.425037    4.435876    4.446792    4.457981    4.469332    4.481003    4.492921    4.505192    4.517770    4.530850    4.546385    4.563894    4.581494    4.598714    4.615676    4.632080    4.648113    4.663390    4.678186    4.692020    4.705603    4.712051   -1.205000
    -0.834848    4.349179    4.352914    4.360683    4.368969    4.378563    4.388580    4.398850    4.409082    4.419544    4.429947    4.440576    4.451158    4.461989    4.472813    4.483920    4.495085    4.506574    4.518211    4.530377    4.544931    4.561551    4.578305    4.594802    4.611138    4.627007    4.642605    4.657452    4.671882    4.685249    4.698439    4.704572
    -0.964000   -0.834848    4.350915    4.354666    4.362665    4.371186    4.381066    4.391258    4.401761    4.412182    4.422895    4.433511    4.444405    4.455213    4.466299    4.477341    4.488671    4.500020    4.511666    4.523251    4.536948    4.553208    4.570298    4.587373    4.604191    4.620832    4.636920    4.652708    4.667648    4.682149    4.695461    4.708466
     4.714297   -0.723000   -0.834848    4.349828    4.353641    4.361424    4.369962    4.379745    4.389937    4.400255    4.410694    4.421226    4.431916    4.442684    4.453665    4.464736    4.476087    4.487550    4.499347    4.511251    4.524266    4.540078    4.558024    4.576114    4.594329    4.612295    4.630129    4.647442    4.664359    4.680499    4.695994    4.710445
     4.724429    4.731276   -0.482000   -0.834848    4.351023    4.354874    4.362731    4.371458    4.381501    4.391926    4.402521    4.413233    4.424082    4.435079    4.446201    4.457527    4.468986    4.480711    4.492568    4.504718    4.516825    4.531602    4.549270    4.567959    4.586711    4.605517    4.624072    4.642363    4.660129    4.677338    4.693780    4.709396
     4.723987    4.737965    4.745008   -0.241000   -0.834848    4.349775    4.353648    4.361467    4.370221    4.380316    4.390821    4.401523    4.412348    4.423349    4.434477    4.445780    4.457248    4.468910    4.480793    4.492886    4.505261    4.517698    4.532937    4.551155    4.570166    4.589244    4.608303    4.627131    4.645616    4.663593    4.680927    4.697509
     4.713181    4.727860    4.741912    4.749072    0.000000   -0.834848    4.352294    4.356150    4.364041    4.372751    4.382803    4.393193    4.403795    4.414487    4.425388    4.436424    4.447680    4.459112    4.470768    4.482628    4.494705    4.507003    4.519341    4.534389    4.552373    4.571018    4.589673    4.608218    4.626489    4.644381    4.661733    4.678466
     4.694437    4.709604    4.723815    4.737531    4.744395    0.241000   -0.834848    4.350250    4.354072    4.361957    4.370664    4.380732    4.391145    4.401813    4.412599    4.423655    4.434875    4.446380    4.458080    4.470060    4.482236    4.494665    4.507269    4.519924    4.535236    4.553488    4.572327    4.591178    4.609849    4.628233    4.646188    4.663582
     4.680321    4.696248    4.711340    4.725404    4.739002    4.745796    0.482000   -0.834848    4.347031    4.350863    4.358786    4.367577    4.377721    4.388243    4.399036    4.409957    4.421168    4.432531    4.444185    4.455998    4.468071    4.480303    4.492729    4.505305    4.517846    4.532892    4.550782    4.569611    4.588416    4.607235    4.625691    4.643930
     4.661516    4.678652    4.694849    4.710364    4.724638    4.738363    4.744829    0.723000   -0.834848    4.347072    4.350889    4.358807    4.367437    4.377434    4.387798    4.398442    4.409140    4.420122    4.431193    4.442560    4.454057    4.465850    4.477804    4.490031    4.502436    4.515046    4.528641    4.545103    4.563466    4.581976    4.600422    4.618608
     4.636490    4.653824    4.670604    4.686551    4.701736    4.715840    4.729438    4.735996    0.964000   -0.834848    4.348235    4.351992    4.359754    4.368109    4.377743    4.387763    4.397983    4.408236    4.418686    4.429226    4.439983    4.450905    4.462061    4.473445    4.485062    4.496951    4.509068    4.521344    4.535630    4.552618    4.570354    4.588145
     4.605624    4.622944    4.639691    4.656072    4.671617    4.686613    4.700560    4.714234    4.720844    1.205000   -0.834848    4.345835    4.349582    4.357221    4.365441    4.374933    4.384910    4.395084    4.405288    4.415678    4.426113    4.436765    4.447519    4.458544    4.469751    4.481283    4.493077    4.505236    4.517717    4.530747    4.546257    4.563786
     4.581411    4.598725    4.615760    4.632290    4.648362    4.663697    4.678421    4.692236    4.705800    4.712487   -1.084500   -1.043561    4.349063    4.352765    4.360450    4.368586    4.378006    4.387793    4.397806    4.407773    4.417943    4.428089    4.438428    4.448804    4.459399    4.470124    4.481111    4.492337    4.503877    4.515768    4.528175    4.543160
     4.560201    4.577508    4.594531    4.611456    4.627874    4.644015    4.659372    4.674268    4.688119    4.701822    4.708479   -0.843500   -1.043561    4.348257    4.352054    4.359706    4.368119    4.377774    4.387918    4.398206    4.408597    4.419112    4.429737    4.440487    4.451384    4.462437    4.473691    4.485145    4.496854    4.508803    4.520890    4.535112
     4.552072    4.569877    4.587756    4.605466    4.622987    4.640070    4.656722    4.672673    4.687953    4.702268    4.716147    4.723048   -0.602500   -1.043561    4.350371    4.354235    4.361983    4.370641    4.380666    4.391188    4.401932    4.412777    4.423805    4.434900    4.446179    4.457528    4.469089    4.480745    4.492640    4.504635    4.516811    4.529869
     4.545774    4.563631    4.581867    4.599982    4.618007    4.635599    4.652823    4.669333    4.685221    4.700167    4.714295    4.727874    4.734944   -0.361500   -1.043561    4.354723    4.358451    4.366352    4.374742    4.384417    4.394310    4.404444    4.414520    4.424843    4.435161    4.445745    4.456391    4.467323    4.478388    4.489739    4.501282    4.513065
     4.525868    4.541563    4.559266    4.577165    4.595126    4.612861    4.630442    4.647503    4.664196    4.680099    4.695424    4.709642    4.723349    4.729737   -0.120500   -1.043561    4.351412    4.355119    4.362798    4.371157    4.380753    4.390715    4.400851    4.411097    4.421519    4.432110    4.442872    4.453860    4.465011    4.476435    4.488006    4.499885
     4.511863    4.524894    4.540659    4.558460    4.576282    4.594150    4.611661    4.629015    4.645778    4.662189    4.677789    4.692843    4.706823    4.720417    4.726860    0.120500   -1.043561    4.352347    4.356180    4.363857    4.372363    4.382162    4.392389    4.402787    4.413275    4.423928    4.434688    4.445619    4.456690    4.467937    4.479365    4.490973
     4.502807    4.514791    4.527828    4.543705    4.561517    4.579455    4.597349    4.615021    4.632376    4.649290    4.665617    4.681310    4.696189    4.710304    4.724041    4.731259    0.361500   -1.043561    4.352096    4.355867    4.363731    4.372190    4.381944    4.391977    4.402251    4.412540    4.423107    4.433760    4.444716    4.455806    4.467186    4.478721
     4.490503    4.502446    4.514556    4.527586    4.543392    4.561112    4.578902    4.596631    4.614016    4.631167    4.647722    4.663892    4.679223    4.694009    4.707681    4.721008    4.727252    0.602500   -1.043561    4.347930    4.351751    4.359448    4.367951    4.377729    4.387953    4.398356    4.408903    4.419651    4.430598    4.441772    4.453188    4.464830
     4.476734    4.488831    4.501176    4.513614    4.527009    4.543093    4.561283    4.579693    4.598096    4.616256    4.634127    4.651505    4.668317    4.684387    4.699633    4.713920    4.727722    4.734767    0.843500   -1.043561    4.348453    4.352244    4.359885    4.368260    4.377880    4.387986    4.398254    4.408646    4.419212    4.429933    4.440840    4.451931
     4.463215    4.474705    4.486389    4.498301    4.510413    4.522614    4.536854    4.553737    4.571383    4.589016    4.606408    4.623558    4.640244    4.656470    4.671983    4.686806    4.700700    4.714231    4.721013    1.084500   -1.043561    4.348365    4.352140    4.359832    4.368125    4.377721    4.387776    4.398051    4.408296    4.418755    4.429177    4.439838
     4.450495    4.461425    4.472412    4.483704    4.495133    4.506897    4.518880    4.531387    4.546319    4.563266    4.580311    4.597060    4.613572    4.629604    4.645251    4.660185    4.674590    4.688097    4.701418    4.707894   -0.964000   -1.252273    4.348442    4.352145    4.359945    4.368199    4.377792    4.387741    4.397989    4.408156    4.418615    4.429000
     4.439679    4.450312    4.461247    4.472188    4.483446    4.494780    4.506446    4.518280    4.530596    4.545303    4.562032    4.578909    4.595433    4.611801    4.627597    4.643153    4.657863    4.672215    4.685426    4.698551    4.704610   -0.723000   -1.252273    4.351616    4.355351    4.363112    4.371407    4.380929    4.390787    4.400791    4.410795    4.420928
     4.431134    4.441477    4.451993    4.462675    4.473636    4.484794    4.496309    4.508028    4.519997    4.533958    4.550772    4.568493    4.586348    4.603995    4.621453    4.638441    4.654952    4.670752    4.685818    4.699977    4.713726    4.720700   -0.482000   -1.252273    4.350435    4.354245    4.361745    4.370054    4.379542    4.389557    4.399653    4.409910
     4.420266    4.430808    4.441487    4.452376    4.463449    4.474751    4.486275    4.498030    4.510031    4.522092    4.536253    4.553011    4.570568    4.588047    4.605295    4.622231    4.638690    4.654658    4.669932    4.684562    4.698293    4.711713    4.718387   -0.241000   -1.252273    4.353639    4.357360    4.365050    4.373302    4.382813    4.392681    4.402754
     4.412840    4.423131    4.433479    4.444049    4.454724    4.465642    4.476703    4.488025    4.499509    4.511261    4.523021    4.536900    4.553313    4.570483    4.587546    4.604368    4.620886    4.636939    4.652555    4.667510    4.681915    4.695454    4.708762    4.715313    0.000000   -1.252273    4.355720    4.359440    4.367291    4.375654    4.385366    4.395378
     4.405675    4.415885    4.426359    4.436743    4.447374    4.457936    4.468738    4.479515    4.490533    4.501591    4.512895    4.524144    4.537495    4.553378    4.569992    4.586543    4.602817    4.618866    4.634420    4.649647    4.664192    4.678307    4.691524    4.704546    4.710758    0.241000   -1.252273    4.354758    4.358512    4.366161    4.374359    4.383733
     4.393468    4.403310    4.413201    4.423214    4.433366    4.443658    4.454165    4.464818    4.475741    4.486812    4.498192    4.509728    4.521429    4.535157    4.551589    4.568702    4.585826    4.602681    4.619301    4.635469    4.651200    4.666325    4.680836    4.694598    4.708108    4.715043    0.482000   -1.252273    4.350298    4.354053    4.361683    4.369999
     4.379564    4.389580    4.399782    4.410073    4.420578    4.431198    4.442062    4.453058    4.464315    4.475713    4.487378    4.499193    4.511273    4.523346    4.537551    4.554308    4.571843    4.589271    4.606466    4.623342    4.639764    4.655708    4.670988    4.685633    4.699392    4.712784    4.719330    0.723000   -1.252273    4.352281    4.355959    4.363929
     4.372273    4.381919    4.391773    4.401903    4.411938    4.422250    4.432557    4.443141    4.453810    4.464745    4.475841    4.487181    4.498737    4.510502    4.522368    4.536204    4.552746    4.570121    4.587535    4.604676    4.621621    4.638055    4.654110    4.669420    4.684159    4.697886    4.711215    4.717554    0.964000   -1.252273    4.345780    4.349570
     4.357058    4.365231    4.374563    4.384511    4.394545    4.404785    4.415121    4.425709    4.436416    4.447414    4.458553    4.469994    4.481599    4.493504    4.505608    4.518006    4.530799    4.546004    4.563207    4.580448    4.597426    4.614045    4.630301    4.646010    4.661205    4.675695    4.689591    4.703216    4.710264   -0.602500   -1.460985    4.354424
     4.358080    4.365882    4.373927    4.383222    4.392705    4.402399    4.411886    4.421591    4.431166    4.440993    4.450805    4.460913    4.471140    4.481706    4.492525    4.503713    4.515269    4.527360    4.542040    4.558779    4.575799    4.592506    4.609119    4.625198    4.641005    4.656011    4.670557    4.684051    4.697356    4.703674   -0.361500   -1.460985
     4.353047    4.356772    4.364336    4.372400    4.381663    4.391318    4.401093    4.410813    4.420657    4.430474    4.440442    4.450444    4.460649    4.470979    4.481567    4.492387    4.503523    4.514998    4.526971    4.541496    4.558063    4.574870    4.591392    4.607810    4.623764    4.639462    4.654462    4.669030    4.682664    4.696135    4.702644   -0.120500
    -1.460985    4.355488    4.359211    4.366726    4.374727    4.383902    4.393481    4.403152    4.412797    4.422519    4.432254    4.442079    4.451991    4.462028    4.472248    4.482644    4.493322    4.504242    4.515539    4.527296    4.541627    4.557973    4.574537    4.590849    4.606994    4.622753    4.638153    4.652989    4.667281    4.680870    4.694308    4.701147
     0.120500   -1.460985    4.355054    4.358758    4.366394    4.374442    4.383685    4.393274    4.403009    4.412700    4.422543    4.432406    4.442437    4.452554    4.462861    4.473316    4.483989    4.494866    4.505997    4.517382    4.529208    4.543446    4.559663    4.575968    4.591972    4.607738    4.623089    4.638101    4.652539    4.666524    4.679774    4.692928
     4.699423    0.361500   -1.460985    4.352661    4.356423    4.363957    4.372040    4.381298    4.391008    4.400830    4.410646    4.420599    4.430563    4.440699    4.450880    4.461265    4.471751    4.482472    4.493375    4.504557    4.516026    4.527950    4.542368    4.558799    4.575430    4.591775    4.607991    4.623789    4.639335    4.654287    4.668826    4.682560
     4.696111    4.702723    0.602500   -1.460985    4.349370    4.353144    4.360594    4.368640    4.377782    4.387407    4.397067    4.406829    4.416687    4.426736    4.436948    4.447428    4.458121    4.469136    4.480409    4.492044    4.503981    4.516299    4.529128    4.544469    4.561834    4.579284    4.596485    4.613381    4.629907    4.645947    4.661447    4.676265
     4.690360    4.704085    4.711051
