         -0.6025         1.4610     52295.7925     88531.7301    123906.6298    158076.4437    190708.8446    221486.4578    250109.9476    276300.9291    299804.6750    320392.5936    337864.4520    352050.3230    362812.2383    370045.5301    373679.8493    373679.8493    370045.5301    362812.2383    352050.3230    337864.4520    320392.5936    299804.6750    276300.9291    250109.9476    221486.4578    190708.8446    158076.4437    123906.6298     88531.7301     52295.7925
         -0.3615         1.4610     52295.7925     88531.7301    123906.6298    158076.4437    190708.8446    221486.4578    250109.9476    276300.9291    299804.6750    320392.5936    337864.4520    352050.3230    362812.2383    370045.5301    373679.8493    373679.8493    370045.5301    362812.2383    352050.3230    337864.4520    320392.5936    299804.6750    276300.9291    250109.9476    221486.4578    190708.8446    158076.4437    123906.6298     88531.7301     52295.7925
         -0.1205         1.4610     52295.7925     88531.7301    123906.6298    158076.4437    190708.8446    221486.4578    250109.9476    276300.9291    299804.6750    320392.5936    337864.4520    352050.3230    362812.2383    370045.5301    373679.8493    373679.8493    370045.5301    362812.2383    352050.3230    337864.4520    320392.5936    299804.6750    276300.9291    250109.9476    221486.4578    190708.8446    158076.4437    123906.6298     88531.7301     52295.7925
          0.1205         1.4610     52295.7925     88531.7301    123906.6298    158076.4437    190708.8446    221486.4578    250109.9476    276300.9291    299804.6750    320392.5936    337864.4520    352050.3230    362812.2383    370045.5301    373679.8493    373679.8493    370045.5301    362812.2383    352050.3230    337864.4520    320392.5936    299804.6750    276300.9291    250109.9476    221486.4578    190708.8446    158076.4437    123906.6298     88531.7301     52295.7925
          0.3615         1.4610     52295.7925     88531.7301    123906.6298    158076.4437    190708.8446    221486.4578    250109.9476    276300.9291    299804.6750    320392.5936    337864.4520    352050.3230    362812.2383    370045.5301    373679.8493    373679.8493    370045.5301    362812.2383    352050.3230    337864.4520    320392.5936    299804.6750    276300.9291    250109.9476    221486.4578    190708.8446    158076.4437    123906.6298     88531.7301     52295.7925
          0.6025         1.4610     52295.7925     88531.7301    123906.6298    158076.4437    190708.8446    221486.4578    250109.9476    276300.9291    299804.6750    320392.5936    337864.4520    352050.3230    362812.2383    370045.5301    373679.8493    373679.8493    370045.5301    362812.2383    352050.3230    337864.4520    320392.5936    299804.6750    276300.9291    250109.9476    221486.4578    190708.8446    158076.4437    123906.6298     88531.7301     52295.7925
         -0.9640         1.2523     52295.7925     88531.7301    123906.6298    158076.4437    190708.8446    221486.4578    250109.9476    276300.9291    299804.6750    320392.5936    337864.4520    352050.3230    362812.2383    370045.5301    373679.8493    373679.8493    370045.5301    362812.2383    352050.3230    337864.4520    320392.5936    299804.6750    276300.9291    250109.9476    221486.4578    190708.8446    158076.4437    123906.6298     88531.7301     52295.7925
         -0.7230         1.2523     57898.9131     98017.2726    137182.3401    175013.2055    211141.9351    245217.1497    276907.4420    305904.6000    331926.6044    354720.3715    374064.2147    389770.0004    401684.9781    409693.2655    413716.9760    413716.9760    409693.2655    401684.9781    389770.0004    374064.2147    354720.3715    331926.6044    305904.6000    276907.4420    245217.1497    211141.9351    175013.2055    137182.3401     98017.2726     57898.9131
         -0.4820         1.2523     57898.9131     98017.2726    137182.3401    175013.2055    211141.9351    245217.1497    276907.4420    305904.6000    331926.6044    354720.3715    374064.2147    389770.0004    401684.9781    409693.2655    413716.9760    413716.9760    409693.2655    401684.9781    389770.0004    374064.2147    354720.3715    331926.6044    305904.6000    276907.4420    245217.1497    211141.9351    175013.2055    137182.3401     98017.2726     57898.9131
         -0.2410         1.2523     57898.9131     98017.2726    137182.3401    175013.2055    211141.9351    245217.1497    276907.4420    305904.6000    331926.6044    354720.3715    374064.2147    389770.0004    401684.9781    409693.2655    413716.9760    413716.9760    409693.2655    401684.9781    389770.0004    374064.2147    354720.3715    331926.6044    305904.6000    276907.4420    245217.1497    211141.9351    175013.2055    137182.3401     98017.2726     57898.9131
          0.0000         1.2523     57898.9131     98017.2726    137182.3401    175013.2055    211141.9351    245217.1497    276907.4420    305904.6000    331926.6044    354720.3715    374064.2147    389770.0004    401684.9781    409693.2655    413716.9760    413716.9760    409693.2655    401684.9781    389770.0004    374064.2147    354720.3715    331926.6044    305904.6000    276907.4420    245217.1497    211141.9351    175013.2055    137182.3401     98017.2726     57898.9131
          0.2410         1.2523     57898.9131     98017.2726    137182.3401    175013.2055    211141.9351    245217.1497    276907.4420    305904.6000    331926.6044    354720.3715    374064.2147    389770.0004    401684.9781    409693.2655    413716.9760    413716.9760    409693.2655    401684.9781    389770.0004    374064.2147    354720.3715    331926.6044    305904.6000    276907.4420    245217.1497    211141.9351    175013.2055    137182.3401     98017.2726     57898.9131
          0.4820         1.2523     57898.9131     98017.2726    137182.3401    175013.2055    211141.9351    245217.1497    276907.4420    305904.6000    331926.6044    354720.3715    374064.2147    389770.0004    401684.9781    409693.2655    413716.9760    413716.9760    409693.2655    401684.9781    389770.0004    374064.2147    354720.3715    331926.6044    305904.6000    276907.4420    245217.1497    211141.9351    175013.2055    137182.3401     98017.2726     57898.9131
          0.7230         1.2523     57898.9131     98017.2726    137182.3401    175013.2055    211141.9351    245217.1497    276907.4420    305904.6000    331926.6044    354720.3715    374064.2147    389770.0004    401684.9781    409693.2655    413716.9760    413716.9760    409693.2655    401684.9781    389770.0004    374064.2147    354720.3715    331926.6044    305904.6000    276907.4420    245217.1497    211141.9351    175013.2055    137182.3401     98017.2726     57898.9131
          0.9640         1.2523     52295.7925     88531.7301    123906.6298    158076.4437    190708.8446    221486.4578    250109.9476    276300.9291    299804.6750    320392.5936    337864.4520    352050.3230    362812.2383    370045.5301    373679.8493    373679.8493    370045.5301    362812.2383    352050.3230    337864.4520    320392.5936    299804.6750    276300.9291    250109.9476    221486.4578    190708.8446    158076.4437    123906.6298     88531.7301     52295.7925
         -1.0845         1.0436     52295.7925     88531.7301    123906.6298    158076.4437    190708.8446    221486.4578    250109.9476    276300.9291    299804.6750    320392.5936    337864.4520    352050.3230    362812.2383    370045.5301    373679.8493    373679.8493    370045.5301    362812.2383    352050.3230    337864.4520    320392.5936    299804.6750    276300.9291    250109.9476    221486.4578    190708.8446    158076.4437    123906.6298     88531.7301     52295.7925
         -0.8435         1.0436     57898.9131     98017.2726    137182.3401    175013.2055    211141.9351    245217.1497    276907.4420    305904.6000    331926.6044    354720.3715    374064.2147    389770.0004    401684.9781    409693.2655    413716.9760    413716.9760    409693.2655    401684.9781    389770.0004    374064.2147    354720.3715    331926.6044    305904.6000    276907.4420    245217.1497    211141.9351    175013.2055    137182.3401     98017.2726     57898.9131
         -0.6025         1.0436     62256.8958    105394.9168    147507.8926    188186.2425    227034.3388    263674.3545    297749.9377    328929.6775    356910.3273    381419.7543    402219.5857    419107.5273    431919.3313    440530.3930    444856.9635    444856.9635    440530.3930    431919.3313    419107.5273    402219.5857    381419.7543    356910.3273    328929.6775    297749.9377    263674.3545    227034.3388    188186.2425    147507.8926    105394.9168     62256.8958
         -0.3615         1.0436     62256.8958    105394.9168    147507.8926    188186.2425    227034.3388    263674.3545    297749.9377    328929.6775    356910.3273    381419.7543    402219.5857    419107.5273    431919.3313    440530.3930    444856.9635    444856.9635    440530.3930    431919.3313    419107.5273    402219.5857    381419.7543    356910.3273    328929.6775    297749.9377    263674.3545    227034.3388    188186.2425    147507.8926    105394.9168     62256.8958
         -0.1205         1.0436     62256.8958    105394.9168    147507.8926    188186.2425    227034.3388    263674.3545    297749.9377    328929.6775    356910.3273    381419.7543    402219.5857    419107.5273    431919.3313    440530.3930    444856.9635    444856.9635    440530.3930    431919.3313    419107.5273    402219.5857    381419.7543    356910.3273    328929.6775    297749.9377    263674.3545    227034.3388    188186.2425    147507.8926    105394.9168     62256.8958
          0.1205         1.0436     62256.8958    105394.9168    147507.8926    188186.2425    227034.3388    263674.3545    297749.9377    328929.6775    356910.3273    381419.7543    402219.5857    419107.5273    431919.3313    440530.3930    444856.9635    444856.9635    440530.3930    431919.3313    419107.5273    402219.5857    381419.7543    356910.3273    328929.6775    297749.9377    263674.3545    227034.3388    188186.2425    147507.8926    105394.9168     62256.8958
          0.3615         1.0436     62256.8958    105394.9168    147507.8926    188186.2425    227034.3388    263674.3545    297749.9377    328929.6775    356910.3273    381419.7543    402219.5857    419107.5273    431919.3313    440530.3930    444856.9635    444856.9635    440530.3930    431919.3313    419107.5273    402219.5857    381419.7543    356910.3273    328929.6775    297749.9377    263674.3545    227034.3388    188186.2425    147507.8926    105394.9168     62256.8958
          0.6025         1.0436     62256.8958    105394.9168    147507.8926    188186.2425    227034.3388    263674.3545    297749.9377    328929.6775    356910.3273    381419.7543    402219.5857    419107.5273    431919.3313    440530.3930    444856.9635    444856.9635    440530.3930    431919.3313    419107.5273    402219.5857    381419.7543    356910.3273    328929.6775    297749.9377    263674.3545    227034.3388    188186.2425    147507.8926    105394.9168     62256.8958
          0.8435         1.0436     57898.9131     98017.2726    137182.3401    175013.2055    211141.9351    245217.1497    276907.4420    305904.6000    331926.6044    354720.3715    374064.2147    389770.0004    401684.9781    409693.2655    413716.9760    413716.9760    409693.2655    401684.9781    389770.0004    374064.2147    354720.3715    331926.6044    305904.6000    276907.4420    245217.1497    211141.9351    175013.2055    137182.3401     98017.2726     57898.9131
          1.0845         1.0436     52295.7925     88531.7301    123906.6298    158076.4437    190708.8446    221486.4578    250109.9476    276300.9291    299804.6750    320392.5936    337864.4520    352050.3230    362812.2383    370045.5301    373679.8493    373679.8493    370045.5301    362812.2383    352050.3230    337864.4520    320392.5936    299804.6750    276300.9291    250109.9476    221486.4578    190708.8446    158076.4437    123906.6298     88531.7301     52295.7925
         -1.2050         0.8348     52295.7925     88531.7301    123906.6298    158076.4437    190708.8446    221486.4578    250109.9476    276300.9291    299804.6750    320392.5936    337864.4520    352050.3230    362812.2383    370045.5301    373679.8493    373679.8493    370045.5301    362812.2383    352050.3230    337864.4520    320392.5936    299804.6750    276300.9291    250109.9476    221486.4578    190708.8446    158076.4437    123906.6298     88531.7301     52295.7925
         -0.9640         0.8348     57898.9131     98017.2726    137182.3401    175013.2055    211141.9351    245217.1497    276907.4420    305904.6000    331926.6044    354720.3715    374064.2147    389770.0004    401684.9781    409693.2655    413716.9760    413716.9760    409693.2655    401684.9781    389770.0004    374064.2147    354720.3715    331926.6044    305904.6000    276907.4420    245217.1497    211141.9351    175013.2055    137182.3401     98017.2726     57898.9131
         -0.7230         0.8348     62256.8958    105394.9168    147507.8926    188186.2425    227034.3388    263674.3545    297749.9377    328929.6775    356910.3273    381419.7543    402219.5857    419107.5273    431919.3313    440530.3930    444856.9635    444856.9635    440530.3930    431919.3313    419107.5273    402219.5857    381419.7543    356910.3273    328929.6775    297749.9377    263674.3545    227034.3388    188186.2425    147507.8926    105394.9168     62256.8958
         -0.4820         0.8348     67237.4475    113826.5102    159308.5240    203241.1419    245197.0859    284768.3029    321569.9327    355244.0517    385463.1535    411933.3347    434397.1525    452636.1295    466472.8778    475772.8244    480445.5205    480445.5205    475772.8244    466472.8778    452636.1295    434397.1525    411933.3347    385463.1535    355244.0517    321569.9327    284768.3029    245197.0859    203241.1419    159308.5240    113826.5102     67237.4475
         -0.2410         0.8348     67237.4475    113826.5102    159308.5240    203241.1419    245197.0859    284768.3029    321569.9327    355244.0517    385463.1535    411933.3347    434397.1525    452636.1295    466472.8778    475772.8244    480445.5205    480445.5205    475772.8244    466472.8778    452636.1295    434397.1525    411933.3347    385463.1535    355244.0517    321569.9327    284768.3029    245197.0859    203241.1419    159308.5240    113826.5102     67237.4475
          0.0000         0.8348     67237.4475    113826.5102    159308.5240    203241.1419    245197.0859    284768.3029    321569.9327    355244.0517    385463.1535    411933.3347    434397.1525    452636.1295    466472.8778    475772.8244    480445.5205    480445.5205    475772.8244    466472.8778    452636.1295    434397.1525    411933.3347    385463.1535    355244.0517    321569.9327    284768.3029    245197.0859    203241.1419    159308.5240    113826.5102     67237.4475
          0.2410         0.8348     67237.4475    113826.5102    159308.5240    203241.1419    245197.0859    284768.3029    321569.9327    355244.0517    385463.1535    411933.3347    434397.1525    452636.1295    466472.8778    475772.8244    480445.5205    480445.5205    475772.8244    466472.8778    452636.1295    434397.1525    411933.3347    385463.1535    355244.0517    321569.9327    284768.3029    245197.0859    203241.1419    159308.5240    113826.5102     67237.4475
          0.4820         0.8348     67237.4475    113826.5102    159308.5240    203241.1419    245197.0859    284768.3029    321569.9327    355244.0517    385463.1535    411933.3347    434397.1525    452636.1295    466472.8778    475772.8244    480445.5205    480445.5205    475772.8244    466472.8778    452636.1295    434397.1525    411933.3347    385463.1535    355244.0517    321569.9327    284768.3029    245197.0859    203241.1419    159308.5240    113826.5102     67237.4475
          0.7230         0.8348     62256.8958    105394.9168    147507.8926    188186.2425    227034.3388    263674.3545    297749.9377    328929.6775    356910.3273    381419.7543    402219.5857    419107.5273    431919.3313    440530.3930    444856.9635    444856.9635    440530.3930    431919.3313    419107.5273    402219.5857    381419.7543    356910.3273    328929.6775    297749.9377    263674.3545    227034.3388    188186.2425    147507.8926    105394.9168     62256.8958
          0.9640         0.8348     57898.9131     98017.2726    137182.3401    175013.2055    211141.9351    245217.1497    276907.4420    305904.6000    331926.6044    354720.3715    374064.2147    389770.0004    401684.9781    409693.2655    413716.9760    413716.9760    409693.2655    401684.9781    389770.0004    374064.2147    354720.3715    331926.6044    305904.6000    276907.4420    245217.1497    211141.9351    175013.2055    137182.3401     98017.2726     57898.9131
          1.2050         0.8348     52295.7925     88531.7301    123906.6298    158076.4437    190708.8446    221486.4578    250109.9476    276300.9291    299804.6750    320392.5936    337864.4520    352050.3230    362812.2383    370045.5301    373679.8493    373679.8493    370045.5301    362812.2383    352050.3230    337864.4520    320392.5936    299804.6750    276300.9291    250109.9476    221486.4578    190708.8446    158076.4437    123906.6298     88531.7301     52295.7925
         -1.3255         0.6261     52295.7925     88531.7301    123906.6298    158076.4437    190708.8446    221486.4578    250109.9476    276300.9291    299804.6750    320392.5936    337864.4520    352050.3230    362812.2383    370045.5301    373679.8493    373679.8493    370045.5301    362812.2383    352050.3230    337864.4520    320392.5936    299804.6750    276300.9291    250109.9476    221486.4578    190708.8446    158076.4437    123906.6298     88531.7301     52295.7925
         -1.0845         0.6261     57898.9131     98017.2726    137182.3401    175013.2055    211141.9351    245217.1497    276907.4420    305904.6000    331926.6044    354720.3715    374064.2147    389770.0004    401684.9781    409693.2655    413716.9760    413716.9760    409693.2655    401684.9781    389770.0004    374064.2147    354720.3715    331926.6044    305904.6000    276907.4420    245217.1497    211141.9351    175013.2055    137182.3401     98017.2726     57898.9131
         -0.8435         0.6261     62256.8958    105394.9168    147507.8926    188186.2425    227034.3388    263674.3545    297749.9377    328929.6775    356910.3273    381419.7543    402219.5857    419107.5273    431919.3313    440530.3930    444856.9635    444856.9635    440530.3930    431919.3313    419107.5273    402219.5857    381419.7543    356910.3273    328929.6775    297749.9377    263674.3545    227034.3388    188186.2425    147507.8926    105394.9168     62256.8958
         -0.6025         0.6261     67237.4475    113826.5102    159308.5240    203241.1419    245197.0859    284768.3029    321569.9327    355244.0517    385463.1535    411933.3347    434397.1525    452636.1295    466472.8778    475772.8244    480445.5205    480445.5205    475772.8244    466472.8778    452636.1295    434397.1525    411933.3347    385463.1535    355244.0517    321569.9327    284768.3029    245197.0859    203241.1419    159308.5240    113826.5102     67237.4475
         -0.3615         0.6261     70972.8612    120150.2052    168158.9975    214532.3164    258819.1463    300588.7642    339434.9289    374979.8323    406877.7732    434818.5199    458530.3277    477782.5812    492388.0376    502204.6480    507136.9384    507136.9384    502204.6480    492388.0376    477782.5812    458530.3277    434818.5199    406877.7732    374979.8323    339434.9289    300588.7642    258819.1463    214532.3164    168158.9975    120150.2052     70972.8612
         -0.1205         0.6261     70972.8612    120150.2052    168158.9975    214532.3164    258819.1463    300588.7642    339434.9289    374979.8323    406877.7732    434818.5199    458530.3277    477782.5812    492388.0376    502204.6480    507136.9384    507136.9384    502204.6480    492388.0376    477782.5812    458530.3277    434818.5199    406877.7732    374979.8323    339434.9289    300588.7642    258819.1463    214532.3164    168158.9975    120150.2052     70972.8612
          0.1205         0.6261     70972.8612    120150.2052    168158.9975    214532.3164    258819.1463    300588.7642    339434.9289    374979.8323    406877.7732    434818.5199    458530.3277    477782.5812    492388.0376    502204.6480    507136.9384    507136.9384    502204.6480    492388.0376    477782.5812    458530.3277    434818.5199    406877.7732    374979.8323    339434.9289    300588.7642    258819.1463    214532.3164    168158.9975    120150.2052     70972.8612
          0.3615         0.6261     70972.8612    120150.2052    168158.9975    214532.3164    258819.1463    300588.7642    339434.9289    374979.8323    406877.7732    434818.5199    458530.3277    477782.5812    492388.0376    502204.6480    507136.9384    507136.9384    502204.6480    492388.0376    477782.5812    458530.3277    434818.5199    406877.7732    374979.8323    339434.9289    300588.7642    258819.1463    214532.3164    168158.9975    120150.2052     70972.8612
          0.6025         0.6261     67237.4475    113826.5102    159308.5240    203241.1419    245197.0859    284768.3029    321569.9327    355244.0517    385463.1535    411933.3347    434397.1525    452636.1295    466472.8778    475772.8244    480445.5205    480445.5205    475772.8244    466472.8778    452636.1295    434397.1525    411933.3347    385463.1535    355244.0517    321569.9327    284768.3029    245197.0859    203241.1419    159308.5240    113826.5102     67237.4475
          0.8435         0.6261     62256.8958    105394.9168    147507.8926    188186.2425    227034.3388    263674.3545    297749.9377    328929.6775    356910.3273    381419.7543    402219.5857    419107.5273    431919.3313    440530.3930    444856.9635    444856.9635    440530.3930    431919.3313    419107.5273    402219.5857    381419.7543    356910.3273    328929.6775    297749.9377    263674.3545    227034.3388    188186.2425    147507.8926    105394.9168     62256.8958
          1.0845         0.6261     57898.9131     98017.2726    137182.3401    175013.2055    211141.9351    245217.1497    276907.4420    305904.6000    331926.6044    354720.3715    374064.2147    389770.0004    401684.9781    409693.2655    413716.9760    413716.9760    409693.2655    401684.9781    389770.0004    374064.2147    354720.3715    331926.6044    305904.6000    276907.4420    245217.1497    211141.9351    175013.2055    137182.3401     98017.2726     57898.9131
          1.3255         0.6261     52295.7925     88531.7301    123906.6298    158076.4437    190708.8446    221486.4578    250109.9476    276300.9291    299804.6750    320392.5936    337864.4520    352050.3230    362812.2383    370045.5301    373679.8493    373679.8493    370045.5301    362812.2383    352050.3230    337864.4520    320392.5936    299804.6750    276300.9291    250109.9476    221486.4578    190708.8446    158076.4437    123906.6298     88531.7301     52295.7925
         -1.4460         0.4174     52295.7925     88531.7301    123906.6298    158076.4437    190708.8446    221486.4578    250109.9476    276300.9291    299804.6750    320392.5936    337864.4520    352050.3230    362812.2383    370045.5301    373679.8493    373679.8493    370045.5301    362812.2383    352050.3230    337864.4520    320392.5936    299804.6750    276300.9291    250109.9476    221486.4578    190708.8446    158076.4437    123906.6298     88531.7301     52295.7925
         -1.2050         0.4174     57898.9131     98017.2726    137182.3401    175013.2055    211141.9351    245217.1497    276907.4420    305904.6000    331926.6044    354720.3715    374064.2147    389770.0004    401684.9781    409693.2655    413716.9760    413716.9760    409693.2655    401684.9781    389770.0004    374064.2147    354720.3715    331926.6044    305904.6000    276907.4420    245217.1497    211141.9351    175013.2055    137182.3401     98017.2726     57898.9131
         -0.9640         0.4174     62256.8958    105394.9168    147507.8926    188186.2425    227034.3388    263674.3545    297749.9377    328929.6775    356910.3273    381419.7543    402219.5857    419107.5273    431919.3313    440530.3930    444856.9635    444856.9635    440530.3930    431919.3313    419107.5273    402219.5857    381419.7543    356910.3273    328929.6775    297749.9377    263674.3545    227034.3388    188186.2425    147507.8926    105394.9168     62256.8958
         -0.7230         0.4174     67237.4475    113826.5102    159308.5240    203241.1419    245197.0859    284768.3029    321569.9327    355244.0517    385463.1535    411933.3347    434397.1525    452636.1295    466472.8778    475772.8244    480445.5205    480445.5205    475772.8244    466472.8778    452636.1295    434397.1525    411933.3347    385463.1535    355244.0517    321569.9327    284768.3029    245197.0859    203241.1419    159308.5240    113826.5102     67237.4475
         -0.4820         0.4174     70972.8612    120150.2052    168158.9975    214532.3164    258819.1463    300588.7642    339434.9289    374979.8323    406877.7732    434818.5199    458530.3277    477782.5812    492388.0376    502204.6480    507136.9384    507136.9384    502204.6480    492388.0376    477782.5812    458530.3277    434818.5199    406877.7732    374979.8323    339434.9289    300588.7642    258819.1463    214532.3164    168158.9975    120150.2052     70972.8612
         -0.2410         0.4174     74085.7060    125419.9510    175534.3922    223941.6285    270170.8632    313772.4819    354322.4258    391426.3162    424723.2895    453889.5076    478641.3069    498737.9575    513984.0042    524231.1677    529379.7865    529379.7865    524231.1677    513984.0042    498737.9575    478641.3069    453889.5076    424723.2895    391426.3162    354322.4258    313772.4819    270170.8632    223941.6285    175534.3922    125419.9510     74085.7060
          0.0000         0.4174     74085.7060    125419.9510    175534.3922    223941.6285    270170.8632    313772.4819    354322.4258    391426.3162    424723.2895    453889.5076    478641.3069    498737.9575    513984.0042    524231.1677    529379.7865    529379.7865    524231.1677    513984.0042    498737.9575    478641.3069    453889.5076    424723.2895    391426.3162    354322.4258    313772.4819    270170.8632    223941.6285    175534.3922    125419.9510     74085.7060
          0.2410         0.4174     74085.7060    125419.9510    175534.3922    223941.6285    270170.8632    313772.4819    354322.4258    391426.3162    424723.2895    453889.5076    478641.3069    498737.9575    513984.0042    524231.1677    529379.7865    529379.7865    524231.1677    513984.0042    498737.9575    478641.3069    453889.5076    424723.2895    391426.3162    354322.4258    313772.4819    270170.8632    223941.6285    175534.3922    125419.9510     74085.7060
          0.4820         0.4174     70972.8612    120150.2052    168158.9975    214532.3164    258819.1463    300588.7642    339434.9289    374979.8323    406877.7732    434818.5199    458530.3277    477782.5812    492388.0376    502204.6480    507136.9384    507136.9384    502204.6480    492388.0376    477782.5812    458530.3277    434818.5199    406877.7732    374979.8323    339434.9289    300588.7642    258819.1463    214532.3164    168158.9975    120150.2052     70972.8612
          0.7230         0.4174     67237.4475    113826.5102    159308.5240    203241.1419    245197.0859    284768.3029    321569.9327    355244.0517    385463.1535    411933.3347    434397.1525    452636.1295    466472.8778    475772.8244    480445.5205    480445.5205    475772.8244    466472.8778    452636.1295    434397.1525    411933.3347    385463.1535    355244.0517    321569.9327    284768.3029    245197.0859    203241.1419    159308.5240    113826.5102     67237.4475
          0.9640         0.4174     62256.8958    105394.9168    147507.8926    188186.2425    227034.3388    263674.3545    297749.9377    328929.6775    356910.3273    381419.7543    402219.5857    419107.5273    431919.3313    440530.3930    444856.9635    444856.9635    440530.3930    431919.3313    419107.5273    402219.5857    381419.7543    356910.3273    328929.6775    297749.9377    263674.3545    227034.3388    188186.2425    147507.8926    105394.9168     62256.8958
          1.2050         0.4174     57898.9131     98017.2726    137182.3401    175013.2055    211141.9351    245217.1497    276907.4420    305904.6000    331926.6044    354720.3715    374064.2147    389770.0004    401684.9781    409693.2655    413716.9760    413716.9760    409693.2655    401684.9781    389770.0004    374064.2147    354720.3715    331926.6044    305904.6000    276907.4420    245217.1497    211141.9351    175013.2055    137182.3401     98017.2726     57898.9131
          1.4460         0.4174     52295.7925     88531.7301    123906.6298    158076.4437    190708.8446    221486.4578    250109.9476    276300.9291    299804.6750    320392.5936    337864.4520    352050.3230    362812.2383    370045.5301    373679.8493    373679.8493    370045.5301    362812.2383    352050.3230    337864.4520    320392.5936    299804.6750    276300.9291    250109.9476    221486.4578    190708.8446    158076.4437    123906.6298     88531.7301     52295.7925
         -1.5665         0.2087     52295.7925     88531.7301    123906.6298    158076.4437    190708.8446    221486.4578    250109.9476    276300.9291    299804.6750    320392.5936    337864.4520    352050.3230    362812.2383    370045.5301    373679.8493    373679.8493    370045.5301    362812.2383    352050.3230    337864.4520    320392.5936    299804.6750    276300.9291    250109.9476    221486.4578    190708.8446    158076.4437    123906.6298     88531.7301     52295.7925
         -1.3255         0.2087     57898.9131     98017.2726    137182.3401    175013.2055    211141.9351    245217.1497    276907.4420    305904.6000    331926.6044    354720.3715    374064.2147    389770.0004    401684.9781    409693.2655    413716.9760    413716.9760    409693.2655    401684.9781    389770.0004    374064.2147    354720.3715    331926.6044    305904.6000    276907.4420    245217.1497    211141.9351    175013.2055    137182.3401     98017.2726     57898.9131
         -1.0845         0.2087     62256.8958    105394.9168    147507.8926    188186.2425    227034.3388    263674.3545    297749.9377    328929.6775    356910.3273    381419.7543    402219.5857    419107.5273    431919.3313    440530.3930    444856.9635    444856.9635    440530.3930    431919.3313    419107.5273    402219.5857    381419.7543    356910.3273    328929.6775    297749.9377    263674.3545    227034.3388    188186.2425    147507.8926    105394.9168     62256.8958
         -0.8435         0.2087     67237.4475    113826.5102    159308.5240    203241.1419    245197.0859    284768.3029    321569.9327    355244.0517    385463.1535    411933.3347    434397.1525    452636.1295    466472.8778    475772.8244    480445.5205    480445.5205    475772.8244    466472.8778    452636.1295    434397.1525    411933.3347    385463.1535    355244.0517    321569.9327    284768.3029    245197.0859    203241.1419    159308.5240    113826.5102     67237.4475
         -0.6025         0.2087     70972.8612    120150.2052    168158.9975    214532.3164    258819.1463    300588.7642    339434.9289    374979.8323    406877.7732    434818.5199    458530.3277    477782.5812    492388.0376    502204.6480    507136.9384    507136.9384    502204.6480    492388.0376    477782.5812    458530.3277    434818.5199    406877.7732    374979.8323    339434.9289    300588.7642    258819.1463    214532.3164    168158.9975    120150.2052     70972.8612
         -0.3615         0.2087     74085.7060    125419.9510    175534.3922    223941.6285    270170.8632    313772.4819    354322.4258    391426.3162    424723.2895    453889.5076    478641.3069    498737.9575    513984.0042    524231.1677    529379.7865    529379.7865    524231.1677    513984.0042    498737.9575    478641.3069    453889.5076    424723.2895    391426.3162    354322.4258    313772.4819    270170.8632    223941.6285    175534.3922    125419.9510     74085.7060
         -0.1205         0.2087     75953.4129    128581.7985    179959.6289    229587.2158    276981.8934    321682.7125    363254.9240    401294.2065    435430.5993    465332.1003    490707.8945    511311.1833    526941.5841    537447.0795    542725.4954    542725.4954    537447.0795    526941.5841    511311.1833    490707.8945    465332.1003    435430.5993    401294.2065    363254.9240    321682.7125    276981.8934    229587.2158    179959.6289    128581.7985     75953.4129
          0.1205         0.2087     75953.4129    128581.7985    179959.6289    229587.2158    276981.8934    321682.7125    363254.9240    401294.2065    435430.5993    465332.1003    490707.8945    511311.1833    526941.5841    537447.0795    542725.4954    542725.4954    537447.0795    526941.5841    511311.1833    490707.8945    465332.1003    435430.5993    401294.2065    363254.9240    321682.7125    276981.8934    229587.2158    179959.6289    128581.7985     75953.4129
          0.3615         0.2087     74085.7060    125419.9510    175534.3922    223941.6285    270170.8632    313772.4819    354322.4258    391426.3162    424723.2895    453889.5076    478641.3069    498737.9575    513984.0042    524231.1677    529379.7865    529379.7865    524231.1677    513984.0042    498737.9575    478641.3069    453889.5076    424723.2895    391426.3162    354322.4258    313772.4819    270170.8632    223941.6285    175534.3922    125419.9510     74085.7060
          0.6025         0.2087     70972.8612    120150.2052    168158.9975    214532.3164    258819.1463    300588.7642    339434.9289    374979.8323    406877.7732    434818.5199    458530.3277    477782.5812    492388.0376    502204.6480    507136.9384    507136.9384    502204.6480    492388.0376    477782.5812    458530.3277    434818.5199    406877.7732    374979.8323    339434.9289    300588.7642    258819.1463    214532.3164    168158.9975    120150.2052     70972.8612
          0.8435         0.2087     67237.4475    113826.5102    159308.5240    203241.1419    245197.0859    284768.3029    321569.9327    355244.0517    385463.1535    411933.3347    434397.1525    452636.1295    466472.8778    475772.8244    480445.5205    480445.5205    475772.8244    466472.8778    452636.1295    434397.1525    411933.3347    385463.1535    355244.0517    321569.9327    284768.3029    245197.0859    203241.1419    159308.5240    113826.5102     67237.4475
          1.0845         0.2087     62256.8958    105394.9168    147507.8926    188186.2425    227034.3388    263674.3545    297749.9377    328929.6775    356910.3273    381419.7543    402219.5857    419107.5273    431919.3313    440530.3930    444856.9635    444856.9635    440530.3930    431919.3313    419107.5273    402219.5857    381419.7543    356910.3273    328929.6775    297749.9377    263674.3545    227034.3388    188186.2425    147507.8926    105394.9168     62256.8958
          1.3255         0.2087     57898.9131     98017.2726    137182.3401    175013.2055    211141.9351    245217.1497    276907.4420    305904.6000    331926.6044    354720.3715    374064.2147    389770.0004    401684.9781    409693.2655    413716.9760    413716.9760    409693.2655    401684.9781    389770.0004    374064.2147    354720.3715    331926.6044    305904.6000    276907.4420    245217.1497    211141.9351    175013.2055    137182.3401     98017.2726     57898.9131
          1.5665         0.2087     52295.7925     88531.7301    123906.6298    158076.4437    190708.8446    221486.4578    250109.9476    276300.9291    299804.6750    320392.5936    337864.4520    352050.3230    362812.2383    370045.5301    373679.8493    373679.8493    370045.5301    362812.2383    352050.3230    337864.4520    320392.5936    299804.6750    276300.9291    250109.9476    221486.4578    190708.8446    158076.4437    123906.6298     88531.7301     52295.7925
         -1.4460         0.0000     57898.9131     98017.2726    137182.3401    175013.2055    211141.9351    245217.1497    276907.4420    305904.6000    331926.6044    354720.3715    374064.2147    389770.0004    401684.9781    409693.2655    413716.9760    413716.9760    409693.2655    401684.9781    389770.0004    374064.2147    354720.3715    331926.6044    305904.6000    276907.4420    245217.1497    211141.9351    175013.2055    137182.3401     98017.2726     57898.9131
         -1.2050         0.0000     62256.8958    105394.9168    147507.8926    188186.2425    227034.3388    263674.3545    297749.9377    328929.6775    356910.3273    381419.7543    402219.5857    419107.5273    431919.3313    440530.3930    444856.9635    444856.9635    440530.3930    431919.3313    419107.5273    402219.5857    381419.7543    356910.3273    328929.6775    297749.9377    263674.3545    227034.3388    188186.2425    147507.8926    105394.9168     62256.8958
         -0.9640         0.0000     67237.4475    113826.5102    159308.5240    203241.1419    245197.0859    284768.3029    321569.9327    355244.0517    385463.1535    411933.3347    434397.1525    452636.1295    466472.8778    475772.8244    480445.5205    480445.5205    475772.8244    466472.8778    452636.1295    434397.1525    411933.3347    385463.1535    355244.0517    321569.9327    284768.3029    245197.0859    203241.1419    159308.5240    113826.5102     67237.4475
         -0.7230         0.0000     70972.8612    120150.2052    168158.9975    214532.3164    258819.1463    300588.7642    339434.9289    374979.8323    406877.7732    434818.5199    458530.3277    477782.5812    492388.0376    502204.6480    507136.9384    507136.9384    502204.6480    492388.0376    477782.5812    458530.3277    434818.5199    406877.7732    374979.8323    339434.9289    300588.7642    258819.1463    214532.3164    168158.9975    120150.2052     70972.8612
         -0.4820         0.0000     74085.7060    125419.9510    175534.3922    223941.6285    270170.8632    313772.4819    354322.4258    391426.3162    424723.2895    453889.5076    478641.3069    498737.9575    513984.0042    524231.1677    529379.7865    529379.7865    524231.1677    513984.0042    498737.9575    478641.3069    453889.5076    424723.2895    391426.3162    354322.4258    313772.4819    270170.8632    223941.6285    175534.3922    125419.9510     74085.7060
         -0.2410         0.0000     75953.4129    128581.7985    179959.6289    229587.2158    276981.8934    321682.7125    363254.9240    401294.2065    435430.5993    465332.1003    490707.8945    511311.1833    526941.5841    537447.0795    542725.4954    542725.4954    537447.0795    526941.5841    511311.1833    490707.8945    465332.1003    435430.5993    401294.2065    363254.9240    321682.7125    276981.8934    229587.2158    179959.6289    128581.7985     75953.4129
          0.0000         0.0000     77198.5508    130689.6969    182909.7868    233350.9407    281522.5802    326956.1996    369209.9227    407872.8000    442568.8059    472960.4953    498752.2862    519693.3339    535579.9708    546257.6873    551622.6347    551622.6347    546257.6873    535579.9708    519693.3339    498752.2862    472960.4953    442568.8059    407872.8000    369209.9227    326956.1996    281522.5802    233350.9407    182909.7868    130689.6969     77198.5508
          0.2410         0.0000     75953.4129    128581.7985    179959.6289    229587.2158    276981.8934    321682.7125    363254.9240    401294.2065    435430.5993    465332.1003    490707.8945    511311.1833    526941.5841    537447.0795    542725.4954    542725.4954    537447.0795    526941.5841    511311.1833    490707.8945    465332.1003    435430.5993    401294.2065    363254.9240    321682.7125    276981.8934    229587.2158    179959.6289    128581.7985     75953.4129
          0.4820         0.0000     74085.7060    125419.9510    175534.3922    223941.6285    270170.8632    313772.4819    354322.4258    391426.3162    424723.2895    453889.5076    478641.3069    498737.9575    513984.0042    524231.1677    529379.7865    529379.7865    524231.1677    513984.0042    498737.9575    478641.3069    453889.5076    424723.2895    391426.3162    354322.4258    313772.4819    270170.8632    223941.6285    175534.3922    125419.9510     74085.7060
          0.7230         0.0000     70972.8612    120150.2052    168158.9975    214532.3164    258819.1463    300588.7642    339434.9289    374979.8323    406877.7732    434818.5199    458530.3277    477782.5812    492388.0376    502204.6480    507136.9384    507136.9384    502204.6480    492388.0376    477782.5812    458530.3277    434818.5199    406877.7732    374979.8323    339434.9289    300588.7642    258819.1463    214532.3164    168158.9975    120150.2052     70972.8612
          0.9640         0.0000     67237.4475    113826.5102    159308.5240    203241.1419    245197.0859    284768.3029    321569.9327    355244.0517    385463.1535    411933.3347    434397.1525    452636.1295    466472.8778    475772.8244    480445.5205    480445.5205    475772.8244    466472.8778    452636.1295    434397.1525    411933.3347    385463.1535    355244.0517    321569.9327    284768.3029    245197.0859    203241.1419    159308.5240    113826.5102     67237.4475
          1.2050         0.0000     62256.8958    105394.9168    147507.8926    188186.2425    227034.3388    263674.3545    297749.9377    328929.6775    356910.3273    381419.7543    402219.5857    419107.5273    431919.3313    440530.3930    444856.9635    444856.9635    440530.3930    431919.3313    419107.5273    402219.5857    381419.7543    356910.3273    328929.6775    297749.9377    263674.3545    227034.3388    188186.2425    147507.8926    105394.9168     62256.8958
          1.4460         0.0000     57898.9131     98017.2726    137182.3401    175013.2055    211141.9351    245217.1497    276907.4420    305904.6000    331926.6044    354720.3715    374064.2147    389770.0004    401684.9781    409693.2655    413716.9760    413716.9760    409693.2655    401684.9781    389770.0004    374064.2147    354720.3715    331926.6044    305904.6000    276907.4420    245217.1497    211141.9351    175013.2055    137182.3401     98017.2726     57898.9131
         -1.5665        -0.2087     52295.7925     88531.7301    123906.6298    158076.4437    190708.8446    221486.4578    250109.9476    276300.9291    299804.6750    320392.5936    337864.4520    352050.3230    362812.2383    370045.5301    373679.8493    373679.8493    370045.5301    362812.2383    352050.3230    337864.4520    320392.5936    299804.6750    276300.9291    250109.9476    221486.4578    190708.8446    158076.4437    123906.6298     88531.7301     52295.7925
         -1.3255        -0.2087     57898.9131     98017.2726    137182.3401    175013.2055    211141.9351    245217.1497    276907.4420    305904.6000    331926.6044    354720.3715    374064.2147    389770.0004    401684.9781    409693.2655    413716.9760    413716.9760    409693.2655    401684.9781    389770.0004    374064.2147    354720.3715    331926.6044    305904.6000    276907.4420    245217.1497    211141.9351    175013.2055    137182.3401     98017.2726     57898.9131
         -1.0845        -0.2087     62256.8958    105394.9168    147507.8926    188186.2425    227034.3388    263674.3545    297749.9377    328929.6775    356910.3273    381419.7543    402219.5857    419107.5273    431919.3313    440530.3930    444856.9635    444856.9635    440530.3930    431919.3313    419107.5273    402219.5857    381419.7543    356910.3273    328929.6775    297749.9377    263674.3545    227034.3388    188186.2425    147507.8926    105394.9168     62256.8958
         -0.8435        -0.2087     67237.4475    113826.5102    159308.5240    203241.1419    245197.0859    284768.3029    321569.9327    355244.0517    385463.1535    411933.3347    434397.1525    452636.1295    466472.8778    475772.8244    480445.5205    480445.5205    475772.8244    466472.8778    452636.1295    434397.1525    411933.3347    385463.1535    355244.0517    321569.9327    284768.3029    245197.0859    203241.1419    159308.5240    113826.5102     67237.4475
         -0.6025        -0.2087     70972.8612    120150.2052    168158.9975    214532.3164    258819.1463    300588.7642    339434.9289    374979.8323    406877.7732    434818.5199    458530.3277    477782.5812    492388.0376    502204.6480    507136.9384    507136.9384    502204.6480    492388.0376    477782.5812    458530.3277    434818.5199    406877.7732    374979.8323    339434.9289    300588.7642    258819.1463    214532.3164    168158.9975    120150.2052     70972.8612
         -0.3615        -0.2087     74085.7060    125419.9510    175534.3922    223941.6285    270170.8632    313772.4819    354322.4258    391426.3162    424723.2895    453889.5076    478641.3069    498737.9575    513984.0042    524231.1677    529379.7865    529379.7865    524231.1677    513984.0042    498737.9575    478641.3069    453889.5076    424723.2895    391426.3162    354322.4258    313772.4819    270170.8632    223941.6285    175534.3922    125419.9510     74085.7060
         -0.1205        -0.2087     75953.4129    128581.7985    179959.6289    229587.2158    276981.8934    321682.7125    363254.9240    401294.2065    435430.5993    465332.1003    490707.8945    511311.1833    526941.5841    537447.0795    542725.4954    542725.4954    537447.0795    526941.5841    511311.1833    490707.8945    465332.1003    435430.5993    401294.2065    363254.9240    321682.7125    276981.8934    229587.2158    179959.6289    128581.7985     75953.4129
          0.1205        -0.2087     75953.4129    128581.7985    179959.6289    229587.2158    276981.8934    321682.7125    363254.9240    401294.2065    435430.5993    465332.1003    490707.8945    511311.1833    526941.5841    537447.0795    542725.4954    542725.4954    537447.0795    526941.5841    511311.1833    490707.8945    465332.1003    435430.5993    401294.2065    363254.9240    321682.7125    276981.8934    229587.2158    179959.6289    128581.7985     75953.4129
          0.3615        -0.2087     74085.7060    125419.9510    175534.3922    223941.6285    270170.8632    313772.4819    354322.4258    391426.3162    424723.2895    453889.5076    478641.3069    498737.9575    513984.0042    524231.1677    529379.7865    529379.7865    524231.1677    513984.0042    498737.9575    478641.3069    453889.5076    424723.2895    391426.3162    354322.4258    313772.4819    270170.8632    223941.6285    175534.3922    125419.9510     74085.7060
          0.6025        -0.2087     70972.8612    120150.2052    168158.9975    214532.3164    258819.1463    300588.7642    339434.9289    374979.8323    406877.7732    434818.5199    458530.3277    477782.5812    492388.0376    502204.6480    507136.9384    507136.9384    502204.6480    492388.0376    477782.5812    458530.3277    434818.5199    406877.7732    374979.8323    339434.9289    300588.7642    258819.1463    214532.3164    168158.9975    120150.2052     70972.8612
          0.8435        -0.2087     67237.4475    113826.5102    159308.5240    203241.1419    245197.0859    284768.3029    321569.9327    355244.0517    385463.1535    411933.3347    434397.1525    452636.1295    466472.8778    475772.8244    480445.5205    480445.5205    475772.8244    466472.8778    452636.1295    434397.1525    411933.3347    385463.1535    355244.0517    321569.9327    284768.3029    245197.0859    203241.1419    159308.5240    113826.5102     67237.4475
          1.0845        -0.2087     62256.8958    105394.9168    147507.8926    188186.2425    227034.3388    263674.3545    297749.9377    328929.6775    356910.3273    381419.7543    402219.5857    419107.5273    431919.3313    440530.3930    444856.9635    444856.9635    440530.3930    431919.3313    419107.5273    402219.5857    381419.7543    356910.3273    328929.6775    297749.9377    263674.3545    227034.3388    188186.2425    147507.8926    105394.9168     62256.8958
          1.3255        -0.2087     57898.9131     98017.2726    137182.3401    175013.2055    211141.9351    245217.1497    276907.4420    305904.6000    331926.6044    354720.3715    374064.2147    389770.0004    401684.9781    409693.2655    413716.9760    413716.9760    409693.2655    401684.9781    389770.0004    374064.2147    354720.3715    331926.6044    305904.6000    276907.4420    245217.1497    211141.9351    175013.2055    137182.3401     98017.2726     57898.9131
          1.5665        -0.2087     52295.7925     88531.7301    123906.6298    158076.4437    190708.8446    221486.4578    250109.9476    276300.9291    299804.6750    320392.5936    337864.4520    352050.3230    362812.2383    370045.5301    373679.8493    373679.8493    370045.5301    362812.2383    352050.3230    337864.4520    320392.5936    299804.6750    276300.9291    250109.9476    221486.4578    190708.8446    158076.4437    123906.6298     88531.7301     52295.7925
         -1.4460        -0.4174     52295.7925     88531.7301    123906.6298    158076.4437    190708.8446    221486.4578    250109.9476    276300.9291    299804.6750    320392.5936    337864.4520    352050.3230    362812.2383    370045.5301    373679.8493    373679.8493    370045.5301    362812.2383    352050.3230    337864.4520    320392.5936    299804.6750    276300.9291    250109.9476    221486.4578    190708.8446    158076.4437    123906.6298     88531.7301     52295.7925
         -1.2050        -0.4174     57898.9131     98017.2726    137182.3401    175013.2055    211141.9351    245217.1497    276907.4420    305904.6000    331926.6044    354720.3715    374064.2147    389770.0004    401684.9781    409693.2655    413716.9760    413716.9760    409693.2655    401684.9781    389770.0004    374064.2147    354720.3715    331926.6044    305904.6000    276907.4420    245217.1497    211141.9351    175013.2055    137182.3401     98017.2726     57898.9131
         -0.9640        -0.4174     62256.8958    105394.9168    147507.8926    188186.2425    227034.3388    263674.3545    297749.9377    328929.6775    356910.3273    381419.7543    402219.5857    419107.5273    431919.3313    440530.3930    444856.9635    444856.9635    440530.3930    431919.3313    419107.5273    402219.5857    381419.7543    356910.3273    328929.6775    297749.9377    263674.3545    227034.3388    188186.2425    147507.8926    105394.9168     62256.8958
         -0.7230        -0.4174     67237.4475    113826.5102    159308.5240    203241.1419    245197.0859    284768.3029    321569.9327    355244.0517    385463.1535    411933.3347    434397.1525    452636.1295    466472.8778    475772.8244    480445.5205    480445.5205    475772.8244    466472.8778    452636.1295    434397.1525    411933.3347    385463.1535    355244.0517    321569.9327    284768.3029    245197.0859    203241.1419    159308.5240    113826.5102     67237.4475
         -0.4820        -0.4174     70972.8612    120150.2052    168158.9975    214532.3164    258819.1463    300588.7642    339434.9289    374979.8323    406877.7732    434818.5199    458530.3277    477782.5812    492388.0376    502204.6480    507136.9384    507136.9384    502204.6480    492388.0376    477782.5812    458530.3277    434818.5199    406877.7732    374979.8323    339434.9289    300588.7642    258819.1463    214532.3164    168158.9975    120150.2052     70972.8612
         -0.2410        -0.4174     74085.7060    125419.9510    175534.3922    223941.6285    270170.8632    313772.4819    354322.4258    391426.3162    424723.2895    453889.5076    478641.3069    498737.9575    513984.0042    524231.1677    529379.7865    529379.7865    524231.1677    513984.0042    498737.9575    478641.3069    453889.5076    424723.2895    391426.3162    354322.4258    313772.4819    270170.8632    223941.6285    175534.3922    125419.9510     74085.7060
          0.0000        -0.4174     74085.7060    125419.9510    175534.3922    223941.6285    270170.8632    313772.4819    354322.4258    391426.3162    424723.2895    453889.5076    478641.3069    498737.9575    513984.0042    524231.1677    529379.7865    529379.7865    524231.1677    513984.0042    498737.9575    478641.3069    453889.5076    424723.2895    391426.3162    354322.4258    313772.4819    270170.8632    223941.6285    175534.3922    125419.9510     74085.7060
          0.2410        -0.4174     74085.7060    125419.9510    175534.3922    223941.6285    270170.8632    313772.4819    354322.4258    391426.3162    424723.2895    453889.5076    478641.3069    498737.9575    513984.0042    524231.1677    529379.7865    529379.7865    524231.1677    513984.0042    498737.9575    478641.3069    453889.5076    424723.2895    391426.3162    354322.4258    313772.4819    270170.8632    223941.6285    175534.3922    125419.9510     74085.7060
          0.4820        -0.4174     70972.8612    120150.2052    168158.9975    214532.3164    258819.1463    300588.7642    339434.9289    374979.8323    406877.7732    434818.5199    458530.3277    477782.5812    492388.0376    502204.6480    507136.9384    507136.9384    502204.6480    492388.0376    477782.5812    458530.3277    434818.5199    406877.7732    374979.8323    339434.9289    300588.7642    258819.1463    214532.3164    168158.9975    120150.2052     70972.8612
          0.7230        -0.4174     67237.4475    113826.5102    159308.5240    203241.1419    245197.0859    284768.3029    321569.9327    355244.0517    385463.1535    411933.3347    434397.1525    452636.1295    466472.8778    475772.8244    480445.5205    480445.5205    475772.8244    466472.8778    452636.1295    434397.1525    411933.3347    385463.1535    355244.0517    321569.9327    284768.3029    245197.0859    203241.1419    159308.5240    113826.5102     67237.4475
          0.9640        -0.4174     62256.8958    105394.9168    147507.8926    188186.2425    227034.3388    263674.3545    297749.9377    328929.6775    356910.3273    381419.7543    402219.5857    419107.5273    431919.3313    440530.3930    444856.9635    444856.9635    440530.3930    431919.3313    419107.5273    402219.5857    381419.7543    356910.3273    328929.6775    297749.9377    263674.3545    227034.3388    188186.2425    147507.8926    105394.9168     62256.8958
          1.2050        -0.4174     57898.9131     98017.2726    137182.3401    175013.2055    211141.9351    245217.1497    276907.4420    305904.6000    331926.6044    354720.3715    374064.2147    389770.0004    401684.9781    409693.2655    413716.9760    413716.9760    409693.2655    401684.9781    389770.0004    374064.2147    354720.3715    331926.6044    305904.6000    276907.4420    245217.1497    211141.9351    175013.2055    137182.3401     98017.2726     57898.9131
          1.4460        -0.4174     52295.7925     88531.7301    123906.6298    158076.4437    190708.8446    221486.4578    250109.9476    276300.9291    299804.6750    320392.5936    337864.4520    352050.3230    362812.2383    370045.5301    373679.8493    373679.8493    370045.5301    362812.2383    352050.3230    337864.4520    320392.5936    299804.6750    276300.9291    250109.9476    221486.4578    190708.8446    158076.4437    123906.6298     88531.7301     52295.7925
         -1.3255        -0.6261     52295.7925     88531.7301    123906.6298    158076.4437    190708.8446    221486.4578    250109.9476    276300.9291    299804.6750    320392.5936    337864.4520    352050.3230    362812.2383    370045.5301    373679.8493    373679.8493    370045.5301    362812.2383    352050.3230    337864.4520    320392.5936    299804.6750    276300.9291    250109.9476    221486.4578    190708.8446    158076.4437    123906.6298     88531.7301     52295.7925
         -1.0845        -0.6261     57898.9131     98017.2726    137182.3401    175013.2055    211141.9351    245217.1497    276907.4420    305904.6000    331926.6044    354720.3715    374064.2147    389770.0004    401684.9781    409693.2655    413716.9760    413716.9760    409693.2655    401684.9781    389770.0004    374064.2147    354720.3715    331926.6044    305904.6000    276907.4420    245217.1497    211141.9351    175013.2055    137182.3401     98017.2726     57898.9131
         -0.8435        -0.6261     62256.8958    105394.9168    147507.8926    188186.2425    227034.3388    263674.3545    297749.9377    328929.6775    356910.3273    381419.7543    402219.5857    419107.5273    431919.3313    440530.3930    444856.9635    444856.9635    440530.3930    431919.3313    419107.5273    402219.5857    381419.7543    356910.3273    328929.6775    297749.9377    263674.3545    227034.3388    188186.2425    147507.8926    105394.9168     62256.8958
         -0.6025        -0.6261     67237.4475    113826.5102    159308.5240    203241.1419    245197.0859    284768.3029    321569.9327    355244.0517    385463.1535    411933.3347    434397.1525    452636.1295    466472.8778    475772.8244    480445.5205    480445.5205    475772.8244    466472.8778    452636.1295    434397.1525    411933.3347    385463.1535    355244.0517    321569.9327    284768.3029    245197.0859    203241.1419    159308.5240    113826.5102     67237.4475
         -0.3615        -0.6261     70972.8612    120150.2052    168158.9975    214532.3164    258819.1463    300588.7642    339434.9289    374979.8323    406877.7732    434818.5199    458530.3277    477782.5812    492388.0376    502204.6480    507136.9384    507136.9384    502204.6480    492388.0376    477782.5812    458530.3277    434818.5199    406877.7732    374979.8323    339434.9289    300588.7642    258819.1463    214532.3164    168158.9975    120150.2052     70972.8612
         -0.1205        -0.6261     70972.8612    120150.2052    168158.9975    214532.3164    258819.1463    300588.7642    339434.9289    374979.8323    406877.7732    434818.5199    458530.3277    477782.5812    492388.0376    502204.6480    507136.9384    507136.9384    502204.6480    492388.0376    477782.5812    458530.3277    434818.5199    406877.7732    374979.8323    339434.9289    300588.7642    258819.1463    214532.3164    168158.9975    120150.2052     70972.8612
          0.1205        -0.6261     70972.8612    120150.2052    168158.9975    214532.3164    258819.1463    300588.7642    339434.9289    374979.8323    406877.7732    434818.5199    458530.3277    477782.5812    492388.0376    502204.6480    507136.9384    507136.9384    502204.6480    492388.0376    477782.5812    458530.3277    434818.5199    406877.7732    374979.8323    339434.9289    300588.7642    258819.1463    214532.3164    168158.9975    120150.2052     70972.8612
          0.3615        -0.6261     70972.8612    120150.2052    168158.9975    214532.3164    258819.1463    300588.7642    339434.9289    374979.8323    406877.7732    434818.5199    458530.3277    477782.5812    492388.0376    502204.6480    507136.9384    507136.9384    502204.6480    492388.0376    477782.5812    458530.3277    434818.5199    406877.7732    374979.8323    339434.9289    300588.7642    258819.1463    214532.3164    168158.9975    120150.2052     70972.8612
          0.6025        -0.6261     67237.4475    113826.5102    159308.5240    203241.1419    245197.0859    284768.3029    321569.9327    355244.0517    385463.1535    411933.3347    434397.1525    452636.1295    466472.8778    475772.8244    480445.5205    480445.5205    475772.8244    466472.8778    452636.1295    434397.1525    411933.3347    385463.1535    355244.0517    321569.9327    284768.3029    245197.0859    203241.1419    159308.5240    113826.5102     67237.4475
          0.8435        -0.6261     62256.8958    105394.9168    147507.8926    188186.2425    227034.3388    263674.3545    297749.9377    328929.6775    356910.3273    381419.7543    402219.5857    419107.5273    431919.3313    440530.3930    444856.9635    444856.9635    440530.3930    431919.3313    419107.5273    402219.5857    381419.7543    356910.3273    328929.6775    297749.9377    263674.3545    227034.3388    188186.2425    147507.8926    105394.9168     62256.8958
          1.0845        -0.6261     57898.9131     98017.2726    137182.3401    175013.2055    211141.9351    245217.1497    276907.4420    305904.6000    331926.6044    354720.3715    374064.2147    389770.0004    401684.9781    409693.2655    413716.9760    413716.9760    409693.2655    401684.9781    389770.0004    374064.2147    354720.3715    331926.6044    305904.6000    276907.4420    245217.1497    211141.9351    175013.2055    137182.3401     98017.2726     57898.9131
          1.3255        -0.6261     52295.7925     88531.7301    123906.6298    158076.4437    190708.8446    221486.4578    250109.9476    276300.9291    299804.6750    320392.5936    337864.4520    352050.3230    362812.2383    370045.5301    373679.8493    373679.8493    370045.5301    362812.2383    352050.3230    337864.4520    320392.5936    299804.6750    276300.9291    250109.9476    221486.4578    190708.8446    158076.4437    123906.6298     88531.7301     52295.7925
         -1.2050        -0.8348     52295.7925     88531.7301    123906.6298    158076.4437    190708.8446    221486.4578    250109.9476    276300.9291    299804.6750    320392.5936    337864.4520    352050.3230    362812.2383    370045.5301    373679.8493    373679.8493    370045.5301    362812.2383    352050.3230    337864.4520    320392.5936    299804.6750    276300.9291    250109.9476    221486.4578    190708.8446    158076.4437    123906.6298     88531.7301     52295.7925
         -0.9640        -0.8348     57898.9131     98017.2726    137182.3401    175013.2055    211141.9351    245217.1497    276907.4420    305904.6000    331926.6044    354720.3715    374064.2147    389770.0004    401684.9781    409693.2655    413716.9760    413716.9760    409693.2655    401684.9781    389770.0004    374064.2147    354720.3715    331926.6044    305904.6000    276907.4420    245217.1497    211141.9351    175013.2055    137182.3401     98017.2726     57898.9131
         -0.7230        -0.8348     62256.8958    105394.9168    147507.8926    188186.2425    227034.3388    263674.3545    297749.9377    328929.6775    356910.3273    381419.7543    402219.5857    419107.5273    431919.3313    440530.3930    444856.9635    444856.9635    440530.3930    431919.3313    419107.5273    402219.5857    381419.7543    356910.3273    328929.6775    297749.9377    263674.3545    227034.3388    188186.2425    147507.8926    105394.9168     62256.8958
         -0.4820        -0.8348     67237.4475    113826.5102    159308.5240    203241.1419    245197.0859    284768.3029    321569.9327    355244.0517    385463.1535    411933.3347    434397.1525    452636.1295    466472.8778    475772.8244    480445.5205    480445.5205    475772.8244    466472.8778    452636.1295    434397.1525    411933.3347    385463.1535    355244.0517    321569.9327    284768.3029    245197.0859    203241.1419    159308.5240    113826.5102     67237.4475
         -0.2410        -0.8348     67237.4475    113826.5102    159308.5240    203241.1419    245197.0859    284768.3029    321569.9327    355244.0517    385463.1535    411933.3347    434397.1525    452636.1295    466472.8778    475772.8244    480445.5205    480445.5205    475772.8244    466472.8778    452636.1295    434397.1525    411933.3347    385463.1535    355244.0517    321569.9327    284768.3029    245197.0859    203241.1419    159308.5240    113826.5102     67237.4475
          0.0000        -0.8348     67237.4475    113826.5102    159308.5240    203241.1419    245197.0859    284768.3029    321569.9327    355244.0517    385463.1535    411933.3347    434397.1525    452636.1295    466472.8778    475772.8244    480445.5205    480445.5205    475772.8244    466472.8778    452636.1295    434397.1525    411933.3347    385463.1535    355244.0517    321569.9327    284768.3029    245197.0859    203241.1419    159308.5240    113826.5102     67237.4475
          0.2410        -0.8348     67237.4475    113826.5102    159308.5240    203241.1419    245197.0859    284768.3029    321569.9327    355244.0517    385463.1535    411933.3347    434397.1525    452636.1295    466472.8778    475772.8244    480445.5205    480445.5205    475772.8244    466472.8778    452636.1295    434397.1525    411933.3347    385463.1535    355244.0517    321569.9327    284768.3029    245197.0859    203241.1419    159308.5240    113826.5102     67237.4475
          0.4820        -0.8348     67237.4475    113826.5102    159308.5240    203241.1419    245197.0859    284768.3029    321569.9327    355244.0517    385463.1535    411933.3347    434397.1525    452636.1295    466472.8778    475772.8244    480445.5205    480445.5205    475772.8244    466472.8778    452636.1295    434397.1525    411933.3347    385463.1535    355244.0517    321569.9327    284768.3029    245197.0859    203241.1419    159308.5240    113826.5102     67237.4475
          0.7230        -0.8348     62256.8958    105394.9168    147507.8926    188186.2425    227034.3388    263674.3545    297749.9377    328929.6775    356910.3273    381419.7543    402219.5857    419107.5273    431919.3313    440530.3930    444856.9635    444856.9635    440530.3930    431919.3313    419107.5273    402219.5857    381419.7543    356910.3273    328929.6775    297749.9377    263674.3545    227034.3388    188186.2425    147507.8926    105394.9168     62256.8958
          0.9640        -0.8348     57898.9131     98017.2726    137182.3401    175013.2055    211141.9351    245217.1497    276907.4420    305904.6000    331926.6044    354720.3715    374064.2147    389770.0004    401684.9781    409693.2655    413716.9760    413716.9760    409693.2655    401684.9781    389770.0004    374064.2147    354720.3715    331926.6044    305904.6000    276907.4420    245217.1497    211141.9351    175013.2055    137182.3401     98017.2726     57898.9131
          1.2050        -0.8348     52295.7925     88531.7301    123906.6298    158076.4437    190708.8446    221486.4578    250109.9476    276300.9291    299804.6750    320392.5936    337864.4520    352050.3230    362812.2383    370045.5301    373679.8493    373679.8493    370045.5301    362812.2383    352050.3230    337864.4520    320392.5936    299804.6750    276300.9291    250109.9476    221486.4578    190708.8446    158076.4437    123906.6298     88531.7301     52295.7925
         -1.0845        -1.0436     52295.7925     88531.7301    123906.6298    158076.4437    190708.8446    221486.4578    250109.9476    276300.9291    299804.6750    320392.5936    337864.4520    352050.3230    362812.2383    370045.5301    373679.8493    373679.8493    370045.5301    362812.2383    352050.3230    337864.4520    320392.5936    299804.6750    276300.9291    250109.9476    221486.4578    190708.8446    158076.4437    123906.6298     88531.7301     52295.7925
         -0.8435        -1.0436     57898.9131     98017.2726    137182.3401    175013.2055    211141.9351    245217.1497    276907.4420    305904.6000    331926.6044    354720.3715    374064.2147    389770.0004    401684.9781    409693.2655    413716.9760    413716.9760    409693.2655    401684.9781    389770.0004    374064.2147    354720.3715    331926.6044    305904.6000    276907.4420    245217.1497    211141.9351    175013.2055    137182.3401     98017.2726     57898.9131
         -0.6025        -1.0436     62256.8958    105394.9168    147507.8926    188186.2425    227034.3388    263674.3545    297749.9377    328929.6775    356910.3273    381419.7543    402219.5857    419107.5273    431919.3313    440530.3930    444856.9635    444856.9635    440530.3930    431919.3313    419107.5273    402219.5857    381419.7543    356910.3273    328929.6775    297749.9377    263674.3545    227034.3388    188186.2425    147507.8926    105394.9168     62256.8958
         -0.3615        -1.0436     62256.8958    105394.9168    147507.8926    188186.2425    227034.3388    263674.3545    297749.9377    328929.6775    356910.3273    381419.7543    402219.5857    419107.5273    431919.3313    440530.3930    444856.9635    444856.9635    440530.3930    431919.3313    419107.5273    402219.5857    381419.7543    356910.3273    328929.6775    297749.9377    263674.3545    227034.3388    188186.2425    147507.8926    105394.9168     62256.8958
         -0.1205        -1.0436     62256.8958    105394.9168    147507.8926    188186.2425    227034.3388    263674.3545    297749.9377    328929.6775    356910.3273    381419.7543    402219.5857    419107.5273    431919.3313    440530.3930    444856.9635    444856.9635    440530.3930    431919.3313    419107.5273    402219.5857    381419.7543    356910.3273    328929.6775    297749.9377    263674.3545    227034.3388    188186.2425    147507.8926    105394.9168     62256.8958
          0.1205        -1.0436     62256.8958    105394.9168    147507.8926    188186.2425    227034.3388    263674.3545    297749.9377    328929.6775    356910.3273    381419.7543    402219.5857    419107.5273    431919.3313    440530.3930    444856.9635    444856.9635    440530.3930    431919.3313    419107.5273    402219.5857    381419.7543    356910.3273    328929.6775    297749.9377    263674.3545    227034.3388    188186.2425    147507.8926    105394.9168     62256.8958
          0.3615        -1.0436     62256.8958    105394.9168    147507.8926    188186.2425    227034.3388    263674.3545    297749.9377    328929.6775    356910.3273    381419.7543    402219.5857    419107.5273    431919.3313    440530.3930    444856.9635    444856.9635    440530.3930    431919.3313    419107.5273    402219.5857    381419.7543    356910.3273    328929.6775    297749.9377    263674.3545    227034.3388    188186.2425    147507.8926    105394.9168     62256.8958
          0.6025        -1.0436     62256.8958    105394.9168    147507.8926    188186.2425    227034.3388    263674.3545    297749.9377    328929.6775    356910.3273    381419.7543    402219.5857    419107.5273    431919.3313    440530.3930    444856.9635    444856.9635    440530.3930    431919.3313    419107.5273    402219.5857    381419.7543    356910.3273    328929.6775    297749.9377    263674.3545    227034.3388    188186.2425    147507.8926    105394.9168     62256.8958
          0.8435        -1.0436     57898.9131     98017.2726    137182.3401    175013.2055    211141.9351    245217.1497    276907.4420    305904.6000    331926.6044    354720.3715    374064.2147    389770.0004    401684.9781    409693.2655    413716.9760    413716.9760    409693.2655    401684.9781    389770.0004    374064.2147    354720.3715    331926.6044    305904.6000    276907.4420    245217.1497    211141.9351    175013.2055    137182.3401     98017.2726     57898.9131
          1.0845        -1.0436     52295.7925     88531.7301    123906.6298    158076.4437    190708.8446    221486.4578    250109.9476    276300.9291    299804.6750    320392.5936    337864.4520    352050.3230    362812.2383    370045.5301    373679.8493    373679.8493    370045.5301    362812.2383    352050.3230    337864.4520    320392.5936    299804.6750    276300.9291    250109.9476    221486.4578    190708.8446    158076.4437    123906.6298     88531.7301     52295.7925
         -0.9640        -1.2523     52295.7925     88531.7301    123906.6298    158076.4437    190708.8446    221486.4578    250109.9476    276300.9291    299804.6750    320392.5936    337864.4520    352050.3230    362812.2383    370045.5301    373679.8493    373679.8493    370045.5301    362812.2383    352050.3230    337864.4520    320392.5936    299804.6750    276300.9291    250109.9476    221486.4578    190708.8446    158076.4437    123906.6298     88531.7301     52295.7925
         -0.7230        -1.2523     57898.9131     98017.2726    137182.3401    175013.2055    211141.9351    245217.1497    276907.4420    305904.6000    331926.6044    354720.3715    374064.2147    389770.0004    401684.9781    409693.2655    413716.9760    413716.9760    409693.2655    401684.9781    389770.0004    374064.2147    354720.3715    331926.6044    305904.6000    276907.4420    245217.1497    211141.9351    175013.2055    137182.3401     98017.2726     57898.9131
         -0.4820        -1.2523     57898.9131     98017.2726    137182.3401    175013.2055    211141.9351    245217.1497    276907.4420    305904.6000    331926.6044    354720.3715    374064.2147    389770.0004    401684.9781    409693.2655    413716.9760    413716.9760    409693.2655    401684.9781    389770.0004    374064.2147    354720.3715    331926.6044    305904.6000    276907.4420    245217.1497    211141.9351    175013.2055    137182.3401     98017.2726     57898.9131
         -0.2410        -1.2523     57898.9131     98017.2726    137182.3401    175013.2055    211141.9351    245217.1497    276907.4420    305904.6000    331926.6044    354720.3715    374064.2147    389770.0004    401684.9781    409693.2655    413716.9760    413716.9760    409693.2655    401684.9781    389770.0004    374064.2147    354720.3715    331926.6044    305904.6000    276907.4420    245217.1497    211141.9351    175013.2055    137182.3401     98017.2726     57898.9131
          0.0000        -1.2523     57898.9131     98017.2726    137182.3401    175013.2055    211141.9351    245217.1497    276907.4420    305904.6000    331926.6044    354720.3715    374064.2147    389770.0004    401684.9781    409693.2655    413716.9760    413716.9760    409693.2655    401684.9781    389770.0004    374064.2147    354720.3715    331926.6044    305904.6000    276907.4420    245217.1497    211141.9351    175013.2055    137182.3401     98017.2726     57898.9131
          0.2410        -1.2523     57898.9131     98017.2726    137182.3401    175013.2055    211141.9351    245217.1497    276907.4420    305904.6000    331926.6044    354720.3715    374064.2147    389770.0004    401684.9781    409693.2655    413716.9760    413716.9760    409693.2655    401684.9781    389770.0004    374064.2147    354720.3715    331926.6044    305904.6000    276907.4420    245217.1497    211141.9351    175013.2055    137182.3401     98017.2726     57898.9131
          0.4820        -1.2523     57898.9131     98017.2726    137182.3401    175013.2055    211141.9351    245217.1497    276907.4420    305904.6000    331926.6044    354720.3715    374064.2147    389770.0004    401684.9781    409693.2655    413716.9760    413716.9760    409693.2655    401684.9781    389770.0004    374064.2147    354720.3715    331926.6044    305904.6000    276907.4420    245217.1497    211141.9351    175013.2055    137182.3401     98017.2726     57898.9131
          0.7230        -1.2523     57898.9131     98017.2726    137182.3401    175013.2055    211141.9351    245217.1497    276907.4420    305904.6000    331926.6044    354720.3715    374064.2147    389770.0004    401684.9781    409693.2655    413716.9760    413716.9760    409693.2655    401684.9781    389770.0004    374064.2147    354720.3715    331926.6044    305904.6000    276907.4420    245217.1497    211141.9351    175013.2055    137182.3401     98017.2726     57898.9131
          0.9640        -1.2523     52295.7925     88531.7301    123906.6298    158076.4437    190708.8446    221486.4578    250109.9476    276300.9291    299804.6750    320392.5936    337864.4520    352050.3230    362812.2383    370045.5301    373679.8493    373679.8493    370045.5301    362812.2383    352050.3230    337864.4520    320392.5936    299804.6750    276300.9291    250109.9476    221486.4578    190708.8446    158076.4437    123906.6298     88531.7301     52295.7925
         -0.6025        -1.4610     52295.7925     88531.7301    123906.6298    158076.4437    190708.8446    221486.4578    250109.9476    276300.9291    299804.6750    320392.5936    337864.4520    352050.3230    362812.2383    370045.5301    373679.8493    373679.8493    370045.5301    362812.2383    352050.3230    337864.4520    320392.5936    299804.6750    276300.9291    250109.9476    221486.4578    190708.8446    158076.4437    123906.6298     88531.7301     52295.7925
         -0.3615        -1.4610     52295.7925     88531.7301    123906.6298    158076.4437    190708.8446    221486.4578    250109.9476    276300.9291    299804.6750    320392.5936    337864.4520    352050.3230    362812.2383    370045.5301    373679.8493    373679.8493    370045.5301    362812.2383    352050.3230    337864.4520    320392.5936    299804.6750    276300.9291    250109.9476    221486.4578    190708.8446    158076.4437    123906.6298     88531.7301     52295.7925
         -0.1205        -1.4610     52295.7925     88531.7301    123906.6298    158076.4437    190708.8446    221486.4578    250109.9476    276300.9291    299804.6750    320392.5936    337864.4520    352050.3230    362812.2383    370045.5301    373679.8493    373679.8493    370045.5301    362812.2383    352050.3230    337864.4520    320392.5936    299804.6750    276300.9291    250109.9476    221486.4578    190708.8446    158076.4437    123906.6298     88531.7301     52295.7925
          0.1205        -1.4610     52295.7925     88531.7301    123906.6298    158076.4437    190708.8446    221486.4578    250109.9476    276300.9291    299804.6750    320392.5936    337864.4520    352050.3230    362812.2383    370045.5301    373679.8493    373679.8493    370045.5301    362812.2383    352050.3230    337864.4520    320392.5936    299804.6750    276300.9291    250109.9476    221486.4578    190708.8446    158076.4437    123906.6298     88531.7301     52295.7925
          0.3615        -1.4610     52295.7925     88531.7301    123906.6298    158076.4437    190708.8446    221486.4578    250109.9476    276300.9291    299804.6750    320392.5936    337864.4520    352050.3230    362812.2383    370045.5301    373679.8493    373679.8493    370045.5301    362812.2383    352050.3230    337864.4520    320392.5936    299804.6750    276300.9291    250109.9476    221486.4578    190708.8446    158076.4437    123906.6298     88531.7301     52295.7925
          0.6025        -1.4610     52295.7925     88531.7301    123906.6298    158076.4437    190708.8446    221486.4578    250109.9476    276300.9291    299804.6750    320392.5936    337864.4520    352050.3230    362812.2383    370045.5301    373679.8493    373679.8493    370045.5301    362812.2383    352050.3230    337864.4520    320392.5936    299804.6750    276300.9291    250109.9476    221486.4578    190708.8446    158076.4437    123906.6298     88531.7301     52295.7925
