       0.00      0.00    560.91    579.01    596.71    613.85    630.26    645.80    660.30    673.67    685.76    696.49    705.74    713.43    719.49    723.87    726.54    727.47    726.67    724.15    719.93    714.07    706.61    697.64    687.26    675.56    662.68    648.77    633.95    618.40    602.30    586.24
       0.00      0.00    560.91    579.01    596.71    613.85    630.27    645.80    660.31    673.67    685.77    696.49    705.74    713.43    719.50    723.88    726.55    727.48    726.68    724.16    719.95    714.09    706.63    697.66    687.27    675.57    662.70    648.78    633.97    618.42    602.32    586.26
       0.00      0.00    560.92    579.04    596.76    613.91    630.34    645.88    660.40    673.78    685.89    696.62    705.88    713.58    719.65    724.05    726.72    727.66    726.87    724.35    720.15    714.29    706.83    697.86    687.47    675.78    662.91    649.00    634.19    618.64    602.55    586.51
       0.00      0.00    562.93    581.01    598.67    615.75    632.11    647.62    662.11    675.46    687.55    698.26    707.49    715.16    721.21    725.57    728.22    729.14    728.32    725.77    721.52    715.61    708.10    699.08    688.66    676.94    664.04    650.11    635.28    619.72    603.66    587.70
       0.00      0.00    562.94    581.03    598.69    615.78    632.15    647.66    662.16    675.52    687.61    698.32    707.56    715.24    721.29    725.66    728.32    729.24    728.42    725.88    721.63    715.71    708.21    699.19    688.77    677.05    664.16    650.23    635.40    619.85    603.79    587.84
       0.00      0.00    562.94    581.03    598.69    615.78    632.15    647.66    662.16    675.52    687.61    698.33    707.57    715.25    721.30    725.67    728.32    729.24    728.43    725.88    721.63    715.72    708.21    699.20    688.78    677.06    664.17    650.24    635.41    619.86    603.80    587.85
       0.00      0.00    560.91    579.01    596.71    613.85    630.26    645.80    660.30    673.67    685.76    696.49    705.74    713.43    719.49    723.87    726.54    727.47    726.67    724.15    719.93    714.07    706.61    697.64    687.25    675.56    662.68    648.77    633.95    618.40    602.30    586.24
       0.00      0.00    563.58    583.53    603.04    621.93    640.02    657.14    673.11    687.83    701.14    712.93    723.08    731.52    738.15    742.92    745.79    746.74    745.77    742.89    738.15    731.57    723.23    713.21    701.63    688.60    674.28    658.80    642.33    625.04    607.12    589.13
       0.00      0.00    563.58    583.53    603.05    621.94    640.02    657.14    673.12    687.83    701.14    712.93    723.09    731.52    738.15    742.92    745.80    746.75    745.78    742.90    738.16    731.58    723.24    713.23    701.64    688.62    674.29    658.82    642.35    625.06    607.14    589.15
       0.00      0.00    563.59    583.55    603.07    621.97    640.06    657.18    673.17    687.88    701.20    713.00    723.16    731.60    738.24    743.01    745.89    746.84    745.88    743.01    738.26    731.69    723.35    713.34    701.75    688.73    674.41    658.93    642.47    625.18    607.27    589.29
       0.00      0.00    565.59    585.50    604.95    623.78    641.80    658.87    674.83    689.52    702.81    714.57    724.71    733.11    739.72    744.46    747.31    748.24    747.24    744.34    739.54    732.91    724.52    714.46    702.85    689.80    675.45    659.96    643.47    626.17    608.27    590.36
       0.00      0.00    565.61    585.55    605.02    623.86    641.90    658.99    674.96    689.67    702.97    714.76    724.90    733.32    739.94    744.70    747.55    748.49    747.50    744.60    739.81    733.18    724.79    714.73    703.12    690.07    675.73    660.24    643.76    626.46    608.58    590.70
       0.00      0.00    565.61    585.55    605.02    623.86    641.91    658.99    674.97    689.67    702.98    714.77    724.91    733.33    739.95    744.71    747.57    748.51    747.52    744.62    739.83    733.20    724.81    714.76    703.15    690.10    675.76    660.27    643.79    626.49    608.61    590.74
       0.00      0.00    565.61    585.55    605.02    623.86    641.91    658.99    674.97    689.67    702.98    714.76    724.91    733.33    739.95    744.71    747.57    748.50    747.52    744.62    739.83    733.20    724.80    714.75    703.14    690.10    675.76    660.26    643.78    626.48    608.60    590.73
       0.00      0.00    562.94    581.03    598.69    615.78    632.15    647.66    662.16    675.52    687.61    698.33    707.57    715.25    721.30    725.67    728.32    729.24    728.43    725.88    721.63    715.72    708.22    699.20    688.78    677.06    664.17    650.24    635.42    619.86    603.80    587.86
       0.00      0.00    560.91    579.01    596.71    613.85    630.26    645.80    660.30    673.67    685.76    696.49    705.74    713.43    719.49    723.87    726.54    727.47    726.67    724.15    719.93    714.07    706.61    697.64    687.25    675.56    662.68    648.76    633.95    618.40    602.29    586.23
       0.00      0.00    563.58    583.53    603.04    621.93    640.02    657.14    673.12    687.83    701.14    712.93    723.09    731.52    738.15    742.92    745.79    746.74    745.78    742.90    738.15    731.58    723.24    713.22    701.64    688.61    674.29    658.81    642.34    625.05    607.14    589.15
       0.00      0.00    565.65    587.05    607.97    628.22    647.61    665.96    683.08    698.85    713.10    725.72    736.59    745.60    752.67    757.74    760.77    761.74    760.64    757.49    752.33    745.20    736.18    725.35    712.84    698.78    683.33    666.64    648.89    630.25    610.93    591.46
       0.00      0.00    565.65    587.05    607.97    628.23    647.62    665.96    683.09    698.85    713.11    725.73    736.60    745.61    752.68    757.76    760.79    761.76    760.67    757.52    752.36    745.24    736.21    725.38    712.88    698.83    683.38    666.69    648.94    630.30    610.99    591.52
       0.00      0.00    565.67    587.08    608.02    628.29    647.69    666.04    683.18    698.96    713.23    725.86    736.73    745.76    752.84    757.92    760.96    761.94    760.85    757.71    752.56    745.43    736.40    725.58    713.07    699.02    683.58    666.89    649.14    630.51    611.20    591.75
       0.00      0.00    567.67    589.03    609.90    630.09    649.43    667.73    684.84    700.59    714.83    727.43    738.28    747.27    754.32    759.37    762.38    763.33    762.21    759.03    753.82    746.63    737.55    726.69    714.16    700.08    684.61    667.91    650.14    631.49    612.18    592.81
       0.00      0.00    567.69    589.06    609.95    630.15    649.49    667.81    684.93    700.69    714.94    727.55    738.41    747.41    754.47    759.53    762.55    763.50    762.38    759.21    754.00    746.81    737.73    726.87    714.34    700.27    684.81    668.10    650.34    631.69    612.40    593.04
       0.00      0.00    567.69    589.06    609.95    630.15    649.49    667.81    684.93    700.69    714.94    727.55    738.41    747.41    754.47    759.53    762.54    763.50    762.38    759.20    753.99    746.80    737.73    726.86    714.33    700.26    684.80    668.09    650.32    631.68    612.38    593.02
       0.00      0.00    565.61    585.55    605.02    623.86    641.91    659.00    674.97    689.68    702.98    714.77    724.92    733.34    739.95    744.71    747.57    748.51    747.52    744.62    739.83    733.20    724.81    714.75    703.14    690.10    675.76    660.27    643.79    626.49    608.61    590.73
       0.00      0.00    562.94    581.03    598.69    615.78    632.15    647.66    662.16    675.52    687.61    698.33    707.57    715.25    721.30    725.67    728.32    729.24    728.43    725.89    721.64    715.72    708.22    699.20    688.78    677.06    664.17    650.24    635.41    619.86    603.80    587.85
       0.00      0.00    560.91    579.01    596.71    613.85    630.26    645.80    660.31    673.67    685.76    696.49    705.74    713.43    719.49    723.87    726.54    727.47    726.67    724.15    719.93    714.07    706.61    697.64    687.26    675.56    662.68    648.77    633.95    618.40    602.30    586.23
       0.00      0.00    563.58    583.53    603.05    621.94    640.02    657.14    673.12    687.83    701.14    712.93    723.09    731.52    738.15    742.92    745.79    746.75    745.78    742.90    738.15    731.58    723.24    713.22    701.64    688.62    674.29    658.81    642.34    625.05    607.14    589.15
       0.00      0.00    565.65    587.05    607.97    628.22    647.62    665.96    683.08    698.85    713.11    725.73    736.59    745.60    752.68    757.75    760.78    761.75    760.65    757.51    752.35    745.22    736.19    725.37    712.86    698.80    683.36    666.67    648.91    630.27    610.96    591.49
       0.00      0.00    568.03    591.07    613.60    635.41    656.29    676.04    694.47    711.44    726.78    740.34    752.02    761.69    769.27    774.69    777.90    778.89    777.64    774.18    768.54    760.78    750.97    739.21    725.65    710.42    693.68    675.61    656.38    636.20    615.28    594.13
       0.00      0.00    568.03    591.07    613.61    635.42    656.30    676.04    694.48    711.45    726.79    740.36    752.04    761.71    769.29    774.71    777.93    778.92    777.67    774.22    768.59    760.82    751.01    739.26    725.70    710.47    693.74    675.67    656.44    636.27    615.35    594.21
       0.00      0.00    568.05    591.12    613.67    635.50    656.40    676.16    694.61    711.60    726.95    740.54    752.23    761.92    769.51    774.94    778.17    779.17    777.94    774.49    768.86    761.09    751.28    739.53    725.97    710.75    694.02    675.95    656.73    636.56    615.65    594.54
       0.00      0.00    570.05    593.07    615.55    637.30    658.13    677.85    696.27    713.22    728.55    742.11    753.77    763.42    770.98    776.38    779.58    780.55    779.28    775.78    770.09    762.27    752.41    740.63    727.04    711.80    695.04    676.95    657.72    637.53    616.62    595.57
       0.00      0.00    570.06    593.08    615.57    637.33    658.17    677.89    696.32    713.28    728.61    742.17    753.83    763.49    771.06    776.46    779.66    780.63    779.36    775.87    770.17    762.35    752.49    740.71    727.13    711.88    695.13    677.04    657.80    637.61    616.71    595.67
       0.00      0.00    567.69    589.06    609.95    630.15    649.50    667.81    684.93    700.69    714.94    727.56    738.42    747.41    754.48    759.54    762.56    763.51    762.39    759.22    754.01    746.82    737.75    726.89    714.36    700.29    684.83    668.12    650.36    631.71    612.42    593.06
       0.00      0.00    565.61    585.55    605.02    623.86    641.91    659.00    674.97    689.68    702.98    714.77    724.92    733.34    739.95    744.71    747.57    748.51    747.52    744.62    739.83    733.20    724.81    714.76    703.15    690.10    675.76    660.27    643.79    626.50    608.61    590.74
       0.00      0.00    562.94    581.03    598.69    615.78    632.15    647.66    662.16    675.52    687.61    698.33    707.57    715.25    721.30    725.67    728.32    729.24    728.43    725.89    721.64    715.72    708.22    699.20    688.78    677.06    664.17    650.24    635.42    619.86    603.80    587.86
       0.00      0.00    560.91    579.01    596.71    613.85    630.27    645.80    660.31    673.67    685.77    696.49    705.74    713.43    719.49    723.87    726.54    727.47    726.67    724.15    719.93    714.07    706.61    697.64    687.25    675.56    662.68    648.76    633.95    618.40    602.30    586.23
       0.00      0.00    563.58    583.53    603.05    621.94    640.02    657.14    673.12    687.83    701.14    712.93    723.09    731.52    738.15    742.92    745.79    746.75    745.78    742.90    738.15    731.58    723.24    713.22    701.64    688.62    674.29    658.81    642.34    625.05    607.14    589.15
       0.00      0.00    565.65    587.05    607.97    628.23    647.62    665.96    683.09    698.85    713.11    725.73    736.59    745.60    752.68    757.75    760.78    761.75    760.66    757.51    752.35    745.22    736.19    725.37    712.86    698.81    683.36    666.67    648.91    630.28    610.96    591.49
       0.00      0.00    568.03    591.07    613.60    635.41    656.29    676.04    694.48    711.44    726.78    740.35    752.03    761.70    769.28    774.70    777.91    778.90    777.66    774.20    768.56    760.80    750.99    739.24    725.67    710.45    693.71    675.64    656.42    636.24    615.32    594.17
       0.00      0.00    569.82    594.10    617.85    640.83    662.83    683.64    703.06    720.93    737.08    751.37    763.66    773.83    781.79    787.47    790.83    791.83    790.48    786.78    780.79    772.55    762.15    749.70    735.35    719.24    701.54    682.43    662.11    640.77    618.66    596.26
       0.00      0.00    569.82    594.12    617.87    640.86    662.87    683.68    703.11    720.99    737.15    751.44    763.74    773.91    781.88    787.57    790.93    791.94    790.59    786.90    780.92    772.68    762.27    749.83    735.48    719.38    701.68    682.58    662.25    640.93    618.82    596.43
       0.00      0.00    571.82    596.05    619.73    642.64    664.57    685.33    704.73    722.57    738.70    752.96    765.21    775.36    783.29    788.94    792.27    793.24    791.86    788.13    782.08    773.78    763.33    750.86    736.48    720.35    702.63    683.50    663.16    641.82    619.70    597.38
       0.00      0.00    571.84    596.10    619.79    642.72    664.67    685.45    704.86    722.71    738.86    753.13    765.40    775.55    783.49    789.16    792.49    793.47    792.09    788.36    782.31    774.01    763.57    751.09    736.72    720.59    702.87    683.75    663.41    642.06    619.96    597.66
       0.00      0.00    570.06    593.08    615.57    637.33    658.17    677.89    696.32    713.28    728.61    742.18    753.84    763.50    771.07    776.47    779.67    780.64    779.38    775.88    770.19    762.37    752.51    740.73    727.15    711.91    695.15    677.07    657.83    637.64    616.74    595.70
       0.00      0.00    567.69    589.06    609.95    630.15    649.50    667.81    684.93    700.69    714.94    727.56    738.42    747.41    754.48    759.54    762.56    763.51    762.39    759.22    754.01    746.82    737.75    726.89    714.36    700.29    684.82    668.12    650.35    631.71    612.42    593.06
       0.00      0.00    565.61    585.55    605.02    623.86    641.91    659.00    674.97    689.68    702.98    714.77    724.92    733.34    739.95    744.71    747.57    748.51    747.52    744.62    739.83    733.20    724.81    714.76    703.15    690.11    675.77    660.27    643.79    626.50    608.61    590.74
       0.00      0.00    562.94    581.03    598.69    615.78    632.15    647.66    662.16    675.52    687.61    698.33    707.57    715.25    721.30    725.67    728.32    729.24    728.42    725.88    721.63    715.72    708.21    699.20    688.77    677.06    664.17    650.23    635.41    619.85    603.80    587.85
       0.00      0.00    560.91    579.01    596.71    613.85    630.27    645.80    660.31    673.67    685.77    696.49    705.74    713.43    719.49    723.88    726.55    727.48    726.68    724.16    719.94    714.08    706.63    697.66    687.27    675.57    662.70    648.78    633.97    618.41    602.31    586.25
       0.00      0.00    563.58    583.53    603.05    621.94    640.03    657.14    673.12    687.83    701.14    712.93    723.09    731.53    738.16    742.93    745.80    746.75    745.78    742.91    738.16    731.59    723.25    713.23    701.65    688.63    674.30    658.83    642.36    625.07    607.15    589.17
       0.00      0.00    565.66    587.05    607.97    628.23    647.62    665.96    683.09    698.85    713.11    725.73    736.60    745.61    752.68    757.76    760.79    761.76    760.66    757.52    752.36    745.23    736.21    725.38    712.87    698.82    683.37    666.69    648.93    630.29    610.98    591.51
       0.00      0.00    568.03    591.07    613.60    635.41    656.29    676.04    694.48    711.44    726.78    740.35    752.03    761.70    769.28    774.70    777.92    778.90    777.66    774.20    768.57    760.81    751.00    739.24    725.68    710.45    693.72    675.65    656.42    636.25    615.33    594.18
       0.00      0.00    569.82    594.10    617.85    640.83    662.84    683.64    703.07    720.94    737.09    751.38    763.67    773.84    781.80    787.49    790.84    791.85    790.50    786.81    780.82    772.58    762.17    749.73    735.38    719.27    701.58    682.47    662.14    640.81    618.70    596.30
       0.00      0.00    573.28    598.52    623.18    647.04    669.89    691.51    711.71    730.29    747.07    761.91    774.66    785.20    793.43    799.29    802.72    803.69    802.21    798.28    791.92    783.22    772.29    759.23    744.20    727.33    708.80    688.80    667.54    645.22    622.10    598.70
       0.00      0.00    571.32    596.66    621.44    645.41    668.36    690.06    710.32    728.96    745.81    760.70    773.51    784.11    792.40    798.31    801.80    802.82    801.38    797.51    791.22    782.58    771.69    758.67    743.67    726.83    708.33    688.36    667.13    644.84    621.73    598.33
       0.00      0.00    573.32    598.59    623.29    647.18    670.06    691.71    711.93    730.53    747.34    762.21    774.98    785.54    793.79    799.67    803.11    804.10    802.63    798.69    792.34    783.64    772.71    759.66    744.63    727.76    709.24    689.25    667.99    645.68    622.57    599.22
       0.00      0.00    571.84    596.10    619.80    642.72    664.67    685.45    704.86    722.72    738.86    753.14    765.41    775.56    783.50    789.17    792.51    793.49    792.11    788.38    782.32    774.02    763.58    751.11    736.74    720.61    702.90    683.77    663.43    642.09    619.98    597.69
       0.00      0.00    570.06    593.08    615.57    637.33    658.17    677.89    696.32    713.28    728.61    742.17    753.84    763.50    771.06    776.47    779.67    780.64    779.37    775.88    770.19    762.37    752.51    740.73    727.15    711.90    695.15    677.07    657.83    637.64    616.74    595.70
       0.00      0.00    567.69    589.06    609.95    630.15    649.49    667.81    684.93    700.69    714.94    727.56    738.41    747.41    754.47    759.53    762.55    763.50    762.39    759.21    754.00    746.81    737.74    726.88    714.35    700.28    684.81    668.11    650.34    631.69    612.40    593.04
       0.00      0.00    565.61    585.55    605.02    623.86    641.91    658.99    674.97    689.67    702.98    714.76    724.91    733.33    739.95    744.71    747.57    748.51    747.52    744.62    739.83    733.20    724.81    714.75    703.15    690.10    675.76    660.27    643.79    626.49    608.61    590.74
       0.00      0.00    562.94    581.03    598.69    615.78    632.15    647.66    662.16    675.52    687.61    698.33    707.57    715.25    721.30    725.67    728.32    729.24    728.42    725.88    721.63    715.72    708.21    699.20    688.77    677.06    664.17    650.24    635.41    619.85    603.80    587.85
       0.00      0.00    560.92    579.03    596.74    613.88    630.30    645.84    660.35    673.72    685.83    696.55    705.81    713.50    719.57    723.96    726.63    727.57    726.77    724.25    720.04    714.18    706.73    697.76    687.37    675.67    662.80    648.88    634.07    618.52    602.43    586.38
       0.00      0.00    563.59    583.55    603.07    621.97    640.06    657.18    673.17    687.89    701.20    713.00    723.16    731.60    738.24    743.01    745.89    746.85    745.88    743.01    738.27    731.69    723.35    713.34    701.76    688.73    674.41    658.94    642.47    625.18    607.27    589.30
       0.00      0.00    565.66    587.07    608.00    628.26    647.65    666.00    683.13    698.90    713.17    725.79    736.67    745.68    752.76    757.84    760.88    761.85    760.76    757.61    752.46    745.33    736.30    725.48    712.97    698.92    683.47    666.79    649.03    630.40    611.09    591.63
       0.00      0.00    568.04    591.09    613.63    635.44    656.33    676.08    694.52    711.49    726.84    740.41    752.10    761.77    769.36    774.78    778.00    778.99    777.75    774.30    768.66    760.90    751.09    739.34    725.77    710.55    693.82    675.75    656.52    636.35    615.44    594.30
       0.00      0.00    569.82    594.10    617.85    640.84    662.84    683.65    703.07    720.94    737.10    751.39    763.68    773.85    781.81    787.50    790.86    791.86    790.51    786.82    780.84    772.60    762.19    749.75    735.40    719.30    701.60    682.49    662.17    640.84    618.73    596.34
       0.00      0.00    571.32    596.65    621.41    645.38    668.33    690.02    710.27    728.91    745.75    760.64    773.44    784.03    792.32    798.23    801.71    802.73    801.29    797.41    791.12    782.48    771.59    758.57    743.56    726.73    708.23    688.26    667.02    644.73    621.62    598.20
       0.00      0.00    572.21    598.17    623.55    648.11    671.62    693.84    714.59    733.68    750.93    766.18    779.30    790.14    798.62    804.66    808.21    809.25    807.75    803.76    797.29    788.41    777.22    763.86    748.46    731.18    712.20    691.72    669.93    647.06    623.36    599.32
       0.00      0.00    574.20    600.09    625.38    649.85    673.28    695.45    716.16    735.21    752.42    767.63    780.70    791.50    799.94    805.95    809.46    810.45    808.91    804.86    798.32    789.39    778.17    764.77    749.35    732.04    713.04    692.52    670.71    647.83    624.11    600.13
       0.00      0.00    573.32    598.59    623.29    647.18    670.06    691.71    711.93    730.53    747.35    762.21    774.98    785.54    793.80    799.67    803.12    804.11    802.63    798.70    792.34    783.65    772.72    759.67    744.64    727.78    709.26    689.26    668.00    645.70    622.59    599.24
       0.00      0.00    571.83    596.08    619.77    642.69    664.64    685.41    704.81    722.67    738.80    753.07    765.34    775.49    783.43    789.09    792.42    793.40    792.02    788.29    782.23    773.93    763.49    751.02    736.64    720.52    702.80    683.67    663.33    641.99    619.88    597.57
       0.00      0.00    570.05    593.07    615.55    637.30    658.13    677.85    696.27    713.23    728.55    742.11    753.77    763.42    770.98    776.38    779.58    780.55    779.28    775.78    770.09    762.27    752.41    740.63    727.04    711.79    695.04    676.95    657.71    637.52    616.62    595.56
       0.00      0.00    567.68    589.05    609.92    630.12    649.46    667.77    684.89    700.64    714.89    727.49    738.35    747.34    754.40    759.45    762.47    763.42    762.30    759.12    753.91    746.73    737.65    726.79    714.26    700.19    684.72    668.01    650.25    631.60    612.30    592.93
       0.00      0.00    565.61    585.54    605.02    623.86    641.90    658.99    674.96    689.67    702.97    714.76    724.90    733.32    739.94    744.70    747.55    748.49    747.50    744.60    739.81    733.18    724.79    714.73    703.12    690.08    675.73    660.24    643.76    626.46    608.58    590.70
       0.00      0.00    562.94    581.02    598.69    615.78    632.15    647.66    662.16    675.51    687.61    698.32    707.56    715.24    721.29    725.66    728.32    729.24    728.42    725.87    721.62    715.71    708.20    699.19    688.76    677.05    664.16    650.22    635.40    619.84    603.78    587.84
       0.00      0.00    565.59    585.50    604.95    623.77    641.80    658.87    674.82    689.51    702.80    714.57    724.70    733.11    739.71    744.45    747.30    748.23    747.23    744.32    739.53    732.90    724.51    714.44    702.83    689.78    675.44    659.94    643.45    626.15    608.25    590.34
       0.00      0.00    565.68    587.11    608.06    628.34    647.76    666.12    683.26    699.05    713.33    725.97    736.86    745.88    752.97    758.06    761.11    762.09    761.01    757.87    752.71    745.59    736.56    725.73    713.22    699.17    683.73    667.05    649.29    630.66    611.35    591.93
       0.00      0.00    570.03    593.02    615.49    637.22    658.03    677.73    696.14    713.07    728.38    741.92    753.57    763.21    770.75    776.14    779.33    780.28    779.01    775.51    769.82    761.99    752.13    740.34    726.75    711.50    694.74    676.64    657.40    637.21    616.29    595.21
       0.00      0.00    569.84    594.15    617.92    640.92    662.94    683.76    703.20    721.09    737.26    751.56    763.86    774.04    782.02    787.71    791.08    792.09    790.75    787.07    781.08    772.84    762.43    749.99    735.64    719.54    701.84    682.74    662.42    641.09    618.98    596.62
       0.00      0.00    573.30    598.56    623.25    647.13    669.99    691.63    711.84    730.43    747.23    762.09    774.85    785.40    793.65    799.52    802.96    803.94    802.46    798.52    792.17    783.47    772.54    759.49    744.46    727.59    709.06    689.07    667.81    645.50    622.38    599.01
       0.00      0.00    574.20    600.09    625.38    649.85    673.27    695.45    716.16    735.20    752.41    767.63    780.70    791.50    799.94    805.94    809.45    810.45    808.91    804.86    798.32    789.39    778.17    764.77    749.34    732.04    713.03    692.52    670.71    647.82    624.11    600.12
       0.00      0.00    574.79    601.09    626.79    651.64    675.44    697.97    719.00    738.35    755.83    771.28    784.55    795.52    804.09    810.17    813.73    814.72    813.15    809.02    802.36    793.27    781.85    768.22    752.53    734.93    715.60    694.74    672.56    649.29    625.18    600.77
       0.00      0.00    574.19    600.07    625.36    649.82    673.24    695.41    716.11    735.15    752.36    767.57    780.63    791.44    799.87    805.87    809.38    810.37    808.83    804.78    798.24    789.31    778.09    764.69    749.26    731.95    712.95    692.43    670.62    647.74    624.02    600.02
       0.00      0.00    571.32    596.66    621.44    645.41    668.36    690.06    710.32    728.96    745.80    760.70    773.51    784.10    792.40    798.31    801.79    802.81    801.38    797.50    791.21    782.57    771.67    758.65    743.65    726.81    708.31    688.34    667.10    644.81    621.71    598.30
       0.00      0.00    571.81    596.04    619.71    642.61    664.54    685.29    704.68    722.52    738.64    752.89    765.14    775.28    783.21    788.86    792.18    793.15    791.76    788.03    781.98    773.68    763.23    750.75    736.37    720.24    702.52    683.39    663.04    641.70    619.58    597.24
       0.00      0.00    568.06    591.13    613.69    635.53    656.43    676.20    694.66    711.64    727.00    740.59    752.29    761.98    769.57    775.01    778.24    779.24    778.00    774.56    768.93    761.16    751.34    739.59    726.03    710.81    694.08    676.01    656.79    636.61    615.71    594.60
       0.00      0.00    567.66    589.02    609.88    630.06    649.39    667.69    684.79    700.53    714.77    727.37    738.21    747.19    754.24    759.29    762.29    763.24    762.11    758.93    753.72    746.53    737.45    726.59    714.05    699.98    684.50    667.80    650.02    631.37    612.06    592.67
       0.00      0.00    565.59    585.51    604.98    623.80    641.83    658.91    674.87    689.57    702.86    714.63    724.77    733.18    739.79    744.54    747.39    748.31    747.32    744.42    739.62    732.99    724.60    714.54    702.92    689.88    675.53    660.04    643.55    626.25    608.35    590.45
       0.00      0.00    562.94    581.02    598.69    615.78    632.15    647.66    662.16    675.51    687.60    698.32    707.56    715.24    721.29    725.66    728.31    729.23    728.41    725.87    721.62    715.71    708.20    699.18    688.76    677.04    664.15    650.22    635.39    619.83    603.78    587.82
       0.00      0.00    565.60    585.53    605.00    623.83    641.87    658.95    674.92    689.62    702.92    714.70    724.84    733.26    739.87    744.62    747.48    748.41    747.42    744.52    739.73    733.10    724.71    714.65    703.04    689.99    675.65    660.16    643.67    626.38    608.49    590.60
       0.00      0.00    567.68    589.05    609.92    630.12    649.46    667.77    684.88    700.64    714.88    727.49    738.34    747.34    754.39    759.45    762.46    763.41    762.29    759.12    753.90    746.72    737.64    726.78    714.25    700.17    684.71    668.00    650.23    631.59    612.29    592.92
       0.00      0.00    570.05    593.07    615.55    637.30    658.13    677.85    696.27    713.22    728.55    742.11    753.77    763.42    770.98    776.38    779.58    780.54    779.28    775.78    770.09    762.27    752.41    740.63    727.04    711.79    695.04    676.95    657.71    637.52    616.61    595.56
       0.00      0.00    571.83    596.08    619.77    642.69    664.64    685.41    704.81    722.67    738.81    753.08    765.34    775.49    783.43    789.09    792.43    793.41    792.02    788.29    782.24    773.94    763.50    751.03    736.65    720.52    702.81    683.68    663.34    642.00    619.89    597.58
       0.00      0.00    573.32    598.61    623.31    647.21    670.09    691.75    711.97    730.58    747.40    762.26    775.04    785.60    793.86    799.74    803.19    804.18    802.70    798.77    792.41    783.72    772.79    759.74    744.71    727.85    709.33    689.33    668.08    645.77    622.66    599.32
       0.00      0.00    574.20    600.09    625.38    649.85    673.28    695.45    716.16    735.21    752.42    767.63    780.70    791.50    799.95    805.95    809.46    810.45    808.92    804.86    798.33    789.40    778.17    764.78    749.35    732.04    713.04    692.53    670.72    647.83    624.12    600.13
       0.00      0.00    572.21    598.15    623.53    648.08    671.58    693.80    714.55    733.63    750.88    766.12    779.23    790.07    798.55    804.59    808.14    809.16    807.67    803.67    797.20    788.32    777.14    763.77    748.37    731.09    712.11    691.62    669.84    646.97    623.26    599.22
       0.00      0.00    571.30    596.62    621.37    645.33    668.26    689.95    710.19    728.81    745.64    760.52    773.32    783.91    792.19    798.09    801.56    802.58    801.13    797.25    790.96    782.33    771.43    758.41    743.41    726.57    708.07    688.09    666.85    644.56    621.45    598.02
       0.00      0.00    569.82    594.10    617.85    640.84    662.84    683.64    703.07    720.94    737.10    751.38    763.67    773.84    781.81    787.49    790.85    791.86    790.50    786.82    780.83    772.59    762.18    749.74    735.39    719.28    701.59    682.48    662.16    640.83    618.72    596.32
       0.00      0.00    568.04    591.09    613.63    635.44    656.33    676.08    694.52    711.50    726.84    740.42    752.10    761.77    769.36    774.78    778.00    779.00    777.75    774.30    768.67    760.91    751.09    739.34    725.78    710.55    693.82    675.75    656.53    636.35    615.44    594.30
       0.00      0.00    565.66    587.07    608.00    628.26    647.65    666.00    683.14    698.91    713.17    725.80    736.67    745.69    752.77    757.85    760.89    761.86    760.77    757.63    752.47    745.34    736.32    725.49    712.99    698.94    683.49    666.81    649.05    630.42    611.11    591.65
       0.00      0.00    563.59    583.56    603.09    622.00    640.10    657.22    673.21    687.93    701.26    713.06    723.23    731.67    738.31    743.09    745.97    746.93    745.97    743.10    738.35    731.78    723.44    713.43    701.84    688.82    674.50    659.03    642.56    625.27    607.36    589.40
       0.00      0.00    560.92    579.03    596.74    613.88    630.30    645.84    660.36    673.72    685.83    696.56    705.81    713.51    719.58    723.97    726.64    727.58    726.78    724.26    720.05    714.20    706.74    697.77    687.38    675.69    662.82    648.90    634.09    618.54    602.45    586.40
       0.00      0.00    562.94    581.03    598.69    615.78    632.15    647.66    662.16    675.52    687.61    698.33    707.57    715.24    721.29    725.66    728.32    729.24    728.42    725.88    721.63    715.72    708.21    699.19    688.77    677.05    664.16    650.23    635.41    619.85    603.79    587.84
       0.00      0.00    565.61    585.55    605.02    623.86    641.91    658.99    674.97    689.67    702.98    714.76    724.91    733.33    739.95    744.71    747.56    748.50    747.51    744.62    739.83    733.19    724.80    714.75    703.14    690.09    675.75    660.26    643.78    626.48    608.60    590.72
       0.00      0.00    567.69    589.06    609.95    630.15    649.49    667.81    684.93    700.69    714.94    727.56    738.41    747.41    754.47    759.53    762.55    763.50    762.39    759.21    754.00    746.82    737.74    726.88    714.35    700.28    684.81    668.11    650.34    631.70    612.41    593.05
       0.00      0.00    570.06    593.08    615.57    637.33    658.17    677.89    696.32    713.28    728.61    742.17    753.84    763.50    771.06    776.47    779.67    780.64    779.37    775.88    770.19    762.36    752.51    740.73    727.15    711.90    695.15    677.06    657.82    637.64    616.73    595.69
       0.00      0.00    571.84    596.10    619.80    642.72    664.67    685.45    704.86    722.72    738.86    753.14    765.41    775.56    783.51    789.17    792.51    793.49    792.11    788.38    782.33    774.03    763.59    751.12    736.75    720.62    702.90    683.78    663.44    642.10    619.99    597.69
       0.00      0.00    573.31    598.59    623.29    647.18    670.06    691.71    711.93    730.53    747.34    762.21    774.98    785.54    793.79    799.67    803.11    804.10    802.63    798.69    792.34    783.64    772.71    759.66    744.63    727.77    709.25    689.25    667.99    645.69    622.58    599.22
       0.00      0.00    571.32    596.65    621.42    645.39    668.33    690.02    710.28    728.91    745.75    760.64    773.45    784.04    792.33    798.24    801.72    802.74    801.30    797.42    791.14    782.50    771.60    758.58    743.58    726.74    708.24    688.27    667.04    644.75    621.64    598.22
       0.00      0.00    571.29    596.60    621.35    645.30    668.23    689.91    710.14    728.76    745.59    760.46    773.25    783.83    792.11    798.01    801.47    802.49    801.04    797.15    790.87    782.23    771.33    758.31    743.30    726.46    707.96    687.99    666.74    644.45    621.34    597.89
       0.00      0.00    569.81    594.09    617.83    640.81    662.80    683.60    703.02    720.89    737.04    751.32    763.60    773.77    781.73    787.41    790.76    791.76    790.41    786.72    780.73    772.49    762.09    749.64    735.29    719.18    701.49    682.38    662.05    640.72    618.61    596.20
       0.00      0.00    568.03    591.07    613.60    635.41    656.29    676.04    694.48    711.44    726.78    740.35    752.03    761.70    769.28    774.70    777.91    778.90    777.66    774.20    768.57    760.80    750.99    739.24    725.67    710.45    693.71    675.64    656.42    636.24    615.32    594.17
       0.00      0.00    565.65    587.05    607.97    628.23    647.62    665.96    683.09    698.85    713.11    725.73    736.60    745.61    752.68    757.76    760.79    761.76    760.67    757.52    752.36    745.23    736.21    725.38    712.87    698.82    683.37    666.69    648.93    630.29    610.98    591.51
       0.00      0.00    563.58    583.53    603.05    621.94    640.03    657.14    673.12    687.83    701.15    712.94    723.09    731.53    738.16    742.93    745.80    746.76    745.79    742.91    738.17    731.59    723.25    713.24    701.66    688.63    674.31    658.83    642.36    625.07    607.16    589.18
       0.00      0.00    560.91    579.01    596.71    613.85    630.27    645.80    660.31    673.67    685.77    696.49    705.74    713.43    719.50    723.88    726.55    727.48    726.68    724.16    719.95    714.09    706.63    697.66    687.27    675.57    662.70    648.78    633.97    618.42    602.32    586.26
       0.00      0.00    562.94    581.03    598.69    615.78    632.15    647.66    662.16    675.52    687.61    698.33    707.57    715.25    721.30    725.67    728.32    729.24    728.43    725.89    721.63    715.72    708.22    699.20    688.78    677.06    664.17    650.24    635.42    619.86    603.80    587.85
       0.00      0.00    565.61    585.55    605.02    623.86    641.91    659.00    674.97    689.68    702.98    714.77    724.92    733.34    739.95    744.71    747.57    748.51    747.52    744.62    739.83    733.20    724.81    714.76    703.15    690.10    675.76    660.27    643.79    626.49    608.61    590.74
       0.00      0.00    567.69    589.06    609.95    630.15    649.50    667.81    684.93    700.69    714.95    727.56    738.42    747.42    754.48    759.54    762.56    763.51    762.40    759.22    754.01    746.83    737.75    726.89    714.36    700.29    684.83    668.12    650.36    631.71    612.42    593.07
       0.00      0.00    570.06    593.08    615.58    637.33    658.17    677.89    696.32    713.28    728.61    742.18    753.84    763.50    771.07    776.47    779.67    780.64    779.38    775.88    770.19    762.37    752.51    740.73    727.15    711.91    695.15    677.07    657.83    637.64    616.74    595.71
       0.00      0.00    571.84    596.10    619.79    642.72    664.67    685.45    704.86    722.71    738.86    753.13    765.40    775.55    783.50    789.16    792.49    793.47    792.10    788.36    782.31    774.01    763.57    751.09    736.72    720.59    702.87    683.75    663.40    642.06    619.95    597.65
       0.00      0.00    571.82    596.05    619.73    642.64    664.57    685.33    704.72    722.57    738.69    752.95    765.21    775.35    783.28    788.94    792.26    793.24    791.85    788.12    782.07    773.77    763.32    750.85    736.47    720.34    702.62    683.49    663.15    641.80    619.69    597.36
       0.00      0.00    569.82    594.10    617.85    640.84    662.84    683.64    703.07    720.94    737.10    751.38    763.67    773.84    781.81    787.49    790.85    791.86    790.51    786.82    780.83    772.59    762.19    749.74    735.39    719.29    701.59    682.49    662.17    640.84    618.73    596.33
       0.00      0.00    569.81    594.09    617.83    640.80    662.80    683.60    703.02    720.88    737.03    751.31    763.59    773.76    781.72    787.40    790.75    791.75    790.39    786.70    780.71    772.47    762.07    749.62    735.26    719.15    701.45    682.34    662.02    640.68    618.57    596.16
       0.00      0.00    568.03    591.07    613.60    635.41    656.29    676.04    694.47    711.44    726.78    740.35    752.02    761.69    769.27    774.69    777.91    778.90    777.65    774.19    768.56    760.79    750.98    739.23    725.66    710.44    693.70    675.63    656.41    636.23    615.31    594.16
       0.00      0.00    565.65    587.05    607.97    628.23    647.62    665.96    683.08    698.85    713.11    725.73    736.59    745.60    752.68    757.75    760.78    761.75    760.66    757.51    752.35    745.22    736.20    725.37    712.86    698.81    683.36    666.67    648.92    630.28    610.96    591.49
       0.00      0.00    563.58    583.53    603.05    621.94    640.02    657.14    673.12    687.83    701.14    712.93    723.09    731.52    738.15    742.92    745.79    746.75    745.78    742.90    738.15    731.58    723.24    713.22    701.64    688.61    674.29    658.81    642.34    625.05    607.14    589.15
       0.00      0.00    560.91    579.01    596.71    613.85    630.26    645.80    660.31    673.67    685.77    696.49    705.74    713.43    719.49    723.87    726.54    727.47    726.67    724.15    719.93    714.07    706.62    697.64    687.26    675.56    662.68    648.77    633.95    618.40    602.30    586.24
       0.00      0.00    562.94    581.03    598.69    615.78    632.15    647.66    662.16    675.52    687.61    698.33    707.57    715.25    721.30    725.67    728.32    729.24    728.43    725.89    721.64    715.72    708.22    699.20    688.78    677.06    664.17    650.24    635.42    619.86    603.80    587.86
       0.00      0.00    565.61    585.55    605.02    623.86    641.91    659.00    674.97    689.68    702.98    714.77    724.92    733.34    739.95    744.71    747.57    748.51    747.52    744.62    739.83    733.20    724.81    714.76    703.15    690.11    675.77    660.27    643.79    626.50    608.61    590.74
       0.00      0.00    567.69    589.06    609.95    630.15    649.50    667.81    684.93    700.69    714.94    727.56    738.42    747.42    754.48    759.54    762.56    763.51    762.40    759.22    754.01    746.82    737.75    726.89    714.36    700.29    684.83    668.12    650.36    631.71    612.42    593.06
       0.00      0.00    570.06    593.08    615.57    637.33    658.17    677.89    696.32    713.28    728.61    742.17    753.83    763.49    771.06    776.46    779.66    780.63    779.36    775.87    770.18    762.35    752.49    740.71    727.13    711.88    695.13    677.04    657.80    637.61    616.71    595.66
       0.00      0.00    570.05    593.07    615.55    637.30    658.13    677.85    696.27    713.22    728.55    742.11    753.77    763.42    770.98    776.38    779.57    780.54    779.27    775.78    770.08    762.26    752.40    740.62    727.03    711.78    695.03    676.94    657.70    637.51    616.61    595.55
       0.00      0.00    568.05    591.12    613.67    635.50    656.40    676.16    694.61    711.59    726.95    740.53    752.22    761.91    769.50    774.93    778.16    779.16    777.92    774.47    768.84    761.08    751.27    739.51    725.96    710.73    694.00    675.94    656.72    636.54    615.63    594.51
       0.00      0.00    568.03    591.07    613.60    635.41    656.29    676.04    694.48    711.44    726.78    740.35    752.03    761.70    769.28    774.71    777.92    778.91    777.67    774.21    768.58    760.82    751.00    739.25    725.69    710.46    693.73    675.66    656.43    636.26    615.34    594.19
       0.00      0.00    568.03    591.07    613.60    635.41    656.29    676.04    694.47    711.44    726.77    740.34    752.02    761.69    769.27    774.68    777.90    778.88    777.64    774.18    768.54    760.78    750.96    739.21    725.64    710.41    693.68    675.60    656.38    636.20    615.28    594.12
       0.00      0.00    565.65    587.05    607.97    628.22    647.62    665.96    683.08    698.85    713.11    725.73    736.59    745.60    752.68    757.75    760.78    761.75    760.66    757.51    752.35    745.22    736.20    725.37    712.86    698.81    683.36    666.67    648.92    630.28    610.96    591.49
       0.00      0.00    563.58    583.53    603.05    621.94    640.02    657.14    673.12    687.83    701.14    712.93    723.09    731.52    738.15    742.92    745.79    746.75    745.78    742.90    738.15    731.58    723.24    713.22    701.64    688.61    674.29    658.81    642.34    625.05    607.14    589.15
       0.00      0.00    560.91    579.01    596.71    613.85    630.26    645.80    660.30    673.67    685.76    696.49    705.74    713.43    719.49    723.87    726.54    727.47    726.67    724.15    719.93    714.07    706.62    697.64    687.26    675.56    662.68    648.77    633.95    618.40    602.30    586.24
       0.00      0.00    562.94    581.03    598.69    615.78    632.15    647.66    662.16    675.52    687.61    698.33    707.57    715.25    721.30    725.67    728.32    729.24    728.43    725.88    721.63    715.72    708.21    699.20    688.77    677.06    664.17    650.23    635.41    619.85    603.80    587.85
       0.00      0.00    565.61    585.55    605.02    623.86    641.91    659.00    674.97    689.68    702.98    714.77    724.92    733.34    739.95    744.71    747.57    748.51    747.52    744.62    739.83    733.20    724.81    714.76    703.15    690.11    675.77    660.27    643.79    626.50    608.62    590.74
       0.00      0.00    567.69    589.06    609.95    630.15    649.49    667.81    684.93    700.69    714.94    727.55    738.41    747.41    754.47    759.53    762.55    763.50    762.38    759.21    753.99    746.81    737.73    726.87    714.34    700.27    684.80    668.10    650.33    631.68    612.39    593.03
       0.00      0.00    567.69    589.06    609.95    630.14    649.49    667.81    684.93    700.69    714.94    727.55    738.41    747.40    754.46    759.52    762.54    763.49    762.38    759.20    753.99    746.80    737.73    726.87    714.34    700.27    684.80    668.10    650.33    631.68    612.39    593.03
       0.00      0.00    567.66    589.02    609.88    630.06    649.39    667.69    684.79    700.54    714.77    727.37    738.21    747.20    754.25    759.30    762.30    763.25    762.12    758.94    753.73    746.55    737.47    726.61    714.07    700.00    684.53    667.82    650.05    631.40    612.09    592.71
       0.00      0.00    565.66    587.07    608.00    628.26    647.65    666.00    683.13    698.91    713.17    725.80    736.67    745.69    752.76    757.84    760.88    761.86    760.76    757.62    752.47    745.34    736.31    725.49    712.98    698.93    683.48    666.80    649.05    630.41    611.10    591.65
       0.00      0.00    565.65    587.05    607.97    628.23    647.62    665.96    683.09    698.85    713.11    725.73    736.60    745.61    752.68    757.75    760.79    761.76    760.66    757.51    752.35    745.23    736.20    725.37    712.86    698.81    683.36    666.68    648.92    630.28    610.97    591.50
       0.00      0.00    565.65    587.05    607.97    628.22    647.61    665.96    683.08    698.84    713.10    725.72    736.59    745.60    752.67    757.74    760.77    761.74    760.64    757.49    752.33    745.20    736.18    725.35    712.84    698.79    683.34    666.65    648.89    630.25    610.93    591.46
       0.00      0.00    563.58    583.53    603.04    621.93    640.02    657.14    673.12    687.83    701.14    712.93    723.09    731.52    738.15    742.92    745.79    746.74    745.77    742.90    738.15    731.58    723.24    713.22    701.64    688.61    674.29    658.81    642.34    625.05    607.14    589.15
       0.00      0.00    560.91    579.01    596.71    613.85    630.26    645.80    660.30    673.67    685.76    696.49    705.73    713.43    719.49    723.87    726.54    727.47    726.67    724.15    719.93    714.07    706.61    697.64    687.25    675.56    662.68    648.77    633.95    618.40    602.30    586.23
       0.00      0.00    562.94    581.03    598.69    615.78    632.15    647.66    662.16    675.52    687.61    698.33    707.57    715.25    721.30    725.67    728.32    729.25    728.43    725.89    721.64    715.72    708.22    699.20    688.78    677.06    664.17    650.24    635.42    619.86    603.81    587.86
       0.00      0.00    565.61    585.55    605.02    623.86    641.91    658.99    674.97    689.67    702.98    714.76    724.91    733.33    739.95    744.71    747.57    748.50    747.52    744.62    739.83    733.19    724.80    714.75    703.14    690.09    675.75    660.26    643.78    626.48    608.60    590.72
       0.00      0.00    565.61    585.55    605.02    623.86    641.91    658.99    674.97    689.67    702.98    714.76    724.91    733.33    739.95    744.71    747.57    748.51    747.52    744.62    739.83    733.20    724.81    714.75    703.14    690.10    675.76    660.27    643.79    626.49    608.61    590.73
       0.00      0.00    565.60    585.53    605.00    623.83    641.87    658.95    674.92    689.62    702.92    714.70    724.84    733.26    739.87    744.62    747.47    748.41    747.42    744.52    739.73    733.10    724.70    714.65    703.03    689.99    675.65    660.15    643.67    626.37    608.48    590.59
       0.00      0.00    563.60    583.58    603.11    622.02    640.13    657.26    673.26    687.99    701.31    713.12    723.29    731.74    738.38    743.17    746.05    747.02    746.06    743.19    738.45    731.88    723.54    713.52    701.94    688.92    674.60    659.13    642.66    625.38    607.47    589.52
       0.00      0.00    563.58    583.53    603.05    621.94    640.03    657.14    673.12    687.83    701.15    712.94    723.10    731.53    738.16    742.94    745.81    746.76    745.80    742.92    738.18    731.60    723.27    713.25    701.67    688.64    674.32    658.85    642.38    625.09    607.18    589.19
       0.00      0.00    563.58    583.53    603.04    621.94    640.02    657.14    673.12    687.83    701.14    712.93    723.09    731.52    738.15    742.92    745.79    746.75    745.78    742.90    738.15    731.58    723.24    713.22    701.64    688.61    674.29    658.81    642.34    625.05    607.14    589.15
       0.00      0.00    563.58    583.53    603.04    621.93    640.02    657.14    673.11    687.83    701.14    712.93    723.08    731.52    738.15    742.92    745.79    746.74    745.77    742.89    738.15    731.57    723.23    713.21    701.63    688.60    674.28    658.80    642.33    625.04    607.12    589.13
       0.00      0.00    560.91    579.01    596.71    613.85    630.26    645.80    660.30    673.67    685.76    696.49    705.73    713.43    719.49    723.87    726.54    727.47    726.67    724.15    719.93    714.07    706.61    697.64    687.26    675.56    662.68    648.77    633.95    618.40    602.30    586.24
       0.00      0.00    562.94    581.03    598.69    615.78    632.15    647.66    662.16    675.52    687.61    698.33    707.57    715.25    721.30    725.67    728.32    729.24    728.43    725.88    721.63    715.72    708.21    699.20    688.78    677.06    664.17    650.24    635.41    619.86    603.80    587.85
       0.00      0.00    562.94    581.02    598.69    615.78    632.15    647.66    662.16    675.51    687.61    698.32    707.56    715.24    721.29    725.66    728.31    729.23    728.41    725.87    721.62    715.71    708.20    699.18    688.76    677.04    664.15    650.22    635.39    619.84    603.78    587.83
       0.00      0.00    562.93    580.99    598.64    615.72    632.08    647.58    662.06    675.41    687.49    698.19    707.42    715.09    721.13    725.49    728.14    729.05    728.23    725.68    721.42    715.51    708.00    698.98    688.56    676.84    663.94    650.01    635.18    619.62    603.55    587.57
       0.00      0.00    560.92    579.03    596.74    613.88    630.30    645.84    660.35    673.72    685.83    696.56    705.81    713.51    719.58    723.96    726.64    727.58    726.78    724.26    720.05    714.19    706.73    697.76    687.38    675.68    662.81    648.90    634.09    618.54    602.44    586.39
       0.00      0.00    560.91    579.01    596.71    613.85    630.27    645.80    660.31    673.67    685.77    696.49    705.74    713.43    719.49    723.87    726.54    727.48    726.68    724.15    719.94    714.08    706.62    697.65    687.26    675.56    662.69    648.77    633.96    618.41    602.31    586.24
       0.00      0.00    560.91    579.01    596.71    613.85    630.26    645.80    660.30    673.67    685.76    696.49    705.74    713.43    719.49    723.87    726.54    727.47    726.67    724.15    719.93    714.07    706.61    697.64    687.26    675.56    662.68    648.77    633.95    618.40    602.30    586.24
