   683.4748  657.0235  621.0771  584.8923  549.4901  515.3195  482.5942  451.4180  421.8360  393.6777  305.4377  294.0550  684.2603  657.8219  621.8893  585.7142  550.3173  516.1473  483.4182  452.2337  422.6393  394.4646  306.1649  294.7714  685.0188  658.5939  622.6761  586.5121  551.1218  516.9538  484.2222  453.0310
   423.4256  395.2359  306.8817  295.4783  685.7483  659.3381  623.4368  587.2854  551.9034  517.7393  485.0071  453.8108  424.1963  395.9934  307.5900  296.1779  686.4503  660.0556  624.1719  588.0347  552.6626  518.5039  485.7727  454.5732  424.9513  396.7370  308.2902  296.8705  687.1287  660.7496  624.8840  588.7616
   553.4004  519.2485  486.5198  455.3186  425.6909  397.4668  308.9821  297.5558  687.7888  661.4243  625.5761  589.4682  554.1181  519.9735  487.2483  456.0468  426.4149  398.1829  309.6664  298.2345  688.4348  662.0842  626.2518  590.1570  554.8165  520.6783  487.9563  456.7550  427.1203  398.8824  310.3415  298.9055
   689.0692  662.7323  626.9156  590.8331  555.5013  521.3677  488.6466  457.4426  427.8021  399.5557  310.9837  299.5447  689.6921  663.3693  627.5687  591.4990  556.1760  522.0473  489.3271  458.1201  428.4729  400.2163  311.6053  300.1607  690.3042  663.9958  628.2116  592.1551  556.8415  522.7182  489.9995  458.7900
   429.1366  400.8702  312.2221  300.7723  690.9054  664.6116  628.8443  592.8014  557.4977  523.3803  490.6635  459.4521  429.7931  401.5175  312.8341  301.3794  691.4944  665.2156  629.4657  593.4371  558.1439  524.0330  491.3188  460.1061  430.4422  402.1582  313.4417  301.9825  692.0687  665.8054  630.0736  594.0601
   558.7783  524.6748  491.9640  460.7509  431.0829  402.7912  314.0445  302.5812  692.6294  666.3822  630.6693  594.6716  559.4018  525.3065  492.5999  461.3873  431.7160  403.4175  314.6430  303.1759  693.1772  666.9464  631.2530  595.2718  560.0148  525.9285  493.2269  462.0154  432.3415  404.0369  315.2372  303.7667
   693.7127  667.4988  631.8255  595.8615  560.6180  526.5413  493.8454  462.6358  432.9601  404.6501  315.8274  304.3537  694.2364  668.0397  632.3871  596.4408  561.2115  527.1451  494.4556  463.2485  433.5717  405.2570  316.4136  304.9368  694.7490  668.5699  632.9384  597.0106  561.7960  527.7405  495.0581  463.8542
   434.1769  405.8582  316.9962  305.5165  695.2508  669.0896  633.4798  597.5709  562.3717  528.3277  495.6530  464.4530  434.7759  406.4538  317.5753  306.0928  695.7430  669.6000  634.0123  598.1228  562.9395  528.9077  496.2413  465.0458  435.3694  407.0446  318.1515  306.6663  696.2261  670.1015  634.5364  598.6668
   563.4999  529.4808  496.8232  465.6328  435.9578  407.6308  318.7249  307.2370  696.6966  670.5905  635.0481  599.1986  564.0485  530.0425  497.3942  466.2093  436.5362  408.2076  319.2912  307.8007  697.1535  671.0659  635.5463  599.7171  564.5841  530.5914  497.9529  466.7741  437.1035  408.7740  319.8488  308.3559
   697.5936  671.5245  636.0278  600.2192  565.1036  531.1250  498.4968  467.3248  437.6575  409.3279  320.3969  308.9018  698.0494  671.9988  636.5250  600.7368  565.6383  531.6731  499.0547  467.8887  438.2238  409.8930  320.9526  309.4546  891.2205  885.6440  878.7862  872.5999  867.2460  862.7424  859.0508  856.1095
   853.8471  852.1793  847.7036  847.3763  899.2753  893.9117  887.3187  881.3748  876.2346  871.9149  868.3788  865.5666  863.4094  861.8261  857.5910  857.2870  901.7874  896.5005  890.0065  884.1570  879.1043  874.8649  871.4019  868.6559  866.5590  865.0308  860.9658  860.6834  903.2918  898.0602  891.6398  885.8631
   880.8806  876.7082  873.3089  870.6237  868.5848  867.1126  863.2248  862.9664
