    -0.6025    1.4610  294.0600  294.7513  295.4449  296.1433  296.8468  297.5550  298.2681  298.9843  299.6717  300.3489  301.0308  301.7172  302.4082  303.1034  303.8030  304.5066  305.2144  305.9260  306.6415  307.3603  308.0993  867.0354  873.3192  876.1401  877.8441  879.0474  879.9940  880.8674  881.6472  882.4731
    -0.3615    1.4610  294.0562  294.7478  295.4417  296.1405  296.8443  297.5527  298.2657  298.9816  299.6686  300.3451  301.0260  301.7110  302.4003  303.0936  303.7910  304.4920  305.1971  305.9055  306.6175  307.3322  308.0661  865.7796  872.8576  875.8195  877.5123  878.7781  879.7313  880.6181  881.4202  882.2700
    -0.1205    1.4610  294.0535  294.7578  295.4586  296.1580  296.8563  297.5530  298.2485  298.9413  299.6037  300.2487  300.8935  301.5378  302.1818  302.8253  303.4686  304.1112  304.7538  305.3960  306.0382  306.6803  307.3230  307.9629  308.5968  309.2410  864.8520  868.5652  870.6127  872.1236  873.3523  874.5121
     0.1205    1.4610  973.1736  972.5194  971.8225  971.2220  970.6683  970.1932  969.7478  969.3741  969.0371  968.7718  968.5399  968.3808  968.2434  968.1717  968.1379  968.1713  968.2410  968.3791  968.5520  968.7894  969.0565  969.3862  969.7561  970.1904  970.6658  971.2100  971.8012  972.4741  973.2144  974.0761
     0.3615    1.4610  973.1759  972.5221  971.8255  971.2250  970.6713  970.1950  969.7494  969.3756  969.0383  968.7727  968.5402  968.3797  968.2416  968.1693  968.1348  968.1676  968.2366  968.3741  968.5463  968.7823  969.0488  969.3783  969.7478  970.1822  970.6576  971.2025  971.7942  972.4682  973.2088  974.0724
     0.6025    1.4610  973.1762  972.5220  971.8255  971.2251  970.6714  970.1950  969.7494  969.3756  969.0382  968.7727  968.5402  968.3796  968.2415  968.1692  968.1346  968.1675  968.2363  968.3740  968.5459  968.7821  969.0484  969.3781  969.7473  970.1819  970.6571  971.2022  971.7936  972.4680  973.2084  974.0722
    -0.9640    1.2523  294.0638  294.7554  295.4492  296.1477  296.8513  297.5595  298.2725  298.9884  299.6754  300.3521  301.0335  301.7193  302.4096  303.1041  303.8030  304.5058  305.2130  305.9240  306.6392  307.3578  308.0969  866.9681  873.3146  876.1325  877.8401  879.0439  879.9902  880.8632  881.6430  882.4698
    -0.7230    1.2523  294.0622  294.7537  295.4475  296.1460  296.8496  297.5578  298.2709  298.9868  299.6739  300.3507  301.0322  301.7180  302.4084  303.1029  303.8018  304.5047  305.2117  305.9225  306.6374  307.3555  308.0939  866.6391  872.9723  875.8126  877.5404  878.7698  879.7459  880.6542  881.4755  882.3530
    -0.4820    1.2523  294.0580  294.7493  295.4430  296.1415  296.8450  297.5533  298.2664  298.9825  299.6698  300.3468  301.0284  301.7143  302.4048  303.0992  303.7980  304.5006  305.2073  305.9175  306.6316  307.3485  308.0852  866.1192  872.8271  875.7168  877.4537  878.7040  879.6865  880.6024  881.4306  882.3106
    -0.2410    1.2523  294.0551  294.7529  295.4501  296.1490  296.8498  297.5522  298.2563  298.9604  299.6351  300.2959  300.9588  301.6238  302.2908  302.9597  303.6306  304.3033  304.9781  305.6544  306.3328  307.0128  307.6940  308.3846  861.6165  869.3397  872.4168  874.2578  875.5910  876.6476  877.5423  878.5049
     0.0000    1.2523  973.0282  972.3105  971.5595  970.9112  970.3155  969.8051  969.3265  968.9233  968.5613  968.2743  968.0252  967.8522  967.7073  967.6293  967.5935  967.6279  967.7030  967.8494  968.0350  968.2897  968.5764  968.9287  969.3251  969.7888  970.2978  970.8785  971.5108  972.2286  973.0216  973.9418
     0.2410    1.2523  973.0358  972.3183  971.5681  970.9205  970.3245  969.8103  969.3312  968.9277  968.5646  968.2769  968.0263  967.8510  967.7023  967.6227  967.5850  967.6179  967.6911  967.8360  968.0198  968.2706  968.5560  968.9077  969.3035  969.7675  970.2769  970.8593  971.4932  972.2140  973.0080  973.9332
     0.4820    1.2523  973.0350  972.3181  971.5679  970.9203  970.3244  969.8103  969.3311  968.9276  968.5646  968.2768  968.0262  967.8508  967.7020  967.6223  967.5845  967.6172  967.6903  967.8351  968.0188  968.2693  968.5547  968.9061  969.3019  969.7658  970.2752  970.8574  971.4915  972.2124  973.0067  973.9322
     0.7230    1.2523  973.0351  972.3181  971.5679  970.9204  970.3245  969.8104  969.3312  968.9277  968.5645  968.2769  968.0262  967.8509  967.7020  967.6224  967.5844  967.6173  967.6903  967.8351  968.0187  968.2694  968.5546  968.9061  969.3018  969.7658  970.2751  970.8573  971.4914  972.2123  973.0067  973.9321
     0.9640    1.2523  973.1763  972.5220  971.8253  971.2250  970.6714  970.1950  969.7495  969.3756  969.0383  968.7727  968.5403  968.3797  968.2416  968.1693  968.1348  968.1675  968.2365  968.3740  968.5461  968.7821  969.0485  969.3780  969.7474  970.1818  970.6572  971.2021  971.7937  972.4680  973.2085  974.0722
    -1.0845    1.0436  294.0629  294.7544  295.4482  296.1467  296.8502  297.5584  298.2713  298.9873  299.6744  300.3513  301.0329  301.7190  302.4097  303.1046  303.8040  304.5073  305.2150  305.9266  306.6422  307.3612  308.1007  866.7348  873.2308  876.0745  877.7797  878.9987  879.9510  880.8317  881.6185  882.4525
    -0.8435    1.0436  294.0627  294.7542  295.4480  296.1465  296.8501  297.5583  298.2713  298.9872  299.6742  300.3509  301.0323  301.7181  302.4084  303.1028  303.8017  304.5045  305.2116  305.9225  306.6375  307.3558  308.0945  866.4019  872.8767  875.7499  877.4870  878.7307  879.7085  880.6203  881.4437  882.3195
    -0.6025    1.0436  294.0604  294.7519  295.4456  296.1441  296.8477  297.5559  298.2689  298.9849  299.6721  300.3490  301.0305  301.7165  302.4070  303.1018  303.8009  304.5041  305.2115  305.9226  306.6378  307.3560  308.0945  866.5329  872.7589  875.5967  877.3314  878.5729  879.5678  880.4984  881.3471  882.2559
    -0.3615    1.0436  294.0551  294.7467  295.4406  296.1394  296.8433  297.5517  298.2648  298.9808  299.6679  300.3445  301.0254  301.7105  302.3998  303.0930  303.7903  304.4911  305.1959  305.9039  306.6154  307.3294  308.0626  864.9915  872.2483  875.2398  876.9685  878.2923  879.2998  880.2524  881.1264  882.0657
    -0.1205    1.0436  294.0547  294.7590  295.4598  296.1591  296.8573  297.5538  298.2490  298.9413  299.6033  300.2477  300.8919  301.5357  302.1792  302.8221  303.4650  304.1075  304.7502  305.3926  306.0352  306.6779  307.3214  307.9603  308.5913  309.2302  864.2091  868.0844  870.2255  871.8223  873.1478  874.4019
     0.1205    1.0436  972.9233  972.1587  971.3675  970.6835  970.0557  969.5156  969.0114  968.5857  968.2037  967.8998  967.6364  967.4520  967.2973  967.2132  967.1742  967.2081  967.2857  967.4372  967.6308  967.8953  968.1959  968.5646  968.9808  969.4671  970.0020  970.6116  971.2765  972.0306  972.8645  973.8332
     0.3615    1.0436  972.9287  972.1641  971.3732  970.6895  970.0618  969.5191  969.0145  968.5886  968.2060  967.9015  967.6371  967.4507  967.2937  967.2087  967.1683  967.2012  967.2773  967.4278  967.6201  967.8819  968.1815  968.5497  968.9654  969.4517  969.9867  970.5974  971.2635  972.0198  972.8544  973.8267
     0.6025    1.0436  972.9271  972.1638  971.3733  970.6897  970.0617  969.5190  969.0145  968.5886  968.2060  967.9015  967.6370  967.4506  967.2935  967.2084  967.1680  967.2008  967.2769  967.4273  967.6195  967.8813  968.1807  968.5490  968.9644  969.4508  969.9857  970.5965  971.2625  972.0189  972.8535  973.8262
     0.8435    1.0436  973.0356  972.3184  971.5681  970.9204  970.3245  969.8104  969.3312  968.9278  968.5646  968.2769  968.0262  967.8509  967.7020  967.6223  967.5846  967.6172  967.6904  967.8351  968.0188  968.2693  968.5547  968.9060  969.3019  969.7657  970.2752  970.8573  971.4915  972.2123  973.0067  973.9321
     1.0845    1.0436  973.1757  972.5217  971.8252  971.2251  970.6714  970.1950  969.7495  969.3757  969.0383  968.7728  968.5403  968.3797  968.2416  968.1693  968.1348  968.1675  968.2365  968.3740  968.5461  968.7821  969.0485  969.3780  969.7474  970.1818  970.6572  971.2021  971.7937  972.4679  973.2085  974.0722
    -1.2050    0.8348  294.0615  294.7529  295.4466  296.1450  296.8486  297.5567  298.2697  298.9857  299.6728  300.3496  301.0312  301.7171  302.4077  303.1024  303.8016  304.5048  305.2124  305.9239  306.6395  307.3585  308.0981  866.9104  873.2950  876.1231  877.8375  879.0401  879.9877  880.8607  881.6393  882.4646
    -0.9640    0.8348  294.0620  294.7536  295.4473  296.1459  296.8495  297.5576  298.2706  298.9864  299.6734  300.3501  301.0315  301.7172  302.4076  303.1021  303.8011  304.5041  305.2115  305.9227  306.6381  307.3568  308.0960  866.8367  873.0488  875.8732  877.5904  878.8066  879.7776  880.6812  881.4972  882.3685
    -0.7230    0.8348  294.0602  294.7517  295.4453  296.1438  296.8474  297.5556  298.2686  298.9846  299.6718  300.3488  301.0305  301.7167  302.4074  303.1024  303.8018  304.5052  305.2129  305.9243  306.6398  307.3584  308.0974  866.3181  872.7595  875.6239  877.3781  878.6238  879.6242  880.5565  881.4052  882.3129
    -0.4820    0.8348  294.0573  294.7488  295.4426  296.1412  296.8450  297.5533  298.2665  298.9825  299.6698  300.3466  301.0280  301.7137  302.4039  303.0981  303.7966  304.4990  305.2055  305.9155  306.6293  307.3459  308.0823  866.0190  872.3825  875.2625  877.0198  878.2969  879.3193  880.2838  881.1697  882.1214
    -0.2410    0.8348  294.0494  294.7411  295.4353  296.1344  296.8385  297.5470  298.2601  298.9759  299.6628  300.3389  301.0192  301.7033  302.3915  303.0832  303.7785  304.4772  305.1791  305.8839  306.5915  307.3008  308.0278  863.1695  871.3392  874.5486  876.3064  877.7082  878.7350  879.7081  880.6211  881.6187
     0.0000    0.8348  294.0527  294.7633  295.4674  296.1671  296.8625  297.5534  298.2402  298.9215  299.5717  300.2014  300.8284  301.4528  302.0749  302.6944  303.3116  303.9265  304.5395  305.1505  305.7597  306.3668  306.9725  307.5738  308.1712  308.7605  309.3568  857.1291  862.6640  865.5750  867.3738  869.0653
     0.2410    0.8348  972.8058  971.9888  971.1525  970.4290  969.7653  969.1921  968.6593  968.2086  967.8044  967.4819  967.2023  967.0054  966.8397  966.7493  966.7065  966.7404  966.8203  966.9781  967.1802  967.4564  967.7719  968.1596  968.5971  969.1089  969.6719  970.3145  971.0150  971.8104  972.6890  973.7121
     0.4820    0.8348  972.8075  971.9912  971.1553  970.4318  969.7682  969.1938  968.6609  968.2099  967.8055  967.4824  967.2025  967.0038  966.8376  966.7464  966.7030  966.7360  966.8154  966.9722  967.1739  967.4484  967.7634  968.1505  968.5879  969.0994  969.6628  970.3055  971.0070  971.8032  972.6828  973.7080
     0.7230    0.8348  972.9277  972.1635  971.3731  970.6897  970.0619  969.5191  969.0145  968.5885  968.2060  967.9015  967.6370  967.4506  967.2935  967.2084  967.1680  967.2008  967.2768  967.4273  967.6195  967.8813  968.1807  968.5489  968.9644  969.4508  969.9858  970.5964  971.2624  972.0187  972.8535  973.8261
     0.9640    0.8348  973.0347  972.3179  971.5680  970.9204  970.3247  969.8104  969.3313  968.9277  968.5648  968.2769  968.0264  967.8509  967.7021  967.6224  967.5846  967.6173  967.6905  967.8351  968.0189  968.2693  968.5547  968.9061  969.3019  969.7657  970.2752  970.8573  971.4914  972.2122  973.0066  973.9322
     1.2050    0.8348  973.1765  972.5220  971.8254  971.2252  970.6715  970.1951  969.7495  969.3757  969.0384  968.7728  968.5403  968.3797  968.2416  968.1693  968.1348  968.1675  968.2366  968.3740  968.5462  968.7820  969.0486  969.3779  969.7475  970.1818  970.6574  971.2020  971.7938  972.4677  973.2086  974.0721
    -1.3255    0.6261  294.0590  294.7504  295.4440  296.1424  296.8459  297.5541  298.2671  298.9831  299.6705  300.3476  301.0294  301.7157  302.4067  303.1020  303.8017  304.5056  305.2137  305.9257  306.6418  307.3613  308.1011  866.9802  873.2979  876.1148  877.8152  879.0156  879.9604  880.8326  881.6143  882.4456
    -1.0845    0.6261  294.0598  294.7513  295.4450  296.1436  296.8472  297.5555  298.2686  298.9846  299.6719  300.3488  301.0304  301.7164  302.4069  303.1015  303.8005  304.5034  305.2104  305.9211  306.6358  307.3535  308.0914  866.5832  872.9770  875.8169  877.5394  878.7651  879.7412  880.6498  881.4724  882.3522
    -0.8435    0.6261  294.0585  294.7499  295.4435  296.1419  296.8455  297.5538  298.2669  298.9830  299.6704  300.3476  301.0296  301.7159  302.4069  303.1021  303.8017  304.5053  305.2131  305.9245  306.6399  307.3584  308.0971  866.2299  872.7043  875.5661  877.3168  878.5703  879.5725  880.5076  881.3594  882.2728
    -0.6025    0.6261  294.0556  294.7470  295.4407  296.1392  296.8429  297.5513  298.2645  298.9806  299.6680  300.3450  301.0266  301.7125  302.4028  303.0971  303.7956  304.4979  305.2042  305.9140  306.6274  307.3435  308.0791  865.6741  872.2662  875.1753  876.9182  878.2106  879.2332  880.2034  881.0992  882.0611
    -0.3615    0.6261  294.0562  294.7536  295.4504  296.1490  296.8497  297.5522  298.2568  298.9618  299.6377  300.3001  300.9651  301.6327  302.3029  302.9756  303.6509  304.3285  305.0085  305.6907  306.3752  307.0617  307.7502  308.4488  864.1999  869.8997  872.6388  874.4160  875.7024  876.7774  877.7773  878.8657
    -0.1205    0.6261  294.0525  294.7566  295.4571  296.1564  296.8546  297.5515  298.2474  298.9407  299.6037  300.2497  300.8957  301.5413  302.1869  302.8321  303.4773  304.1222  304.7671  305.4117  306.0564  306.7008  307.3454  307.9862  308.6375  855.9920  865.0984  868.4366  870.4471  871.9996  873.2962  874.5088
     0.1205    0.6261  972.7133  971.8571  970.9868  970.2334  969.5436  968.9498  968.3965  967.9278  967.5083  967.1727  966.8828  966.6779  966.5089  966.4153  966.3717  966.4069  966.4906  966.6542  966.8645  967.1527  967.4806  967.8826  968.3366  968.8667  969.4502  970.1150  970.8405  971.6631  972.5738  973.6316
     0.3615    0.6261  972.7213  971.8650  970.9954  970.2424  969.5528  968.9548  968.4011  967.9317  967.5112  967.1746  966.8833  966.6757  966.5028  966.4073  966.3617  966.3950  966.4768  966.6385  966.8471  967.1310  967.4576  967.8587  968.3122  968.8424  969.4265  970.0927  970.8203  971.6459  972.5582  973.6215
     0.6025    0.6261  972.8080  971.9913  971.1554  970.4319  969.7684  969.1938  968.6609  968.2100  967.8055  967.4825  967.2024  967.0038  966.8375  966.7464  966.7029  966.7360  966.8152  966.9722  967.1736  967.4482  967.7631  968.1504  968.5876  969.0993  969.6624  970.3053  971.0066  971.8031  972.6825  973.7078
     0.8435    0.6261  972.9279  972.1636  971.3731  970.6896  970.0620  969.5191  969.0147  968.5885  968.2061  967.9014  967.6371  967.4505  967.2937  967.2083  967.1681  967.2007  967.2770  967.4272  967.6196  967.8812  968.1808  968.5489  968.9645  969.4508  969.9858  970.5965  971.2624  972.0188  972.8535  973.8262
     1.0845    0.6261  973.0346  972.3181  971.5681  970.9205  970.3246  969.8104  969.3312  968.9278  968.5647  968.2770  968.0263  967.8509  967.7021  967.6224  967.5846  967.6173  967.6904  967.8352  968.0188  968.2694  968.5547  968.9061  969.3019  969.7658  970.2752  970.8574  971.4914  972.2122  973.0065  973.9322
     1.3255    0.6261  973.1760  972.5220  971.8256  971.2252  970.6715  970.1950  969.7495  969.3757  969.0384  968.7728  968.5404  968.3797  968.2416  968.1693  968.1348  968.1675  968.2366  968.3740  968.5462  968.7820  969.0486  969.3779  969.7475  970.1818  970.6573  971.2021  971.7938  972.4678  973.2086  974.0722
    -1.4460    0.4174  294.0542  294.7455  295.4391  296.1376  296.8413  297.5496  298.2628  298.9789  299.6664  300.3435  301.0252  301.7113  302.4019  303.0965  303.7954  304.4982  305.2050  305.9152  306.6291  307.3456  308.0815  866.1671  873.0468  875.9466  877.6418  878.8754  879.8253  880.7084  881.5034  882.3439
    -1.2050    0.4174  294.0552  294.7465  295.4402  296.1388  296.8425  297.5508  298.2640  298.9801  299.6675  300.3445  301.0259  301.7116  302.4017  303.0958  303.7940  304.4959  305.2018  305.9111  306.6241  307.3397  308.0749  866.0741  872.7663  875.6673  877.3866  878.6451  879.6233  880.5384  881.3670  882.2456
    -0.9640    0.4174  294.0549  294.7463  295.4401  296.1387  296.8424  297.5507  298.2638  298.9798  299.6671  300.3439  301.0254  301.7111  302.4014  303.0957  303.7943  304.4968  305.2034  305.9135  306.6273  307.3438  308.0797  865.7941  872.5217  875.4211  877.1385  878.4121  879.4109  880.3522  881.2159  882.1420
    -0.7230    0.4174  294.0530  294.7443  295.4381  296.1368  296.8405  297.5489  298.2621  298.9782  299.6657  300.3427  301.0242  301.7101  302.4003  303.0946  303.7930  304.4951  305.2011  305.9105  306.6232  307.3383  308.0723  865.4803  872.1918  875.1154  876.8577  878.1642  879.1832  880.1514  881.0459  882.0063
    -0.4820    0.4174  294.0543  294.7519  295.4489  296.1477  296.8484  297.5509  298.2552  298.9597  299.6349  300.2963  300.9601  301.6260  302.2942  302.9645  303.6370  304.3115  304.9882  305.6667  306.3473  307.0295  307.7134  308.4095  862.3942  869.2028  872.1439  873.9957  875.3675  876.4725  877.4681  878.5583
    -0.2410    0.4174  972.6334  971.7452  970.8468  970.0689  969.3576  968.7487  968.1789  967.6958  967.2643  966.9187  966.6211  966.4104  966.2411  966.1457  966.1025  966.1399  966.2277  966.3970  966.6149  966.9149  967.2536  967.6678  968.1354  968.6805  969.2805  969.9630  970.7078  971.5511  972.4855  973.5710
     0.0000    0.4174  294.0558  294.7726  295.4800  296.1800  296.8729  297.5584  298.2370  298.9076  299.5462  300.1612  300.7715  301.3769  301.9780  302.5744  303.1666  303.7546  304.3387  304.9190  305.4958  306.0692  306.6396  307.2070  307.7720  308.3313  308.8855  309.4326  309.9890  855.6941  859.5970  862.2669
     0.2410    0.4174  972.6460  971.7578  970.8610  970.0840  969.3728  968.7568  968.1861  967.7019  967.2687  966.9213  966.6212  966.4078  966.2299  966.1314  966.0848  966.1189  966.2034  966.3697  966.5847  966.8776  967.2142  967.6270  968.0939  968.6392  969.2404  969.9253  970.6736  971.5221  972.4610  973.5540
     0.4820    0.4174  972.7201  971.8644  970.9953  970.2425  969.5528  968.9547  968.4010  967.9316  967.5112  967.1745  966.8833  966.6756  966.5027  966.4070  966.3615  966.3947  966.4765  966.6381  966.8468  967.1305  967.4572  967.8581  968.3117  968.8417  969.4260  970.0921  970.8197  971.6451  972.5577  973.6213
     0.7230    0.4174  972.8083  971.9913  971.1555  970.4321  969.7685  969.1938  968.6609  968.2099  967.8056  967.4824  967.2026  967.0038  966.8377  966.7464  966.7031  966.7361  966.8156  966.9723  967.1742  967.4485  967.7637  968.1507  968.5883  969.0997  969.6632  970.3058  971.0074  971.8034  972.6832  973.7080
     0.9640    0.4174  972.9282  972.1641  971.3732  970.6896  970.0618  969.5191  969.0146  968.5887  968.2060  967.9016  967.6371  967.4507  967.2937  967.2086  967.1682  967.2011  967.2772  967.4276  967.6199  967.8817  968.1812  968.5495  968.9650  969.4514  969.9863  970.5971  971.2631  972.0195  972.8540  973.8265
     1.2050    0.4174  973.0341  972.3177  971.5679  970.9203  970.3246  969.8103  969.3313  968.9277  968.5647  968.2768  968.0263  967.8509  967.7021  967.6224  967.5847  967.6173  967.6906  967.8352  968.0190  968.2695  968.5549  968.9063  969.3022  969.7660  970.2756  970.8576  971.4918  972.2124  973.0069  973.9325
     1.4460    0.4174  973.1760  972.5218  971.8253  971.2251  970.6715  970.1950  969.7495  969.3756  969.0384  968.7727  968.5404  968.3797  968.2416  968.1693  968.1349  968.1675  968.2366  968.3740  968.5462  968.7821  969.0487  969.3780  969.7476  970.1819  970.6574  971.2021  971.7939  972.4679  973.2087  974.0722
    -1.5665    0.2087  294.0526  294.7502  295.4473  296.1462  296.8472  297.5500  298.2546  298.9595  299.6350  300.2968  300.9609  301.6271  302.2955  302.9658  303.6381  304.3123  304.9885  305.6663  306.3460  307.0271  307.7094  308.4066  863.9526  870.3741  873.1655  874.8815  876.1213  877.0914  877.9365  878.8475
    -1.3255    0.2087  294.0528  294.7508  295.4482  296.1476  296.8489  297.5517  298.2563  298.9609  299.6361  300.2972  300.9605  301.6256  302.2928  302.9618  303.6327  304.3052  304.9798  305.6557  306.3336  307.0127  307.6931  308.3855  863.1749  869.8639  872.7097  874.4701  875.7539  876.7659  877.6387  878.5794
    -1.0845    0.2087  294.0528  294.7507  295.4480  296.1472  296.8484  297.5512  298.2559  298.9607  299.6361  300.2977  300.9615  301.6274  302.2955  302.9655  303.6377  304.3115  304.9874  305.6649  306.3442  307.0250  307.7071  308.4013  863.0063  869.6725  872.5405  874.3312  875.6448  876.6866  877.6020  878.5955
    -0.8435    0.2087  294.0518  294.7496  295.4468  296.1459  296.8471  297.5499  298.2546  298.9595  299.6350  300.2968  300.9607  301.6266  302.2946  302.9643  303.6360  304.3093  304.9845  305.6610  306.3393  307.0190  307.6997  308.3924  862.7029  869.3842  872.2765  874.0813  875.4151  876.4860  877.4289  878.4544
    -0.6025    0.2087  294.0499  294.7480  295.4456  296.1451  296.8465  297.5495  298.2541  298.9588  299.6339  300.2949  300.9580  301.6229  302.2896  302.9579  303.6280  304.2994  304.9723  305.6464  306.3219  306.9980  307.6747  308.3649  860.6669  868.4184  871.5526  873.4667  874.8640  876.0100  876.9818  878.0146
    -0.3615    0.2087  294.0554  294.7656  295.4694  296.1688  296.8643  297.5555  298.2429  298.9253  299.5766  300.2079  300.8371  301.4640  302.0889  302.7117  303.3326  303.9516  304.5689  305.1843  305.7984  306.4108  307.0222  307.6325  308.2368  308.8332  309.4391  859.9123  863.9474  866.3477  868.1017  869.6355
    -0.1205    0.2087  294.0556  294.7723  295.4796  296.1797  296.8725  297.5581  298.2369  298.9077  299.5465  300.1620  300.7727  301.3787  301.9804  302.5776  303.1707  303.7594  304.3442  304.9250  305.5025  306.0762  306.6470  307.2144  307.7788  308.3396  308.8961  309.4622  842.1429  855.9973  859.7326  862.3371
     0.1205    0.2087  972.6006  971.6935  970.7801  969.9884  969.2645  968.6387  968.0580  967.5651  967.1245  966.7707  966.4657  966.2485  966.0691  965.9692  965.9223  965.9571  966.0435  966.2127  966.4318  966.7307  967.0735  967.4932  967.9683  968.5225  969.1337  969.8295  970.5899  971.4515  972.4059  973.5156
     0.3615    0.2087  972.6463  971.7583  970.8612  970.0840  969.3727  968.7569  968.1862  967.7020  967.2687  966.9213  966.6211  966.4078  966.2299  966.1314  966.0847  966.1189  966.2033  966.3697  966.5846  966.8776  967.2141  967.6270  968.0938  968.6393  969.2403  969.9254  970.6737  971.5223  972.4610  973.5541
     0.6025    0.2087  972.7175  971.8616  970.9923  970.2393  969.5499  968.9530  968.3995  967.9302  967.5103  967.1738  966.8833  966.6770  966.5048  966.4098  966.3651  966.3989  966.4815  966.6436  966.8531  967.1382  967.4655  967.8667  968.3206  968.8506  969.4348  970.1005  970.8275  971.6519  972.5639  973.6254
     0.8435    0.2087  972.8065  971.9891  971.1526  970.4290  969.7654  969.1922  968.6594  968.2087  967.8045  967.4819  967.2023  967.0053  966.8396  966.7492  966.7064  966.7402  966.8201  966.9779  967.1800  967.4561  967.7716  968.1593  968.5968  969.1086  969.6717  970.3142  971.0149  971.8103  972.6890  973.7120
     1.0845    0.2087  972.9255  972.1611  971.3703  970.6866  970.0588  969.5174  969.0130  968.5872  968.2049  967.9007  967.6367  967.4519  967.2954  967.2109  967.1711  967.2046  967.2813  967.4324  967.6252  967.8885  968.1883  968.5570  968.9727  969.4592  969.9940  970.6044  971.2697  972.0252  972.8593  973.8300
     1.3255    0.2087  973.0357  972.3183  971.5681  970.9204  970.3246  969.8104  969.3312  968.9278  968.5647  968.2770  968.0264  967.8512  967.7024  967.6228  967.5851  967.6180  967.6912  967.8361  968.0199  968.2706  968.5561  968.9076  969.3035  969.7674  970.2769  970.8590  971.4932  972.2139  973.0081  973.9331
     1.5665    0.2087  973.1761  972.5220  971.8255  971.2252  970.6715  970.1950  969.7495  969.3757  969.0384  968.7728  968.5404  968.3798  968.2417  968.1695  968.1350  968.1678  968.2368  968.3744  968.5465  968.7825  969.0490  969.3786  969.7480  970.1825  970.6579  971.2028  971.7943  972.4685  973.2090  974.0726
    -1.4460    0.0000  973.0276  972.3105  971.5595  970.9112  970.3153  969.8053  969.3266  968.9237  968.5615  968.2749  968.0256  967.8531  967.7081  967.6304  967.5946  967.6294  967.7044  967.8512  968.0365  968.2915  968.5780  968.9305  969.3266  969.7904  970.2990  970.8799  971.5118  972.2297  973.0222  973.9423
    -1.2050    0.0000  294.0550  294.7714  295.4783  296.1779  296.8705  297.5558  298.2345  298.9055  299.5447  300.1607  300.7723  301.3794  301.9825  302.5812  303.1759  303.7667  304.3537  304.9368  305.5165  306.0928  306.6663  307.2370  307.8007  308.3559  308.9018  309.4546  847.3763  857.2870  860.6834  862.9664
    -0.9640    0.0000  972.7987  971.9811  971.1440  970.4196  969.7564  969.1872  968.6551  968.2048  967.8019  967.4802  967.2025  967.0069  966.8466  966.7579  966.7175  966.7530  966.8354  966.9946  967.1990  967.4789  967.7960  968.1840  968.6223  969.1334  969.6961  970.3365  971.0354  971.8271  972.7045  973.7220
    -0.7230    0.0000  294.0562  294.7729  295.4801  296.1799  296.8726  297.5581  298.2369  298.9079  299.5471  300.1630  300.7744  301.3813  301.9842  302.5828  303.1776  303.7682  304.3553  304.9385  305.5184  306.0948  306.6685  307.2393  307.8027  308.3579  308.9040  309.4572  847.4078  857.1200  860.5385  862.8513
    -0.4820    0.0000  972.6406  971.7523  970.8551  970.0777  969.3667  968.7535  968.1833  967.6995  967.2671  966.9204  966.6215  966.4091  966.2349  966.1376  966.0926  966.1280  966.2141  966.3815  966.5979  966.8936  967.2312  967.6444  968.1117  968.6568  969.2575  969.9413  970.6881  971.5342  972.4719  973.5612
    -0.2410    0.0000  972.6006  971.6935  970.7800  969.9885  969.2645  968.6387  968.0580  967.5652  967.1246  966.7709  966.4659  966.2488  966.0695  965.9696  965.9228  965.9577  966.0442  966.2134  966.4327  966.7316  967.0744  967.4941  967.9692  968.5234  969.1346  969.8303  970.5905  971.4519  972.4063  973.5158
     0.0000    0.0000  972.5733  971.6529  970.7285  969.9274  969.1950  968.5615  967.9741  967.4753  967.0296  966.6715  966.3628  966.1427  965.9612  965.8598  965.8123  965.8473  965.9346  966.1053  966.3268  966.6287  966.9752  967.3995  967.8799  968.4400  969.0580  969.7612  970.5300  971.4009  972.3660  973.4878
     0.2410    0.0000  972.5981  971.6908  970.7772  969.9856  969.2616  968.6370  968.0565  967.5638  967.1236  966.7702  966.4657  966.2490  966.0713  965.9719  965.9258  965.9613  966.0484  966.2182  966.4380  966.7383  967.0815  967.5015  967.9768  968.5309  969.1419  969.8371  970.5967  971.4571  972.4110  973.5190
     0.4820    0.0000  294.0553  294.7719  295.4791  296.1788  296.8712  297.5562  298.2342  298.9042  299.5422  300.1566  300.7663  301.3712  301.9718  302.5678  303.1598  303.7476  304.3316  304.9118  305.4889  306.0625  306.6336  307.2020  307.7634  308.3170  308.8630  309.3993  309.9450  854.6690  859.1634  862.0162
     0.7230    0.0000  972.7111  971.8544  970.9839  970.2304  969.5408  968.9482  968.3951  967.9265  967.5075  967.1722  966.8830  966.6784  966.5112  966.4181  966.3753  966.4110  966.4956  966.6596  966.8707  967.1601  967.4885  967.8907  968.3449  968.8748  969.4582  970.1224  970.8473  971.6686  972.5790  973.6350
     0.9640    0.0000  294.0565  294.7734  295.4807  296.1806  296.8730  297.5580  298.2359  298.9055  299.5431  300.1569  300.7658  301.3697  301.9692  302.5640  303.1545  303.7407  304.3232  304.9018  305.4771  306.0493  306.6192  307.1865  307.7470  308.2998  308.8449  309.3804  309.9252  854.0771  858.9518  861.8795
     1.2050    0.0000  972.9205  972.1563  971.3647  970.6807  970.0527  969.5140  969.0099  968.5845  968.2027  967.8993  967.6360  967.4523  967.2990  967.2156  967.1770  967.2118  967.2896  967.4420  967.6357  967.9019  968.2025  968.5719  968.9877  969.4742  970.0084  970.6181  971.2819  972.0356  972.8686  973.8360
     1.4460    0.0000  973.0311  972.3135  971.5625  970.9144  970.3185  969.8070  969.3280  968.9249  968.5623  968.2753  968.0254  967.8524  967.7055  967.6271  967.5904  967.6246  967.6987  967.8450  968.0296  968.2833  968.5694  968.9218  969.3177  969.7819  970.2906  970.8722  971.5047  972.2239  973.0169  973.9388
    -1.5665   -0.2087  973.1762  972.5219  971.8254  971.2251  970.6713  970.1949  969.7493  969.3755  969.0382  968.7727  968.5403  968.3798  968.2418  968.1695  968.1351  968.1680  968.2371  968.3747  968.5469  968.7830  969.0496  969.3791  969.7487  970.1831  970.6586  971.2034  971.7951  972.4691  973.2097  974.0730
    -1.3255   -0.2087  973.0325  972.3154  971.5651  970.9174  970.3214  969.8086  969.3295  968.9263  968.5635  968.2762  968.0260  967.8524  967.7041  967.6252  967.5881  967.6215  967.6954  967.8408  968.0251  968.2772  968.5630  968.9149  969.3108  969.7748  970.2840  970.8658  971.4992  972.2189  973.0127  973.9361
    -1.0845   -0.2087  972.9254  972.1613  971.3702  970.6865  970.0586  969.5173  969.0130  968.5872  968.2050  967.9009  967.6369  967.4522  967.2959  967.2115  967.1718  967.2054  967.2823  967.4334  967.6263  967.8897  968.1897  968.5584  968.9741  969.4606  969.9954  970.6057  971.2709  972.0263  972.8601  973.8306
    -0.8435   -0.2087  972.8050  971.9883  971.1523  970.4287  969.7653  969.1921  968.6594  968.2086  967.8046  967.4819  967.2026  967.0056  966.8401  966.7497  966.7072  966.7410  966.8212  966.9788  967.1812  967.4573  967.7729  968.1604  968.5981  969.1097  969.6729  970.3151  971.0158  971.8109  972.6897  973.7126
    -0.6025   -0.2087  972.7182  971.8622  970.9925  970.2393  969.5496  968.9530  968.3995  967.9304  967.5104  967.1740  966.8832  966.6772  966.5049  966.4101  966.3652  966.3992  966.4817  966.6440  966.8533  967.1386  967.4657  967.8671  968.3207  968.8509  969.4348  970.1006  970.8274  971.6520  972.5637  973.6251
    -0.3615   -0.2087  972.6481  971.7605  970.8639  970.0869  969.3755  968.7584  968.1876  967.7032  967.2697  966.9219  966.6214  966.4064  966.2280  966.1289  966.0818  966.1152  966.1992  966.3648  966.5794  966.8709  967.2072  967.6197  968.0865  968.6318  969.2332  969.9185  970.6675  971.5168  972.4563  973.5510
    -0.1205   -0.2087  972.6001  971.6933  970.7800  969.9883  969.2645  968.6386  968.0580  967.5651  967.1245  966.7708  966.4658  966.2485  966.0692  965.9692  965.9224  965.9572  966.0437  966.2128  966.4320  966.7308  967.0736  967.4933  967.9684  968.5226  969.1338  969.8294  970.5899  971.4512  972.4058  973.5155
     0.1205   -0.2087  294.0534  294.7638  295.4678  296.1675  296.8630  297.5541  298.2413  298.9231  299.5737  300.2040  300.8319  301.4571  302.0801  302.7006  303.3189  303.9348  304.5489  305.1607  305.7708  306.3790  306.9863  307.5897  308.1869  308.7758  309.3745  858.2154  862.9604  865.6533  867.4226  869.1261
     0.3615   -0.2087  294.0488  294.7468  295.4443  296.1437  296.8450  297.5478  298.2523  298.9567  299.6316  300.2924  300.9552  301.6196  302.2857  302.9533  303.6225  304.2930  304.9649  305.6378  306.3121  306.9872  307.6628  308.3495  859.2548  867.8643  871.1359  873.1511  874.6027  875.8107  876.8254  877.8991
     0.6025   -0.2087  294.0515  294.7493  295.4466  296.1457  296.8467  297.5493  298.2536  298.9580  299.6330  300.2940  300.9571  301.6222  302.2893  302.9581  303.6289  304.3012  304.9754  305.6510  306.3284  307.0069  307.6863  308.3775  861.0394  868.6131  871.7253  873.6276  875.0264  876.1648  877.1480  878.2114
     0.8435   -0.2087  294.0527  294.7506  295.4480  296.1473  296.8484  297.5510  298.2553  298.9596  299.6344  300.2950  300.9577  301.6223  302.2889  302.9573  303.6276  304.2995  304.9734  305.6486  306.3257  307.0041  307.6837  308.3755  860.7351  868.6313  871.8018  873.7195  875.1204  876.2552  877.2176  878.2555
     1.0845   -0.2087  294.0516  294.7497  295.4473  296.1467  296.8479  297.5505  298.2547  298.9587  299.6330  300.2931  300.9551  301.6186  302.2841  302.9509  303.6195  304.2894  304.9609  305.6338  306.3083  306.9840  307.6605  308.3487  859.7839  868.5458  871.8063  873.7690  875.1638  876.2929  877.2287  878.2136
     1.3255   -0.2087  294.0551  294.7591  295.4595  296.1585  296.8564  297.5527  298.2480  298.9406  299.6029  300.2480  300.8931  301.5381  302.1831  302.8279  303.4728  304.1174  304.7623  305.4070  306.0521  306.6973  307.3434  307.9842  308.6313  851.6890  865.0571  868.6503  870.7095  872.2577  873.5353  874.7023
     1.5665   -0.2087  294.0515  294.7495  295.4469  296.1461  296.8473  297.5499  298.2542  298.9585  299.6332  300.2938  300.9564  301.6206  302.2868  302.9546  303.6242  304.2952  304.9680  305.6421  306.3178  306.9945  307.6722  308.3641  860.8530  869.1981  872.3843  874.2848  875.6215  876.6843  877.5506  878.4637
    -1.4460   -0.4174  973.1759  972.5219  971.8254  971.2251  970.6713  970.1949  969.7494  969.3755  969.0383  968.7727  968.5402  968.3796  968.2416  968.1693  968.1349  968.1676  968.2367  968.3741  968.5463  968.7823  969.0488  969.3783  969.7478  970.1822  970.6577  971.2024  971.7941  972.4682  973.2089  974.0724
    -1.2050   -0.4174  973.0349  972.3180  971.5680  970.9203  970.3245  969.8103  969.3312  968.9276  968.5646  968.2768  968.0263  967.8509  967.7022  967.6225  967.5848  967.6175  967.6908  967.8354  968.0193  968.2697  968.5552  968.9066  969.3026  969.7663  970.2760  970.8580  971.4922  972.2128  973.0073  973.9326
    -0.9640   -0.4174  972.9286  972.1639  971.3731  970.6897  970.0619  969.5191  969.0145  968.5886  968.2060  967.9016  967.6371  967.4507  967.2937  967.2087  967.1682  967.2012  967.2773  967.4278  967.6200  967.8819  968.1813  968.5497  968.9652  969.4516  969.9865  970.5972  971.2632  972.0196  972.8542  973.8265
    -0.7230   -0.4174  972.8086  971.9916  971.1555  970.4321  969.7684  969.1938  968.6609  968.2100  967.8055  967.4826  967.2026  967.0040  966.8377  966.7467  966.7032  966.7364  966.8156  966.9726  967.1741  967.4488  967.7637  968.1510  968.5883  969.1000  969.6632  970.3060  971.0074  971.8037  972.6831  973.7081
    -0.4820   -0.4174  972.7197  971.8641  970.9952  970.2423  969.5527  968.9547  968.4010  967.9316  967.5113  967.1745  966.8833  966.6755  966.5026  966.4070  966.3615  966.3946  966.4765  966.6380  966.8467  967.1304  967.4571  967.8580  968.3115  968.8416  969.4258  970.0919  970.8195  971.6449  972.5576  973.6213
    -0.2410   -0.4174  972.6469  971.7584  970.8611  970.0839  969.3727  968.7569  968.1862  967.7021  967.2689  966.9216  966.6215  966.4082  966.2304  966.1321  966.0854  966.1197  966.2041  966.3705  966.5854  966.8785  967.2150  967.6279  968.0947  968.6401  969.2410  969.9260  970.6740  971.5226  972.4613  973.5541
     0.0000   -0.4174  294.0536  294.7641  295.4682  296.1680  296.8637  297.5550  298.2423  298.9243  299.5751  300.2057  300.8338  301.4594  302.0828  302.7037  303.3225  303.9389  304.5535  305.1658  305.7763  306.3848  306.9920  307.5950  308.1916  308.7798  309.3770  858.7213  863.2495  865.8583  867.5946  869.2429
     0.2410   -0.4174  294.0483  294.7401  295.4345  296.1338  296.8381  297.5468  298.2599  298.9756  299.6626  300.3384  301.0183  301.7021  302.3897  303.0808  303.7755  304.4735  305.1749  305.8790  306.5861  307.2947  308.0213  862.9239  870.9703  874.2097  875.9834  877.4094  878.4714  879.4842  880.4446  881.5002
     0.4820   -0.4174  294.0529  294.7442  295.4380  296.1366  296.8403  297.5486  298.2618  298.9778  299.6653  300.3422  301.0237  301.7095  302.3998  303.0941  303.7927  304.4951  305.2015  305.9113  306.6247  307.3407  308.0759  865.2302  872.0492  875.0199  876.7957  878.1034  879.1497  880.1386  881.0513  882.0347
     0.7230   -0.4174  294.0548  294.7462  295.4400  296.1387  296.8424  297.5508  298.2639  298.9799  299.6672  300.3440  301.0254  301.7110  302.4010  303.0950  303.7932  304.4951  305.2010  305.9103  306.6232  307.3387  308.0736  865.4716  872.2449  875.1773  876.9364  878.2374  879.2680  880.2443  881.1402  882.1032
     0.9640   -0.4174  294.0544  294.7456  295.4393  296.1377  296.8413  297.5496  298.2626  298.9787  299.6661  300.3431  301.0248  301.7109  302.4014  303.0960  303.7948  304.4974  305.2039  305.9138  306.6272  307.3432  308.0784  865.5146  872.4706  875.4175  877.1630  878.4457  879.4492  880.3930  881.2539  882.1729
     1.2050   -0.4174  294.0546  294.7461  295.4400  296.1388  296.8426  297.5509  298.2639  298.9798  299.6669  300.3434  301.0244  301.7096  302.3992  303.0927  303.7905  304.4920  305.1974  305.9062  306.6187  307.3338  308.0681  865.8012  872.6356  875.5675  877.2657  878.5371  879.5074  880.4177  881.2492  882.1389
     1.4460   -0.4174  294.0541  294.7456  295.4395  296.1383  296.8421  297.5504  298.2635  298.9794  299.6665  300.3430  301.0240  301.7091  302.3985  303.0919  303.7894  304.4906  305.1956  305.9041  306.6161  307.3306  308.0645  865.7839  872.8720  875.8070  877.4996  878.7642  879.7134  880.6019  881.4036  882.2571
    -1.3255   -0.6261  973.1761  972.5221  971.8254  971.2251  970.6713  970.1950  969.7494  969.3756  969.0383  968.7727  968.5403  968.3796  968.2416  968.1693  968.1348  968.1675  968.2366  968.3739  968.5462  968.7820  969.0486  969.3779  969.7475  970.1818  970.6574  971.2020  971.7939  972.4678  973.2086  974.0722
    -1.0845   -0.6261  973.0352  972.3180  971.5678  970.9202  970.3245  969.8103  969.3312  968.9276  968.5646  968.2768  968.0262  967.8509  967.7020  967.6224  967.5846  967.6173  967.6904  967.8351  968.0187  968.2693  968.5546  968.9061  969.3019  969.7658  970.2752  970.8573  971.4915  972.2124  973.0067  973.9322
    -0.8435   -0.6261  972.9277  972.1636  971.3731  970.6895  970.0619  969.5190  969.0146  968.5885  968.2060  967.9014  967.6371  967.4506  967.2936  967.2084  967.1681  967.2008  967.2769  967.4273  967.6195  967.8813  968.1807  968.5490  968.9644  969.4509  969.9858  970.5966  971.2624  972.0189  972.8535  973.8262
    -0.6025   -0.6261  972.8087  971.9915  971.1554  970.4319  969.7684  969.1939  968.6608  968.2099  967.8055  967.4824  967.2025  967.0039  966.8376  966.7464  966.7030  966.7360  966.8153  966.9721  967.1738  967.4481  967.7633  968.1503  968.5878  969.0992  969.6627  970.3051  971.0068  971.8029  972.6828  973.7076
    -0.3615   -0.6261  972.7202  971.8643  970.9951  970.2422  969.5527  968.9547  968.4010  967.9316  967.5113  967.1745  966.8834  966.6757  966.5029  966.4072  966.3619  966.3950  966.4771  966.6385  966.8475  967.1311  967.4580  967.8588  968.3126  968.8425  969.4269  970.0927  970.8206  971.6457  972.5585  973.6217
    -0.1205   -0.6261  972.7131  971.8566  970.9867  970.2335  969.5438  968.9498  968.3966  967.9279  967.5086  967.1731  966.8834  966.6785  966.5096  966.4161  966.3726  966.4080  966.4919  966.6555  966.8661  967.1542  967.4822  967.8841  968.3381  968.8680  969.4517  970.1161  970.8416  971.6637  972.5745  973.6322
     0.1205   -0.6261  294.0513  294.7492  295.4466  296.1458  296.8471  297.5499  298.2545  298.9591  299.6342  300.2953  300.9584  301.6234  302.2904  302.9589  303.6293  304.3012  304.9747  305.6496  306.3260  307.0034  307.6819  308.3694  861.7916  868.9168  871.9141  873.7711  875.1432  876.2509  877.2153  878.2607
     0.3615   -0.6261  294.0541  294.7453  295.4390  296.1375  296.8412  297.5496  298.2628  298.9790  299.6666  300.3437  301.0255  301.7116  302.4023  303.0971  303.7962  304.4992  305.2063  305.9170  306.6315  307.3487  308.0855  865.7117  872.1939  875.0848  876.8599  878.1502  879.1930  880.1832  881.0981  882.0804
     0.6025   -0.6261  294.0575  294.7488  295.4423  296.1408  296.8444  297.5527  298.2658  298.9820  299.6694  300.3465  301.0283  301.7146  302.4054  303.1004  303.7998  304.5032  305.2108  305.9222  306.6375  307.3560  308.0946  866.2550  872.4616  875.3058  877.0655  878.3348  879.3582  880.3211  881.2062  882.1571
     0.8435   -0.6261  294.0594  294.7508  295.4445  296.1429  296.8464  297.5546  298.2676  298.9835  299.6708  300.3478  301.0297  301.7160  302.4070  303.1023  303.8022  304.5061  305.2143  305.9263  306.6422  307.3613  308.1006  866.2229  872.6805  875.5711  877.3090  878.5526  879.5500  880.4841  881.3353  882.2456
     1.0845   -0.6261  294.0603  294.7519  295.4458  296.1444  296.8481  297.5564  298.2694  298.9853  299.6723  300.3490  301.0301  301.7156  302.4056  303.0996  303.7981  304.5005  305.2072  305.9177  306.6323  307.3502  308.0885  866.6251  872.9810  875.8281  877.5640  878.7957  879.7736  880.6832  881.5052  882.3807
     1.3255   -0.6261  294.0584  294.7497  295.4433  296.1417  296.8452  297.5534  298.2664  298.9825  299.6698  300.3469  301.0288  301.7151  302.4061  303.1013  303.8010  304.5047  305.2127  305.9245  306.6403  307.3593  308.0987  866.9229  873.2991  876.1200  877.8237  879.0285  879.9777  880.8543  881.6372  882.4677
    -1.2050   -0.8348  973.1763  972.5219  971.8254  971.2251  970.6715  970.1950  969.7494  969.3755  969.0383  968.7727  968.5403  968.3796  968.2416  968.1693  968.1348  968.1675  968.2365  968.3740  968.5461  968.7820  969.0485  969.3779  969.7475  970.1818  970.6573  971.2021  971.7938  972.4678  973.2086  974.0722
    -0.9640   -0.8348  973.0337  972.3179  971.5680  970.9203  970.3244  969.8103  969.3311  968.9277  968.5646  968.2768  968.0262  967.8509  967.7020  967.6224  967.5846  967.6173  967.6904  967.8351  968.0188  968.2693  968.5547  968.9060  969.3019  969.7657  970.2752  970.8573  971.4915  972.2122  973.0066  973.9322
    -0.7230   -0.8348  972.9281  972.1636  971.3730  970.6897  970.0619  969.5191  969.0145  968.5886  968.2059  967.9016  967.6371  967.4507  967.2936  967.2085  967.1681  967.2009  967.2769  967.4274  967.6195  967.8813  968.1807  968.5490  968.9645  969.4509  969.9858  970.5965  971.2624  972.0188  972.8536  973.8261
    -0.4820   -0.8348  972.8079  971.9911  971.1552  970.4318  969.7683  969.1938  968.6608  968.2099  967.8054  967.4824  967.2024  967.0038  966.8376  966.7465  966.7030  966.7362  966.8154  966.9724  967.1738  967.4485  967.7634  968.1507  968.5879  969.0997  969.6628  970.3057  971.0069  971.8035  972.6828  973.7081
    -0.2410   -0.8348  972.8055  971.9888  971.1526  970.4290  969.7654  969.1922  968.6594  968.2087  967.8047  967.4821  967.2028  967.0058  966.8404  966.7500  966.7075  966.7414  966.8216  966.9793  967.1817  967.4577  967.7734  968.1609  968.5986  969.1103  969.6734  970.3156  971.0162  971.8111  972.6898  973.7127
     0.0000   -0.8348  294.0552  294.7654  295.4691  296.1685  296.8639  297.5550  298.2423  298.9245  299.5756  300.2066  300.8355  301.4620  302.0866  302.7090  303.3296  303.9482  304.5651  305.1802  305.7939  306.4060  307.0175  307.6258  308.2259  308.8155  309.4120  860.2282  864.2538  866.6135  868.3296  869.7983
     0.2410   -0.8348  294.0522  294.7438  295.4378  296.1367  296.8407  297.5491  298.2622  298.9780  299.6650  300.3413  301.0220  301.7067  302.3956  303.0884  303.7851  304.4853  305.1893  305.8965  306.6070  307.3197  308.0512  864.4390  871.7704  874.8443  876.5743  877.9273  878.9536  879.9325  880.8439  881.8302
     0.4820   -0.8348  294.0573  294.7485  295.4420  296.1404  296.8438  297.5521  298.2652  298.9814  299.6689  300.3462  301.0283  301.7149  302.4061  303.1015  303.8013  304.5050  305.2129  305.9244  306.6397  307.3580  308.0963  865.9738  872.4525  875.3275  877.0939  878.3657  879.3934  880.3587  881.2439  882.1950
     0.7230   -0.8348  294.0606  294.7521  295.4459  296.1444  296.8480  297.5563  298.2693  298.9852  299.6724  300.3492  301.0308  301.7167  302.4073  303.1020  303.8012  304.5045  305.2120  305.9233  306.6386  307.3573  308.0963  866.5348  872.7692  875.6276  877.3635  878.6034  879.5992  880.5305  881.3789  882.2871
     0.9640   -0.8348  294.0616  294.7531  295.4467  296.1452  296.8487  297.5568  298.2697  298.9855  299.6724  300.3491  301.0306  301.7166  302.4072  303.1022  303.8017  304.5053  305.2134  305.9253  306.6414  307.3609  308.1008  866.3606  872.8928  875.7430  877.4805  878.7272  879.7059  880.6202  881.4477  882.3310
     1.2050   -0.8348  294.0623  294.7539  295.4477  296.1462  296.8498  297.5580  298.2709  298.9868  299.6738  300.3505  301.0319  301.7177  302.4080  303.1026  303.8015  304.5045  305.2117  305.9227  306.6378  307.3562  308.0951  866.8829  873.2638  876.1124  877.8071  879.0151  879.9636  880.8397  881.6232  882.4536
    -1.0845   -1.0436  973.1765  972.5220  971.8254  971.2252  970.6715  970.1950  969.7494  969.3756  969.0383  968.7727  968.5403  968.3796  968.2416  968.1693  968.1348  968.1675  968.2366  968.3739  968.5462  968.7820  969.0486  969.3779  969.7475  970.1818  970.6574  971.2020  971.7939  972.4678  973.2087  974.0721
    -0.8435   -1.0436  973.0354  972.3182  971.5680  970.9203  970.3246  969.8104  969.3312  968.9277  968.5646  968.2768  968.0263  967.8509  967.7021  967.6224  967.5847  967.6173  967.6905  967.8351  968.0189  968.2693  968.5548  968.9061  969.3020  969.7657  970.2753  970.8573  971.4915  972.2123  973.0067  973.9322
    -0.6025   -1.0436  972.9277  972.1638  971.3732  970.6896  970.0617  969.5190  969.0145  968.5886  968.2060  967.9015  967.6370  967.4506  967.2935  967.2085  967.1680  967.2009  967.2769  967.4273  967.6195  967.8813  968.1807  968.5490  968.9645  969.4508  969.9858  970.5965  971.2625  972.0189  972.8536  973.8262
    -0.3615   -1.0436  972.9278  972.1637  971.3731  970.6895  970.0617  969.5190  969.0145  968.5886  968.2060  967.9015  967.6372  967.4508  967.2939  967.2088  967.1686  967.2014  967.2778  967.4282  967.6207  967.8825  968.1822  968.5504  968.9661  969.4524  969.9876  970.5981  971.2643  972.0203  972.8550  973.8271
    -0.1205   -1.0436  972.9201  972.1561  971.3646  970.6805  970.0526  969.5139  969.0100  968.5846  968.2030  967.8996  967.6365  967.4528  967.2997  967.2165  967.1781  967.2129  967.2910  967.4434  967.6372  967.9035  968.2040  968.5733  968.9892  969.4756  970.0098  970.6194  971.2830  972.0366  972.8693  973.8365
     0.1205   -1.0436  294.0523  294.7502  295.4476  296.1469  296.8481  297.5508  298.2553  298.9597  299.6347  300.2956  300.9586  301.6235  302.2904  302.9590  303.6297  304.3020  304.9762  305.6518  306.3291  307.0076  307.6873  308.3760  862.0329  869.2842  872.2933  874.1367  875.4825  876.5522  877.4721  878.4616
     0.3615   -1.0436  294.0563  294.7477  295.4415  296.1401  296.8438  297.5521  298.2653  298.9813  299.6686  300.3454  301.0269  301.7127  302.4030  303.0974  303.7962  304.4988  305.2056  305.9160  306.6303  307.3475  308.0844  866.2902  872.6482  875.5104  877.2394  878.4954  879.4913  880.4271  881.2832  882.2029
     0.6025   -1.0436  294.0601  294.7515  295.4451  296.1436  296.8472  297.5554  298.2685  298.9845  299.6718  300.3488  301.0306  301.7168  302.4077  303.1027  303.8022  304.5058  305.2135  305.9251  306.6408  307.3597  308.0990  866.5719  872.7476  875.5771  877.3120  878.5562  879.5539  880.4878  881.3404  882.2536
     0.8435   -1.0436  294.0618  294.7533  295.4470  296.1455  296.8491  297.5573  298.2704  298.9864  299.6734  300.3504  301.0320  301.7180  302.4085  303.1032  303.8022  304.5052  305.2124  305.9233  306.6383  307.3565  308.0951  866.4608  872.9206  875.8055  877.5325  878.7633  879.7415  880.6495  881.4700  882.3460
     1.0845   -1.0436  294.0624  294.7539  295.4477  296.1462  296.8498  297.5580  298.2711  298.9871  299.6741  300.3510  301.0326  301.7185  302.4090  303.1036  303.8026  304.5056  305.2129  305.9240  306.6393  307.3579  308.0970  866.5763  873.1644  876.0246  877.7270  878.9522  879.9050  880.7897  881.5838  882.4217
    -0.9640   -1.2523  973.1753  972.5217  971.8253  971.2251  970.6714  970.1950  969.7494  969.3756  969.0383  968.7727  968.5402  968.3796  968.2415  968.1693  968.1347  968.1676  968.2364  968.3740  968.5460  968.7821  969.0485  969.3781  969.7474  970.1819  970.6572  971.2022  971.7937  972.4680  973.2085  974.0723
    -0.7230   -1.2523  973.0346  972.3179  971.5679  970.9204  970.3245  969.8103  969.3311  968.9277  968.5645  968.2768  968.0261  967.8508  967.7020  967.6223  967.5845  967.6172  967.6903  967.8351  968.0187  968.2693  968.5546  968.9061  969.3019  969.7657  970.2752  970.8574  971.4915  972.2123  973.0067  973.9322
    -0.4820   -1.2523  973.0351  972.3181  971.5679  970.9203  970.3244  969.8103  969.3312  968.9277  968.5646  968.2768  968.0262  967.8509  967.7021  967.6224  967.5847  967.6174  967.6905  967.8353  968.0190  968.2696  968.5550  968.9064  969.3023  969.7661  970.2756  970.8578  971.4919  972.2127  973.0070  973.9325
    -0.2410   -1.2523  973.0329  972.3156  971.5651  970.9172  970.3215  969.8086  969.3297  968.9263  968.5637  968.2763  968.0262  967.8525  967.7044  967.6254  967.5885  967.6219  967.6959  967.8413  968.0257  968.2778  968.5637  968.9155  969.3115  969.7754  970.2847  970.8664  971.4998  972.2195  973.0130  973.9364
     0.0000   -1.2523  294.0541  294.7643  295.4679  296.1673  296.8626  297.5537  298.2408  298.9229  299.5739  300.2048  300.8335  301.4597  302.0839  302.7057  303.3256  303.9432  304.5592  305.1731  305.7855  306.3964  307.0064  307.6130  308.2113  308.7989  309.3934  860.0643  864.2417  866.6552  868.3055  869.7693
     0.2410   -1.2523  294.0524  294.7440  295.4380  296.1369  296.8408  297.5493  298.2624  298.9782  299.6653  300.3417  301.0225  301.7073  302.3964  303.0893  303.7861  304.4865  305.1905  305.8977  306.6082  307.3209  308.0524  865.0143  872.3659  875.3794  877.0794  878.3891  879.3652  880.2840  881.1315  882.0385
     0.4820   -1.2523  294.0590  294.7504  295.4441  296.1426  296.8462  297.5544  298.2675  298.9835  299.6708  300.3478  301.0295  301.7156  302.4063  303.1011  303.8004  304.5037  305.2111  305.9223  306.6375  307.3558  308.0943  866.4351  872.9487  875.8091  877.5364  878.7671  879.7451  880.6540  881.4758  882.3545
     0.7230   -1.2523  294.0619  294.7535  295.4473  296.1459  296.8496  297.5579  298.2709  298.9869  299.6739  300.3507  301.0321  301.7178  302.4080  303.1023  303.8011  304.5039  305.2110  305.9220  306.6372  307.3558  308.0950  866.4186  872.9136  875.7820  877.5128  878.7507  879.7320  880.6435  881.4679  882.3464
     0.9640   -1.2523  294.0628  294.7544  295.4482  296.1467  296.8502  297.5584  298.2713  298.9872  299.6743  300.3512  301.0328  301.7188  302.4096  303.1045  303.8040  304.5077  305.2156  305.9275  306.6436  307.3631  308.1031  866.9562  873.2951  876.1160  877.8253  879.0277  879.9749  880.8495  881.6320  882.4629
    -0.6025   -1.4610  973.1765  972.5220  971.8253  971.2251  970.6715  970.1951  969.7495  969.3756  969.0383  968.7727  968.5402  968.3796  968.2416  968.1693  968.1348  968.1675  968.2365  968.3740  968.5461  968.7821  969.0485  969.3781  969.7475  970.1820  970.6573  971.2022  971.7938  972.4681  973.2086  974.0722
    -0.3615   -1.4610  973.1757  972.5218  971.8254  971.2251  970.6714  970.1949  969.7494  969.3755  969.0383  968.7727  968.5403  968.3797  968.2418  968.1694  968.1351  968.1678  968.2370  968.3745  968.5468  968.7827  969.0494  969.3788  969.7485  970.1828  970.6584  971.2032  971.7949  972.4687  973.2094  974.0728
    -0.1205   -1.4610  973.1719  972.5171  971.8198  971.2191  970.6653  970.1916  969.7463  969.3729  969.0362  968.7713  968.5397  968.3814  968.2455  968.1744  968.1413  968.1753  968.2457  968.3844  968.5578  968.7965  969.0639  969.3940  969.7638  970.1981  970.6732  971.2171  971.8074  972.4794  973.2190  974.0789
     0.1205   -1.4610  294.0527  294.7507  295.4481  296.1474  296.8486  297.5514  298.2560  298.9607  299.6359  300.2972  300.9606  301.6260  302.2935  302.9627  303.6339  304.3067  304.9814  305.6575  306.3354  307.0145  307.6947  308.3869  863.4167  870.1354  872.9723  874.7123  875.9725  876.9534  877.7894  878.6848
     0.3615   -1.4610  294.0567  294.7480  295.4416  296.1401  296.8437  297.5519  298.2649  298.9809  299.6682  300.3452  301.0269  301.7130  302.4038  303.0987  303.7981  304.5015  305.2091  305.9204  306.6357  307.3540  308.0922  866.7292  873.2309  876.0589  877.7498  878.9577  879.9029  880.7799  881.5662  882.3992
     0.6025   -1.4610  294.0606  294.7520  295.4457  296.1442  296.8478  297.5561  298.2692  298.9852  299.6724  300.3494  301.0311  301.7172  302.4078  303.1026  303.8019  304.5051  305.2126  305.9238  306.6391  307.3577  308.0967  866.8399  873.2818  876.1192  877.8344  879.0390  879.9898  880.8663  881.6494  882.4786
