    -0.6025    1.4610  307.6891  310.0908  312.4961  314.8909  317.2582  319.5792  321.8057  323.9228  325.9487  327.8708  329.6774  331.3575  332.9018  334.3021  335.5524  336.6475  337.5845  338.3613  338.9781  339.4358  339.7370  339.8849  339.8843  339.7292  339.3803  338.8941  338.3030  337.6194  336.8562  336.1014
    -0.3615    1.4610  307.6897  310.0915  312.4970  314.8921  317.2598  319.5813  321.8082  323.9261  325.9530  327.8762  329.6841  331.3657  332.9116  334.3136  335.5658  336.6631  337.6023  338.3815  339.0008  339.4612  339.7651  339.9157  339.9177  339.7634  339.4152  338.9315  338.3430  337.6617  336.9004  336.1473
    -0.1205    1.4610  307.7129  310.1369  312.5638  314.9792  317.3658  319.7045  321.9398  324.0735  326.1161  328.0546  329.8774  331.5734  333.1334  334.5492  335.8149  336.9253  337.8774  338.6692  339.3006  339.7726  340.0873  340.2476  340.2546  340.0837  339.7347  339.2592  338.6788  338.0057  337.2527  336.5102
     0.1205    1.4610  310.4911  312.8714  315.2534  317.6000  319.8842  322.1225  324.2998  326.4008  328.4116  330.3192  332.1117  333.7779  335.3091  336.6971  337.9358  339.0202  339.9472  340.7147  341.3225  341.7705  342.0568  342.1534  342.0521  341.8055  341.4331  340.9443  340.3512  339.6660  338.9037  338.1586
     0.3615    1.4610  310.5028  312.8943  315.2871  317.6414  319.9348  322.1820  324.3683  326.4782  328.4982  330.4148  332.2163  333.8917  335.4319  336.8290  338.0768  339.1702  340.1062  340.8824  341.4987  341.9546  342.2463  342.3354  342.2354  341.9946  341.6281  341.1454  340.5583  339.8790  339.1227  338.3841
     0.6025    1.4610  310.5036  312.8953  315.2883  317.6426  319.9363  322.1837  324.3702  326.4804  328.5007  330.4175  332.2193  333.8948  335.4351  336.8321  338.0799  339.1732  340.1091  340.8854  341.5017  341.9576  342.2495  342.3387  342.2390  341.9987  341.6329  341.1509  340.5647  339.8864  339.1311  338.3939
    -0.9640    1.2523  307.6882  310.0898  312.4950  314.8898  317.2570  319.5779  321.8044  323.9215  325.9473  327.8693  329.6759  331.3559  332.9002  334.3006  335.5510  336.6465  337.5839  338.3614  338.9790  339.4376  339.7400  339.8890  339.8897  339.7354  339.3872  338.9020  338.3117  337.6288  336.8661  336.1114
    -0.7230    1.2523  307.9431  310.5276  313.1158  315.6916  318.2361  320.7281  323.1097  325.3799  327.5483  329.6007  331.5243  333.3068  334.9380  336.4089  337.7128  338.8442  339.7997  340.5773  341.1770  341.6002  341.8493  341.9283  341.8350  341.5288  341.0478  340.4353  339.7066  338.8751  337.9544  337.0289
    -0.4820    1.2523  307.9449  310.5298  313.1183  315.6946  318.2396  320.7322  323.1142  325.3850  327.5542  329.6075  331.5322  333.3159  334.9485  336.4211  337.7271  338.8607  339.8189  340.5993  341.2021  341.6284  341.8808  341.9628  341.8716  341.5650  341.0856  340.4753  339.7485  338.9188  337.9999  337.0765
    -0.2410    1.2523  307.9574  310.5535  313.1531  315.7399  318.2947  320.7963  323.1828  325.4620  327.6395  329.7009  331.6334  333.4246  335.0645  336.5440  337.8566  338.9966  339.9608  340.7470  341.3553  341.7868  342.0439  342.1294  342.0374  341.7226  341.2461  340.6399  339.9177  339.0926  338.1785  337.2615
     0.0000    1.2523  310.7248  313.2658  315.8096  318.3187  320.7614  323.1534  325.4775  327.7162  329.8548  331.8785  333.7744  335.5302  337.1363  338.5835  339.8653  340.9761  341.9125  342.6724  343.2554  343.6614  343.8842  343.8773  343.6778  343.3273  342.8372  342.2181  341.4832  340.6459  339.7205  338.7985
     0.2410    1.2523  310.7571  313.3307  315.9053  318.4359  320.9039  323.3199  325.6671  327.9286  330.0893  332.1343  334.0507  335.8262  337.4510  338.9162  340.2151  341.3421  342.2939  343.0682  343.6645  344.0801  344.2949  344.2752  344.0829  343.7405  343.2588  342.6485  341.9226  341.0946  340.1794  339.2707
     0.4820    1.2523  310.7582  313.3323  315.9076  318.4387  320.9076  323.3246  325.6731  327.9361  330.0985  332.1455  334.0641  335.8420  337.4694  338.9374  340.2393  341.3696  342.3248  343.1027  343.7027  344.1215  344.3362  344.3182  344.1288  343.7893  343.3104  342.7027  341.9792  341.1535  340.2405  339.3345
     0.7230    1.2523  310.7577  313.3317  315.9068  318.4377  320.9064  323.3231  325.6713  327.9340  330.0961  332.1427  334.0607  335.8380  337.4648  338.9320  340.2331  341.3623  342.3164  343.0932  343.6920  344.1097  344.3245  344.3061  344.1160  343.7760  343.2968  342.6890  341.9656  341.1400  340.2269  339.3201
     0.9640    1.2523  310.5032  312.8949  315.2879  317.6422  319.9359  322.1834  324.3701  326.4805  328.5010  330.4182  332.2204  333.8963  335.4372  336.8349  338.0833  339.1772  340.1138  340.8906  341.5075  341.9639  342.2561  342.3450  342.2453  342.0052  341.6394  341.1575  340.5713  339.8929  339.1376  338.4004
    -1.0845    1.0436  307.6878  310.0892  312.4943  314.8888  317.2559  319.5767  321.8032  323.9203  325.9463  327.8687  329.6757  331.3563  332.9012  334.3022  335.5533  336.6494  337.5875  338.3654  338.9833  339.4421  339.7444  339.8932  339.8935  339.7386  339.3897  338.9038  338.3128  337.6291  336.8653  336.1095
    -0.8435    1.0436  307.9444  310.5292  313.1178  315.6939  318.2388  320.7312  323.1131  325.3836  327.5523  329.6052  331.5293  333.3124  334.9443  336.4162  337.7214  338.8542  339.8116  340.5913  341.1933  341.6189  341.8705  341.9518  341.8602  341.5535  341.0732  340.4615  339.7332  338.9017  337.9809  337.0552
    -0.6025    1.0436  308.1440  310.8714  313.6026  316.3201  319.0034  321.6296  324.1327  326.5231  328.8036  330.9589  332.9750  334.8390  336.5398  338.0679  339.4162  340.5788  341.5521  342.3340  342.9246  343.3252  343.5385  343.5642  343.3772  342.9710  342.4039  341.6978  340.8668  339.9253  338.8877  337.8372
    -0.3615    1.0436  308.1458  310.8736  313.6055  316.3238  319.0082  321.6356  324.1399  326.5321  328.8149  330.9728  332.9920  334.8593  336.5639  338.0961  339.4488  340.6161  341.5945  342.3817  342.9779  343.3842  343.6033  343.6341  343.4469  343.0437  342.4819  341.7811  340.9552  340.0186  338.9855  337.9397
    -0.1205    1.0436  308.1680  310.9179  313.6708  316.4091  319.1121  321.7561  324.2687  326.6765  328.9748  331.1477  333.1816  335.0633  336.7820  338.3280  339.6943  340.8749  341.8663  342.6662  343.2747  343.6925  343.9220  343.9576  343.7546  343.3528  342.7993  342.1068  341.2891  340.3606  339.3357  338.3003
     0.1205    1.0436  310.9347  313.6290  316.3255  318.9802  321.5688  324.1023  326.5620  328.9296  331.1889  333.3242  335.3215  337.1677  338.8522  340.3654  341.7002  342.8506  343.8129  344.5847  345.1657  345.5497  345.7007  345.6191  345.3609  344.9414  344.3722  343.6646  342.8328  341.8911  340.8542  339.8145
     0.3615    1.0436  310.9562  313.6722  316.3893  319.0581  321.6637  324.2130  326.6883  329.0713  331.3457  333.4956  335.5071  337.3671  339.0651  340.5915  341.9393  343.1024  344.0774  344.8615  345.4541  345.8453  345.9839  345.9052  345.6557  345.2451  344.6845  343.9852  343.1611  342.2265  341.1966  340.1651
     0.6025    1.0436  310.9568  313.6730  316.3902  319.0590  321.6645  324.2137  326.6887  329.0713  331.3450  333.4940  335.5043  337.3628  339.0589  340.5832  341.9284  343.0887  344.0603  344.8408  345.4294  345.8170  345.9541  345.8715  345.6176  345.2026  344.6379  343.9349  343.1077  342.1706  341.1387  340.1055
     0.8435    1.0436  310.7578  313.3319  315.9071  318.4381  320.9070  323.3240  325.6727  327.9360  330.0988  332.1463  334.0654  335.8440  337.4722  338.9411  340.2441  341.3754  342.3317  343.1108  343.7120  344.1319  344.3469  344.3297  344.1416  343.8035  343.3262  342.7201  341.9981  341.1738  340.2620  339.3566
     1.0845    1.0436  310.5043  312.8961  315.2892  317.6436  319.9373  322.1848  324.3712  326.4813  328.5014  330.4181  332.2197  333.8949  335.4349  336.8315  338.0789  339.1716  340.1068  340.8823  341.4976  341.9525  342.2433  342.3320  342.2314  341.9899  341.6231  341.1404  340.5537  339.8752  339.1201  338.3836
    -1.2050    0.8348  307.6886  310.0902  312.4954  314.8901  317.2573  319.5782  321.8047  323.9217  325.9477  327.8698  329.6765  331.3566  332.9010  334.3015  335.5520  336.6474  337.5848  338.3620  338.9793  339.4376  339.7394  339.8880  339.8883  339.7337  339.3855  338.9001  338.3098  337.6270  336.8645  336.1103
    -0.9640    0.8348  307.9445  310.5293  313.1178  315.6939  318.2387  320.7312  323.1130  325.3836  327.5524  329.6054  331.5296  333.3128  334.9449  336.4169  337.7221  338.8550  339.8123  340.5918  341.1937  341.6191  341.8706  341.9519  341.8603  341.5539  341.0741  340.4633  339.7362  338.9063  337.9873  337.0638
    -0.7230    0.8348  308.1444  310.8720  313.6034  316.3212  319.0050  321.6319  324.1357  326.5271  328.8090  330.9660  332.9842  334.8506  336.5542  338.0854  339.4372  340.6036  341.5811  342.3674  342.9626  343.3680  343.5861  343.6160  343.4290  343.0251  342.4617  341.7592  340.9315  339.9930  338.9582  337.9105
    -0.4820    0.8348  308.3724  311.2628  314.1572  317.0362  319.8778  322.6569  325.2988  327.8267  330.2357  332.5091  334.6319  336.5902  338.3720  339.9674  341.3685  342.5691  343.5654  344.3550  344.9381  345.3158  345.4894  345.4467  345.1416  344.6438  343.9829  343.1717  342.2252  341.1588  339.9880  338.7950
    -0.2410    0.8348  308.3761  311.2677  314.1635  317.0443  319.8880  322.6693  325.3131  327.8436  330.2556  332.5322  334.6585  336.6205  338.4062  340.0056  341.4109  342.6158  343.6165  344.4104  344.9979  345.3798  345.5569  345.5131  345.2097  344.7159  344.0599  343.2543  342.3140  341.2543  340.0903  338.9050
     0.0000    0.8348  308.4073  311.3310  314.2576  317.1672  320.0372  322.8386  325.4979  328.0508  330.4846  332.7824  334.9293  336.9111  338.7161  340.3342  341.7577  342.9803  343.9983  344.8090  345.4127  345.8096  345.9952  345.9312  345.6291  345.1474  344.5036  343.7099  342.7812  341.7328  340.5799  339.4088
     0.2410    0.8348  311.1728  314.0402  316.9092  319.7282  322.4814  325.1738  327.7857  330.2975  332.6914  334.9506  337.0600  339.0054  340.7757  342.3604  343.7521  344.9443  345.9331  346.7161  347.2895  347.6288  347.6942  347.5534  347.2290  346.7307  346.0704  345.2603  344.3154  343.2508  342.0823  340.9014
     0.4820    0.8348  311.1838  314.0622  316.9416  319.7677  322.5293  325.2297  327.8493  330.3685  332.7697  335.0356  337.1513  339.1026  340.8783  342.4680  343.8643  345.0605  346.0531  346.8393  347.4141  347.7469  347.8110  347.6711  347.3478  346.8506  346.1917  345.3832  344.4402  343.3781  342.2126  341.0365
     0.7230    0.8348  310.9581  313.6746  316.3921  319.0613  321.6674  324.2173  326.6932  329.0768  331.3517  333.5021  335.5140  337.3743  339.0724  340.5989  341.9466  343.1096  344.0844  344.8686  345.4612  345.8525  345.9913  345.9132  345.6650  345.2562  344.6981  344.0017  343.1809  342.2501  341.2243  340.1976
     0.9640    0.8348  310.7584  313.3325  315.9078  318.4389  320.9078  323.3249  325.6735  327.9368  330.0996  332.1471  334.0663  335.8449  337.4731  338.9420  340.2449  341.3761  342.3323  343.1110  343.7118  344.1310  344.3453  344.3274  344.1383  343.7993  343.3209  342.7139  341.9912  341.1663  340.2539  339.3481
     1.2050    0.8348  310.5042  312.8959  315.2890  317.6434  319.9370  322.1845  324.3710  326.4812  328.5014  330.4182  332.2199  333.8953  335.4357  336.8327  338.0805  339.1738  340.1098  340.8861  341.5024  341.9584  342.2502  342.3393  342.2395  341.9989  341.6327  341.1504  340.5637  339.8850  339.1295  338.3926
    -1.3255    0.6261  307.6889  310.0904  312.4955  314.8902  317.2572  319.5781  321.8046  323.9216  325.9476  327.8699  329.6769  331.3575  332.9024  334.3035  335.5547  336.6510  337.5893  338.3675  338.9858  339.4451  339.7479  339.8972  339.8980  339.7432  339.3943  338.9088  338.3181  337.6346  336.8711  336.1156
    -1.0845    0.6261  307.9456  310.5305  313.1192  315.6954  318.2404  320.7330  323.1149  325.3854  327.5542  329.6071  331.5310  333.3138  334.9454  336.4167  337.7213  338.8533  339.8098  340.5883  341.1893  341.6138  341.8644  341.9448  341.8525  341.5464  341.0664  340.4554  339.7284  338.8986  337.9798  337.0568
    -0.8435    0.6261  308.1456  310.8732  313.6048  316.3227  319.0065  321.6333  324.1369  326.5282  328.8099  330.9667  332.9847  334.8510  336.5545  338.0859  339.4379  340.6047  341.5829  342.3700  342.9663  343.3728  343.5922  343.6234  343.4370  343.0340  342.4719  341.7703  340.9434  340.0055  338.9710  337.9236
    -0.6025    0.6261  308.3738  311.2647  314.1596  317.0394  319.8819  322.6619  325.3048  327.8338  330.2442  332.5192  334.6436  336.6036  338.3873  339.9845  341.3874  342.5897  343.5877  344.3790  344.9636  345.3428  345.5177  345.4744  345.1697  344.6734  344.0145  343.2059  342.2624  341.1995  340.0324  338.8434
    -0.3615    0.6261  308.5558  311.5796  314.6068  317.6169  320.5864  323.4867  326.2385  328.8769  331.3895  333.7583  335.9675  338.0024  339.8506  341.5013  342.9466  344.1797  345.1968  345.9955  346.5758  346.9388  347.0788  346.9510  346.5811  346.0247  345.2969  344.4109  343.3823  342.2272  340.9615  339.6685
    -0.1205    0.6261  308.5682  311.6035  314.6419  317.6628  320.6425  323.5493  326.3094  328.9575  331.4798  333.8586  336.0780  338.1234  339.9822  341.6439  343.1005  344.3451  345.3739  346.1843  346.7762  347.1498  347.2958  347.1582  346.7951  346.2474  345.5281  344.6502  343.6292  342.4816  341.2232  339.9390
     0.1205    0.6261  311.3225  314.2904  317.2613  320.1849  323.0393  325.8305  328.5369  331.1376  333.6144  335.9491  338.1260  340.1302  341.9494  343.5731  344.9931  346.2026  347.1975  347.9753  348.5302  348.8272  348.8486  348.6583  348.2745  347.7077  346.9707  346.0763  345.0403  343.8789  342.6080  341.3173
     0.3615    0.6261  311.3545  314.3546  317.3555  320.2995  323.1780  325.9915  328.7193  331.3406  333.8369  336.1902  338.3847  340.4055  342.2407  343.8797  345.3143  346.5379  347.5463  348.3368  348.8991  349.1791  349.2009  349.0183  348.6423  348.0830  347.3530  346.4652  345.4355  344.2800  343.0149  341.7322
     0.6025    0.6261  311.1841  314.0628  316.9424  319.7689  322.5311  325.2322  327.8530  330.3736  332.7765  335.0446  337.1627  339.1169  340.8958  342.4890  343.8890  345.0893  346.0860  346.8765  347.4550  347.7880  347.8542  347.7177  347.3979  346.9043  346.2489  345.4439  344.5044  343.4458  342.2838  341.1117
     0.8435    0.6261  310.9578  313.6742  316.3917  319.0608  321.6669  324.2169  326.6928  329.0765  331.3517  333.5024  335.5146  337.3754  339.0741  340.6013  341.9498  343.1135  344.0890  344.8736  345.4666  345.8580  345.9957  345.9169  345.6677  345.2577  344.6978  343.9994  343.1764  342.2431  341.2147  340.1852
     1.0845    0.6261  310.7585  313.3326  315.9079  318.4391  320.9080  323.3250  325.6736  327.9368  330.0994  332.1466  334.0654  335.8435  337.4711  338.9394  340.2416  341.3721  342.3276  343.1057  343.7060  344.1250  344.3397  344.3220  344.1330  343.7942  343.3161  342.7094  341.9871  341.1627  340.2512  339.3466
     1.3255    0.6261  310.5039  312.8957  315.2887  317.6431  319.9367  322.1841  324.3706  326.4807  328.5009  330.4177  332.2195  333.8950  335.4355  336.8327  338.0808  339.1744  340.1106  340.8871  341.5035  341.9594  342.2511  342.3399  342.2397  341.9988  341.6323  341.1496  340.5627  339.8837  339.1278  338.3901
    -1.4460    0.4174  307.6898  310.0915  312.4970  314.8921  317.2596  319.5810  321.8078  323.9254  325.9520  327.8749  329.6823  331.3633  332.9085  334.3099  335.5613  336.6577  337.5961  338.3744  338.9928  339.4522  339.7553  339.9051  339.9063  339.7519  339.4036  338.9192  338.3299  337.6479  336.8861  336.1327
    -1.2050    0.4174  307.9458  310.5308  313.1195  315.6959  318.2410  320.7337  323.1158  325.3869  327.5564  329.6101  331.5352  333.3196  334.9529  336.4262  337.7329  338.8673  339.8262  340.6073  341.2107  341.6375  341.8902  341.9725  341.8814  341.5744  341.0953  340.4856  339.7597  338.9309  338.0129  337.0904
    -0.9640    0.4174  308.1464  310.8743  313.6061  316.3243  319.0085  321.6358  324.1399  326.5319  328.8144  330.9719  332.9907  334.8575  336.5615  338.0932  339.4453  340.6119  341.5897  342.3762  342.9717  343.3773  343.5957  343.6257  343.4385  343.0348  342.4721  341.7704  340.9437  340.0066  338.9735  337.9285
    -0.7230    0.4174  308.3748  311.2659  314.1610  317.0409  319.8837  322.6640  325.3070  327.8364  330.2472  332.5227  334.6478  336.6085  338.3930  339.9910  341.3949  342.5983  343.5975  344.3900  344.9760  345.3566  345.5327  345.4894  345.1857  344.6908  344.0334  343.2261  342.2838  341.2219  340.0556  338.8676
    -0.4820    0.4174  308.5569  311.5811  314.6090  317.6200  320.5906  323.4919  326.2449  328.8850  331.3993  333.7701  335.9817  338.0192  339.8704  341.5243  342.9732  344.2102  345.2314  346.0343  346.6189  346.9860  347.1292  347.0007  346.6332  346.0801  345.3557  344.4730  343.4477  342.2961  341.0341  339.7457
    -0.2410    0.4174  311.4329  314.4699  317.5116  320.5126  323.4396  326.3016  329.0750  331.7380  334.2716  336.6571  338.8780  340.9188  342.7669  344.4110  345.8427  347.0552  348.0441  348.8070  349.3392  349.6098  349.5936  349.3555  348.9154  348.2843  347.4756  346.5030  345.3828  344.1316  342.7662  341.3730
     0.0000    0.4174  308.7335  311.8926  315.0540  318.1956  321.2920  324.3021  327.1658  329.9146  332.5313  334.9971  337.2955  339.4112  341.3315  343.0451  344.5439  345.8208  346.8719  347.6943  348.2882  348.6466  348.7319  348.5403  348.1397  347.5476  346.7770  345.8415  344.7573  343.5411  342.2095  340.8492
     0.2410    0.4174  311.4858  314.5767  317.6689  320.7045  323.6726  326.5730  329.3839  332.0836  334.6527  337.0726  339.3265  341.3993  343.2783  344.9525  346.4135  347.6543  348.6708  349.4600  350.0076  350.2469  350.2386  350.0186  349.5971  348.9846  348.1942  347.2392  346.1359  344.9011  343.5511  342.1772
     0.4820    0.4174  311.3556  314.3560  317.3574  320.3020  323.1812  325.9956  328.7245  331.3471  333.8447  336.1995  338.3955  340.4179  342.2549  343.8957  345.3324  346.5582  347.5692  348.3626  348.9275  349.2083  349.2330  349.0542  348.6827  348.1281  347.4032  346.5207  345.4963  344.3462  343.0865  341.8101
     0.7230    0.4174  311.1851  314.0637  316.9434  319.7698  322.5318  325.2327  327.8528  330.3727  332.7746  335.0415  337.1583  339.1110  340.8881  342.4796  343.8778  345.0762  346.0712  346.8599  347.4371  347.7705  347.8362  347.6989  347.3786  346.8848  346.2294  345.4248  344.4858  343.4278  342.2663  341.0943
     0.9640    0.4174  310.9570  313.6732  316.3904  319.0594  321.6651  324.2147  326.6903  329.0735  331.3482  333.4985  335.5103  337.3707  339.0690  340.5958  341.9438  343.1072  344.0823  344.8666  345.4593  345.8505  345.9888  345.9102  345.6610  345.2510  344.6914  343.9934  343.1708  342.2380  341.2096  340.1793
     1.2050    0.4174  310.7575  313.3315  315.9066  318.4376  320.9064  323.3233  325.6718  327.9348  330.0972  332.1443  334.0629  335.8410  337.4687  338.9370  340.2393  341.3699  342.3256  343.1040  343.7046  344.1238  344.3388  344.3212  344.1323  343.7931  343.3145  342.7069  341.9834  341.1573  340.2438  339.3366
     1.4460    0.4174  310.5028  312.8944  315.2874  317.6417  319.9354  322.1829  324.3695  326.4798  328.5001  330.4170  332.2188  333.8943  335.4346  336.8316  338.0792  339.1723  340.1080  340.8839  341.4998  341.9553  342.2467  342.3356  342.2354  341.9945  341.6281  341.1455  340.5587  339.8798  339.1238  338.3857
    -1.5665    0.2087  307.7018  310.1147  312.5308  314.9360  317.3129  319.6427  321.8735  323.9989  326.0331  327.9634  329.7782  331.4664  333.0188  334.4271  335.6855  336.7888  337.7340  338.5191  339.1441  339.6099  339.9190  340.0742  340.0786  339.9165  339.5679  339.0882  338.5035  337.8261  337.0687  336.3205
    -1.3255    0.2087  307.9577  310.5539  313.1535  315.7403  318.2951  320.7966  323.1831  325.4624  327.6399  329.7015  331.6341  333.4256  335.0658  336.5457  337.8587  338.9993  339.9641  340.7510  341.3601  341.7925  342.0506  342.1372  342.0460  341.7319  341.2570  340.6525  339.9319  339.1084  338.1957  337.2798
    -1.0845    0.2087  308.1579  310.8969  313.6393  316.3677  319.0613  321.6969  324.2053  326.6051  328.8953  331.0603  333.0864  334.9603  336.6713  338.2097  339.5686  340.7419  341.7263  342.5193  343.1212  343.5329  343.7568  343.7899  343.5954  343.1928  342.6354  341.9393  341.1183  340.1867  339.1588  338.1193
    -0.8435    0.2087  308.3861  311.2881  314.1936  317.0835  319.9353  322.7235  325.3708  327.9078  330.3262  332.6090  334.7412  336.7090  338.5004  340.1053  341.5161  342.7264  343.7324  344.5317  345.1244  345.5114  345.6916  345.6417  345.3391  344.8496  344.1976  343.3957  342.4586  341.4017  340.2401  339.0575
    -0.6025    0.2087  308.5580  311.5827  314.6111  317.6228  320.5941  323.4961  326.2501  328.8913  331.4071  333.7796  335.9930  338.0325  339.8858  341.5422  342.9937  344.2335  345.2578  346.0638  346.6517  347.0219  347.1675  347.0387  346.6736  346.1237  345.4027  344.5235  343.5019  342.3540  341.0955  339.8103
    -0.3615    0.2087  308.7206  311.8682  315.0185  318.1496  321.2363  324.2404  327.0966  329.8374  332.4466  334.9054  337.1974  339.3073  341.2221  342.9307  344.4248  345.6974  346.7444  347.5630  348.1533  348.5102  348.6024  348.4115  348.0082  347.4129  346.6389  345.6997  344.6114  343.3909  342.0546  340.6876
    -0.1205    0.2087  308.8188  312.0390  315.2615  318.4636  321.6191  324.6846  327.6022  330.4025  333.0672  335.5771  337.9155  340.0665  342.0171  343.7560  345.2746  346.5659  347.6257  348.4512  349.0422  349.3887  349.4410  349.2237  348.7976  348.1749  347.3691  346.3941  345.2666  344.0038  342.6226  341.2097
     0.1205    0.2087  311.5604  314.7013  317.8443  320.9321  323.9506  326.9003  329.7582  332.5022  335.1126  337.5702  339.8581  341.9604  343.8643  345.5584  347.0342  348.2844  349.3049  350.0921  350.6298  350.8481  350.8210  350.5769  350.1261  349.4792  348.6497  347.6514  346.5010  345.2157  343.8125  342.3818
     0.3615    0.2087  311.4854  314.5761  317.6684  320.7041  323.6723  326.5731  329.3845  332.0849  334.6550  337.0761  339.3315  341.4060  343.2868  344.9630  346.4259  347.6687  348.6869  349.4776  350.0261  350.2648  350.2570  350.0374  349.6163  349.0040  348.2140  347.2597  346.1574  344.9240  343.5759  342.2041
     0.6025    0.2087  311.3439  314.3333  317.3243  320.2616  323.1323  325.9386  328.6595  331.2744  333.7646  336.1122  338.3015  340.3176  342.1484  343.7835  345.2146  346.4351  347.4409  348.2293  348.7914  349.0784  349.1017  348.9189  348.5428  347.9835  347.2536  346.3659  345.3362  344.1807  342.9155  341.6322
     0.8435    0.2087  311.1731  314.0406  316.9098  319.7290  322.4823  325.1750  327.7872  330.2991  332.6932  334.9524  337.0617  339.0070  340.7768  342.3610  343.7519  344.9432  345.9309  346.7126  347.2847  347.6233  347.6877  347.5454  347.2197  346.7203  346.0593  345.2489  344.3042  343.2406  342.0737  340.8955
     1.0845    0.2087  310.9452  313.6504  316.3573  319.0191  321.6164  324.1581  326.6259  329.0015  331.2688  333.4118  335.4167  337.2703  338.9621  340.4825  341.8245  342.9820  343.9516  344.7306  345.3186  345.7076  345.8530  345.7731  345.5199  345.1055  344.5409  343.8376  343.0096  342.0710  341.0370  340.0004
     1.3255    0.2087  310.7567  313.3303  315.9048  318.4354  320.9035  323.3195  325.6667  327.9284  330.0892  332.1344  334.0511  335.8271  337.4524  338.9183  340.2181  341.3462  342.2992  343.0749  343.6729  344.0901  344.3059  344.2877  344.0973  343.7568  343.2772  342.6688  341.9450  341.1189  340.2056  339.2985
     1.5665    0.2087  310.5023  312.8938  315.2866  317.6407  319.9341  322.1813  324.3673  326.4769  328.4965  330.4125  332.2134  333.8879  335.4273  336.8234  338.0703  339.1626  340.0976  340.8730  341.4885  341.9438  342.2352  342.3249  342.2248  341.9836  341.6166  341.1333  340.5455  339.8654  339.1082  338.3685
    -1.4460    0.0000  310.7233  313.2640  315.8073  318.3158  320.7578  323.1491  325.4724  327.7102  329.8478  331.8704  333.7651  335.5196  337.1240  338.5694  339.8492  340.9576  341.8914  342.6482  343.2279  343.6304  343.8503  343.8426  343.6399  343.2854  342.7914  342.1685  341.4302  340.5899  339.6623  338.7391
    -1.2050    0.0000  308.1887  310.9598  313.7330  316.4900  319.2099  321.8674  324.3884  326.8095  329.1203  331.3050  333.3498  335.2415  336.9694  338.5240  339.8982  341.0861  342.0842  342.8902  343.5043  343.9270  344.1595  344.1920  343.9747  343.5755  343.0254  342.3362  341.5215  340.5959  339.5735  338.5418
    -0.9640    0.0000  311.1391  313.9736  316.8115  319.6088  322.3361  325.0042  327.5924  330.0807  332.4519  334.6890  336.7769  338.7015  340.4512  342.0159  343.3877  344.5602  345.5297  346.2934  346.8511  347.1930  347.2686  347.1142  346.7757  346.2631  345.5886  344.7646  343.8062  342.7288  341.5481  340.3528
    -0.7230    0.0000  308.5898  311.6466  314.7056  317.7456  320.7424  323.6594  326.4324  329.0942  331.6296  334.0204  336.2511  338.3066  340.1749  341.8453  343.3097  344.5615  345.5968  346.4130  347.0100  347.3863  347.5261  347.3778  347.0180  346.4743  345.7593  344.8862  343.8707  342.7288  341.4765  340.2001
    -0.4820    0.0000  311.4650  314.5343  317.6064  320.6281  323.5796  326.4646  329.2604  331.9453  334.5000  336.9059  339.1464  341.2061  343.0724  344.7341  346.1828  347.4116  348.4164  349.1944  349.7361  349.9893  349.9743  349.7463  349.3165  348.6954  347.8965  346.9330  345.8214  344.5784  343.2210  341.8384
    -0.2410    0.0000  311.5614  314.7025  317.8456  320.9334  323.9518  326.9013  329.7588  332.5023  335.1118  337.5683  339.8548  341.9555  343.8576  345.5498  347.0234  348.2713  349.2894  350.0743  350.6103  350.8285  350.7996  350.5539  350.1017  349.4540  348.6244  347.6266  346.4774  345.1938  343.7928  342.3643
     0.0000    0.0000  311.6176  314.7990  317.9824  321.1093  324.1665  327.1534  330.0467  332.8239  335.4648  337.9501  340.2624  342.3859  344.3074  346.0155  347.5013  348.7578  349.7806  350.5655  351.0919  351.2964  351.2566  350.9967  350.5269  349.8584  349.0047  347.9797  346.8004  345.4840  344.0476  342.5810
     0.2410    0.0000  311.5506  314.6808  317.8138  320.8947  323.9049  326.8468  329.6970  332.4334  335.0362  337.4864  339.7669  341.8620  343.7589  345.4462  346.9152  348.1590  349.1732  349.9550  350.4908  350.7161  350.6856  350.4381  349.9839  349.3338  348.5013  347.5000  346.3467  345.0587  343.6532  342.2198
     0.4820    0.0000  308.7326  311.8914  315.0525  318.1939  321.2898  324.2997  327.1630  329.9113  332.5274  334.9926  337.2904  339.4055  341.3250  343.0379  344.5358  345.8119  346.8621  347.6836  348.2765  348.6341  348.7192  348.5269  348.1250  347.5312  346.7588  345.8211  344.7345  343.5158  342.1812  340.8168
     0.7230    0.0000  311.3109  314.2677  317.2280  320.1442  322.9896  325.7723  328.4702  331.0624  333.5306  335.8570  338.0257  340.0218  341.8332  343.4493  344.8618  346.0641  347.0521  347.8233  348.3738  348.6771  348.6980  348.5039  348.1160  347.5448  346.8030  345.9037  344.8623  343.6950  342.4177  341.1185
     0.9640    0.0000  308.4175  311.3520  314.2886  317.2076  320.0860  322.8921  325.5572  328.1162  330.5555  332.8583  335.0095  336.9950  338.8033  340.4242  341.8500  343.0745  344.0940  344.9060  345.5105  345.9079  346.0924  346.0210  345.7166  345.2345  344.5898  343.7950  342.8650  341.8151  340.6606  339.4878
     1.2050    0.0000  310.9231  313.6064  316.2926  318.9401  321.5200  324.0452  326.4968  328.8562  331.1072  333.2342  335.2231  337.0608  338.7367  340.2412  341.5671  342.7085  343.6618  344.4247  344.9969  345.3744  345.5309  345.4468  345.1820  344.7558  344.1795  343.4647  342.6255  341.6760  340.6312  339.5816
     1.4460    0.0000  310.7343  313.2860  315.8399  318.3561  320.8069  323.2067  325.5382  327.7843  329.9297  331.9598  333.8617  335.6230  337.2339  338.6854  339.9709  341.0846  342.0234  342.7850  343.3689  343.7750  343.9955  343.9794  343.7777  343.4258  342.9342  342.3137  341.5775  340.7392  339.8136  338.8926
    -1.5665   -0.2087  310.5023  312.8936  315.2861  317.6400  319.9330  322.1797  324.3652  326.4742  328.4932  330.4087  332.2091  333.8831  335.4221  336.8178  338.0641  339.1560  340.0904  340.8652  341.4799  341.9344  342.2252  342.3149  342.2144  341.9725  341.6048  341.1209  340.5326  339.8522  339.0946  338.3544
    -1.3255   -0.2087  310.7465  313.3094  315.8740  318.3977  320.8576  323.2660  325.6061  327.8607  330.0149  332.0538  333.9645  335.7348  337.3548  338.8155  340.1105  341.2339  342.1826  342.9543  343.5485  343.9636  344.1855  344.1679  343.9751  343.6320  343.1494  342.5379  341.8106  340.9808  340.0632  339.1506
    -1.0845   -0.2087  310.9458  313.6509  316.3576  319.0191  321.6160  324.1571  326.6241  328.9989  331.2651  333.4071  335.4108  337.2632  338.9538  340.4731  341.8138  342.9701  343.9384  344.7161  345.3027  345.6904  345.8357  345.7548  345.5003  345.0844  344.5184  343.8138  342.9844  342.0448  341.0098  339.9724
    -0.8435   -0.2087  311.1731  314.0405  316.9095  319.7284  322.4815  325.1738  327.7856  330.2972  332.6910  334.9500  337.0591  339.0044  340.7744  342.3590  343.7504  344.9424  345.9310  346.7138  347.2870  347.6266  347.6922  347.5511  347.2264  346.7279  346.0676  345.2577  344.3133  343.2497  342.0825  340.9038
    -0.6025   -0.2087  311.3445  314.3340  317.3252  320.2626  323.1335  325.9400  328.6612  331.2764  333.7669  336.1150  338.3046  340.3210  342.1523  343.7876  345.2191  346.4398  347.4459  348.2347  348.7969  349.0837  349.1073  348.9250  348.5496  347.9912  347.2622  346.3756  345.3471  344.1927  342.9288  341.6470
    -0.3615   -0.2087  311.4972  314.5987  317.7009  320.7433  323.7193  326.6272  329.4451  332.1516  334.7272  337.1531  339.4130  341.4913  343.3757  345.0551  346.5211  347.7669  348.7882  349.5815  350.1299  350.3639  350.3585  350.1415  349.7229  349.1131  348.3251  347.3724  346.2713  345.0388  343.6914  342.3214
    -0.1205   -0.2087  311.5610  314.7021  317.8452  320.9330  323.9515  326.9012  329.7591  332.5032  335.1135  337.5711  339.8588  341.9610  343.8648  345.5588  347.0344  348.2844  349.3045  350.0914  350.6286  350.8467  350.8192  350.5748  350.1239  349.4772  348.6483  347.6510  346.5021  345.2187  343.8176  342.3893
     0.1205   -0.2087  308.8086  312.0180  315.2301  318.4225  321.5692  324.6295  327.5402  330.3329  332.9904  335.4934  337.8250  339.9697  341.9142  343.6472  345.1603  346.4463  347.5011  348.3218  348.9083  349.2527  349.3119  349.0941  348.6646  348.0386  347.2295  346.2511  345.1203  343.8539  342.4689  341.0505
     0.3615   -0.2087  308.7024  311.8292  314.9600  318.0729  321.1433  324.1380  326.9819  329.7090  332.3048  334.7506  337.0298  339.1271  341.0296  342.7261  344.2084  345.4695  346.5052  347.3129  347.8928  348.2434  348.3480  348.1564  347.7458  347.1435  346.3630  345.4177  344.3240  343.0985  341.7576  340.3853
     0.6025   -0.2087  308.5579  311.5824  314.6105  317.6219  320.5928  323.4945  326.2479  328.8886  331.4037  333.7755  335.9881  338.0267  339.8791  341.5344  342.9847  344.2233  345.2462  346.0508  346.6373  347.0063  347.1509  347.0222  346.6560  346.1045  345.3819  344.5010  343.4775  342.3277  341.0675  339.7809
     0.8435   -0.2087  308.3862  311.2883  314.1940  317.0841  319.9361  322.7245  325.3720  327.9093  330.3278  332.6107  334.7430  336.7107  338.5020  340.1067  341.5173  342.7274  343.7334  344.5327  345.1256  345.5130  345.6937  345.6445  345.3427  344.8539  344.2024  343.4009  342.4639  341.4070  340.2454  339.0631
     1.0845   -0.2087  308.1577  310.8969  313.6397  316.3685  319.0626  321.6990  324.2079  326.6087  328.9001  331.0665  333.0941  334.9698  336.6827  338.2232  339.5842  340.7598  341.7464  342.5417  343.1457  343.5595  343.7853  343.8195  343.6239  343.2217  342.6651  341.9694  341.1488  340.2173  339.1896  338.1507
     1.3255   -0.2087  307.9680  310.5750  313.1849  315.7814  318.3452  320.8548  323.2453  325.5318  327.7164  329.7847  331.7238  333.5215  335.1676  336.6533  337.9718  339.1177  340.0876  340.8794  341.4932  341.9297  342.1914  342.2795  342.1818  341.8651  341.3923  340.7897  340.0709  339.2491  338.3384  337.4257
     1.5665   -0.2087  307.7010  310.1140  312.5304  314.9360  317.3134  319.6440  321.8754  324.0018  326.0372  327.9689  329.7850  331.4747  333.0284  334.4383  335.6982  336.8029  337.7496  338.5362  339.1627  339.6302  339.9409  340.0977  340.1035  339.9412  339.5935  339.1155  338.5326  337.8570  337.1013  336.3551
    -1.4460   -0.4174  310.5040  312.8957  315.2886  317.6429  319.9363  322.1835  324.3696  326.4793  328.4989  330.4150  332.2160  333.8906  335.4302  336.8264  338.0734  339.1660  340.1011  340.8767  341.4922  341.9475  342.2388  342.3282  342.2280  341.9869  341.6201  341.1373  340.5503  339.8713  339.1155  338.3778
    -1.2050   -0.4174  310.7581  313.3321  315.9071  318.4380  320.9066  323.3233  325.6715  327.9343  330.0965  332.1433  334.0617  335.8396  337.4670  338.9351  340.2372  341.3677  342.3232  343.1015  343.7019  344.1211  344.3363  344.3189  344.1300  343.7910  343.3126  342.7053  341.9821  341.1564  340.2434  339.3367
    -0.9640   -0.4174  310.9576  313.6739  316.3912  319.0601  321.6659  324.2155  326.6910  329.0742  331.3488  333.4988  335.5104  337.3705  339.0684  340.5947  341.9423  343.1052  344.0799  344.8639  345.4564  345.8475  345.9861  345.9075  345.6583  345.2484  344.6888  343.9909  343.1686  342.2361  341.2085  340.1793
    -0.7230   -0.4174  311.1855  314.0642  316.9439  319.7704  322.5324  325.2333  327.8535  330.3735  332.7754  335.0423  337.1591  339.1118  340.8889  342.4804  343.8785  345.0769  346.0717  346.8601  347.4369  347.7699  347.8351  347.6971  347.3761  346.8815  346.2256  345.4204  344.4811  343.4230  342.2613  341.0894
    -0.4820   -0.4174  311.3547  314.3551  317.3564  320.3009  323.1802  325.9948  328.7240  331.3471  333.8455  336.2013  338.3985  340.4223  342.2608  343.9033  345.3415  346.5689  347.5813  348.3759  348.9415  349.2214  349.2461  349.0673  348.6954  348.1403  347.4145  346.5310  345.5055  344.3542  343.0932  341.8156
    -0.2410   -0.4174  311.4862  314.5770  317.6691  320.7046  323.6725  326.5729  329.3836  332.0832  334.6521  337.0719  339.3259  341.3987  343.2779  344.9523  346.4136  347.6547  348.6716  349.4611  350.0089  350.2486  350.2405  350.0206  349.5990  348.9861  348.1952  347.2395  346.1355  344.9000  343.5495  342.1750
     0.0000   -0.4174  308.7232  311.8715  315.0226  318.1546  321.2422  324.2472  327.1043  329.8459  332.4556  334.9148  337.2070  339.3167  341.2311  342.9392  344.4327  345.7045  346.7508  347.5686  348.1581  348.5141  348.6059  348.4144  348.0106  347.4151  346.6409  345.7016  344.6134  343.3933  342.0577  340.6927
     0.2410   -0.4174  308.6907  311.8066  314.9266  318.0296  321.0907  324.0798  326.9166  329.6357  332.2236  334.6617  336.9335  339.0236  340.9191  342.6089  344.0846  345.3394  346.3692  347.1714  347.7462  348.0941  348.2037  348.0155  347.6018  346.9960  346.2117  345.2623  344.1639  342.9332  341.5865  340.2064
     0.4820   -0.4174  308.5464  311.5597  314.5770  317.5781  320.5394  323.4338  326.1812  328.8135  331.3204  333.6842  335.8889  337.9199  339.7648  341.4128  342.8559  344.0875  345.1035  345.9015  346.4816  346.8448  346.9868  346.8661  346.4982  345.9421  345.2148  344.3294  343.3015  342.1472  340.8825  339.5897
     0.7230   -0.4174  308.3750  311.2660  314.1610  317.0409  319.8834  322.6635  325.3063  327.8354  330.2458  332.5207  334.6453  336.6053  338.3891  339.9865  341.3897  342.5925  343.5910  344.3829  344.9684  345.3485  345.5243  345.4815  345.1777  344.6825  344.0248  343.2173  342.2750  341.2131  340.0471  338.8596
     0.9640   -0.4174  308.1461  310.8739  313.6056  316.3237  319.0078  321.6350  324.1391  326.5310  328.8136  330.9713  332.9904  334.8577  336.5623  338.0946  339.4475  340.6152  341.5940  342.3817  342.9784  343.3852  343.6050  343.6361  343.4491  343.0463  342.4848  341.7843  340.9589  340.0227  338.9901  337.9445
     1.2050   -0.4174  307.9463  310.5314  313.1204  315.6970  318.2423  320.7354  323.1177  325.3891  327.5589  329.6128  331.5381  333.3224  334.9556  336.4287  337.7350  338.8690  339.8274  340.6081  341.2112  341.6378  341.8905  341.9731  341.8824  341.5762  341.0982  340.4898  339.7654  338.9384  338.0224  337.1022
     1.4460   -0.4174  307.6912  310.0932  312.4990  314.8944  317.2622  319.5838  321.8107  323.9285  325.9552  327.8780  329.6855  331.3665  332.9116  334.3129  335.5643  336.6607  337.5991  338.3774  338.9959  339.4555  339.7587  339.9086  339.9100  339.7556  339.4072  338.9231  338.3340  337.6522  336.8907  336.1377
    -1.3255   -0.6261  310.5051  312.8969  315.2900  317.6444  319.9381  322.1855  324.3719  326.4819  328.5020  330.4186  332.2201  333.8953  335.4353  336.8321  338.0796  339.1727  340.1083  340.8843  341.5004  341.9563  342.2480  342.3375  342.2381  341.9981  341.6327  341.1514  340.5660  339.8885  339.1342  338.3978
    -1.0845   -0.6261  310.7595  313.3337  315.9090  318.4401  320.9090  323.3260  325.6745  327.9376  330.1001  332.1472  334.0661  335.8445  337.4725  338.9414  340.2446  341.3762  342.3332  343.1130  343.7150  344.1358  344.3511  344.3345  344.1467  343.8085  343.3306  342.7234  342.0000  341.1737  340.2597  339.3521
    -0.8435   -0.6261  310.9578  313.6741  316.3916  319.0607  321.6666  324.2166  326.6926  329.0765  331.3520  333.5032  335.5162  337.3780  339.0778  340.6063  341.9563  343.1218  344.0991  344.8856  345.4806  345.8735  346.0115  345.9344  345.6870  345.2788  344.7209  344.0244  343.2033  342.2718  341.2447  340.2158
    -0.6025   -0.6261  311.1850  314.0637  316.9435  319.7701  322.5324  325.2337  327.8545  330.3751  332.7779  335.0457  337.1635  339.1173  340.8957  342.4884  343.8878  345.0875  346.0837  346.8737  347.4520  347.7854  347.8518  347.7158  347.3968  346.9042  346.2499  345.4462  344.5078  343.4501  342.2884  341.1160
    -0.3615   -0.6261  311.3545  314.3546  317.3555  320.2995  323.1781  325.9916  328.7194  331.3408  333.8371  336.1903  338.3846  340.4052  342.2401  343.8787  345.3130  346.5362  347.5444  348.3348  348.8972  349.1777  349.2001  349.0184  348.6434  348.0851  347.3561  346.4691  345.4397  344.2841  343.0184  341.7346
    -0.1205   -0.6261  311.3225  314.2903  317.2608  320.1840  323.0379  325.8286  328.5343  331.1344  333.6103  335.9441  338.1201  340.1234  341.9420  343.5651  344.9846  346.1938  347.1887  347.9665  348.5215  348.8193  348.8412  348.6512  348.2677  347.7010  346.9640  346.0695  345.0333  343.8715  342.6000  341.3083
     0.1205   -0.6261  308.5568  311.5811  314.6090  317.6201  320.5908  323.4924  326.2459  328.8868  331.4023  333.7746  335.9879  338.0274  339.8807  341.5370  342.9883  344.2279  345.2518  346.0573  346.6446  347.0144  347.1596  347.0303  346.6642  346.1131  345.3906  344.5096  343.4858  342.3352  341.0737  339.7847
     0.3615   -0.6261  308.5451  311.5580  314.5750  317.5755  320.5362  323.4298  326.1765  328.8078  331.3136  333.6760  335.8793  337.9087  339.7519  341.3981  342.8392  344.0685  345.0822  345.8777  346.4551  346.8156  346.9551  346.8344  346.4648  345.9058  345.1755  344.2868  343.2557  342.0981  340.8303  339.5346
     0.6025   -0.6261  308.3734  311.2640  314.1586  317.0379  319.8800  322.6596  325.3020  327.8306  330.2404  332.5148  334.6387  336.5982  338.3814  339.9782  341.3809  342.5831  343.5811  344.3727  344.9578  345.3378  345.5138  345.4718  345.1685  344.6737  344.0163  343.2090  342.2667  341.2044  340.0373  338.8476
     0.8435   -0.6261  308.1464  310.8743  313.6060  316.3241  319.0080  321.6349  324.1386  326.5298  328.8114  330.9679  332.9855  334.8513  336.5542  338.0848  339.4361  340.6020  341.5792  342.3652  342.9604  343.3658  343.5841  343.6142  343.4276  343.0241  342.4612  341.7592  340.9321  339.9943  338.9600  337.9130
     1.0845   -0.6261  307.9462  310.5312  313.1199  315.6962  318.2411  320.7335  323.1153  325.3858  327.5545  329.6072  331.5311  333.3141  334.9459  336.4176  337.7225  338.8551  339.8121  340.5913  341.1929  341.6178  341.8688  341.9495  341.8573  341.5508  341.0706  340.4594  339.7320  338.9019  337.9829  337.0600
     1.3255   -0.6261  307.6901  310.0919  312.4972  314.8920  317.2592  319.5801  321.8065  323.9234  325.9492  327.8711  329.6777  331.3577  332.9019  334.3023  335.5529  336.6485  337.5862  338.3639  338.9817  339.4407  339.7433  339.8926  339.8934  339.7391  339.3908  338.9056  338.3153  337.6323  336.8694  336.1147
    -1.2050   -0.8348  310.5048  312.8966  315.2897  317.6441  319.9377  322.1851  324.3716  326.4817  328.5019  330.4187  332.2204  333.8958  335.4360  336.8329  338.0805  339.1735  340.1090  340.8848  341.5004  341.9556  342.2467  342.3354  342.2351  341.9941  341.6278  341.1456  340.5595  339.8816  339.1272  338.3914
    -0.9640   -0.8348  310.7605  313.3349  315.9103  318.4416  320.9106  323.3277  325.6762  327.9393  330.1016  332.1484  334.0667  335.8443  337.4713  338.9389  340.2403  341.3700  342.3248  343.1021  343.7017  344.1200  344.3348  344.3168  344.1274  343.7883  343.3101  342.7034  341.9814  341.1574  340.2466  339.3431
    -0.7230   -0.8348  310.9585  313.6750  316.3926  319.0618  321.6678  324.2178  326.6937  329.0774  331.3524  333.5031  335.5153  337.3761  339.0749  340.6021  341.9507  343.1148  344.0907  344.8759  345.4696  345.8616  346.0000  345.9222  345.6739  345.2649  344.7061  344.0089  343.1873  342.2555  341.2287  340.2009
    -0.4820   -0.8348  311.1835  314.0618  316.9412  319.7673  322.5289  325.2293  327.8491  330.3686  332.7700  335.0365  337.1527  339.1048  340.8812  342.4718  343.8688  345.0658  346.0590  346.8458  347.4209  347.7532  347.8171  347.6773  347.3540  346.8569  346.1981  345.3898  344.4472  343.3857  342.2206  341.0449
    -0.2410   -0.8348  311.1730  314.0403  316.9092  319.7280  322.4809  325.1732  327.7848  330.2962  332.6899  334.9487  337.0577  339.0027  340.7725  342.3568  343.7479  344.9394  345.9275  346.7095  347.2820  347.6210  347.6857  347.5438  347.2184  346.7191  346.0580  345.2473  344.3021  343.2379  342.0701  340.8909
     0.0000   -0.8348  308.4074  311.3310  314.2572  317.1664  320.0360  322.8369  325.4956  328.0475  330.4803  332.7770  334.9227  336.9032  338.7069  340.3237  341.7459  342.9671  343.9838  344.7933  345.3956  345.7913  345.9759  345.9120  345.6090  345.1257  344.4798  343.6836  342.7522  341.7008  340.5448  339.3700
     0.2410   -0.8348  308.3759  311.2673  314.1628  317.0433  319.8866  322.6674  325.3108  327.8406  330.2518  332.5274  334.6526  336.6133  338.3978  339.9958  341.3998  342.6033  343.6027  344.3955  344.9820  345.3632  345.5401  345.4973  345.1941  344.7001  344.0436  343.2371  342.2957  341.2345  340.0690  338.8820
     0.4820   -0.8348  308.3727  311.2632  314.1575  317.0366  319.8783  322.6573  325.2992  327.8269  330.2356  332.5085  334.6307  336.5881  338.3690  339.9631  341.3628  342.5618  343.5564  344.3443  344.9256  345.3015  345.4737  345.4310  345.1253  344.6264  343.9644  343.1525  342.2054  341.1386  339.9676  338.7746
     0.7230   -0.8348  308.1443  310.8717  313.6030  316.3206  319.0043  321.6309  324.1345  326.5258  328.8075  330.9645  332.9827  334.8493  336.5532  338.0849  339.4372  340.6043  341.5826  342.3698  342.9660  343.3723  343.5916  343.6225  343.4360  343.0329  342.4706  341.7691  340.9424  340.0047  338.9703  337.9224
     0.9640   -0.8348  307.9451  310.5299  313.1184  315.6945  318.2393  320.7317  323.1135  325.3840  327.5527  329.6056  331.5296  333.3127  334.9445  336.4161  337.7209  338.8533  339.8100  340.5889  341.1901  341.6149  341.8658  341.9465  341.8545  341.5482  341.0682  340.4572  339.7300  338.8999  337.9807  337.0569
     1.2050   -0.8348  307.6894  310.0910  312.4963  314.8909  317.2579  319.5787  321.8050  323.9218  325.9476  327.8695  329.6761  331.3563  332.9007  334.3014  335.5523  336.6483  337.5863  338.3643  338.9825  339.4418  339.7446  339.8941  339.8951  339.7409  339.3924  338.9072  338.3168  337.6336  336.8702  336.1146
    -1.0845   -1.0436  310.5044  312.8962  315.2892  317.6435  319.9371  322.1846  324.3711  326.4814  328.5019  330.4191  332.2214  333.8975  335.4387  336.8367  338.0856  339.1801  340.1172  340.8947  341.5122  341.9692  342.2618  342.3505  342.2509  342.0110  341.6454  341.1635  340.5771  339.8984  339.1425  338.4040
    -0.8435   -1.0436  310.7596  313.3339  315.9093  318.4405  320.9094  323.3265  325.6751  327.9383  330.1008  332.1479  334.0666  335.8445  337.4719  338.9398  340.2417  341.3717  342.3267  343.1043  343.7039  344.1222  344.3364  344.3180  344.1280  343.7881  343.3088  342.7007  341.9769  341.1508  340.2374  339.3306
    -0.6025   -1.0436  310.9569  313.6730  316.3902  319.0589  321.6644  324.2137  326.6889  329.0717  331.3458  333.4954  335.5064  337.3657  339.0629  340.5883  341.9348  343.0964  344.0696  344.8518  345.4423  345.8316  345.9692  345.8884  345.6365  345.2235  344.6605  343.9587  343.1321  342.1949  341.1620  340.1266
    -0.3615   -1.0436  310.9573  313.6734  316.3904  319.0592  321.6645  324.2136  326.6883  329.0705  331.3438  333.4924  335.5024  337.3606  339.0566  340.5808  341.9261  343.0866  344.0587  344.8401  345.4298  345.8187  345.9572  345.8765  345.6247  345.2121  344.6498  343.9491  343.1240  342.1890  341.1589  340.1276
    -0.1205   -1.0436  310.9240  313.6074  316.2936  318.9411  321.5212  324.0467  326.4988  328.8590  331.1112  333.2396  335.2303  337.0702  338.7486  340.2560  341.5853  342.7303  343.6877  344.4549  345.0316  345.4132  345.5706  345.4893  345.2287  344.8069  344.2352  343.5253  342.6910  341.7466  340.7068  339.6624
     0.1205   -1.0436  308.1567  310.8955  313.6378  316.3661  319.0597  321.6956  324.2042  326.6046  328.8958  331.0622  333.0898  334.9657  336.6788  338.2197  339.5810  340.7570  341.7439  342.5395  343.1439  343.5579  343.7841  343.8188  343.6233  343.2212  342.6648  341.9693  341.1486  340.2169  339.1887  338.1488
     0.3615   -1.0436  308.1460  310.8738  313.6055  316.3236  319.0077  321.6347  324.1386  326.5303  328.8124  330.9697  332.9881  334.8548  336.5587  338.0903  339.4425  340.6094  341.5874  342.3742  342.9701  343.3760  343.5948  343.6253  343.4384  343.0350  342.4726  341.7711  340.9444  340.0069  338.9727  337.9252
     0.6025   -1.0436  308.1442  310.8716  313.6028  316.3203  319.0035  321.6296  324.1326  326.5229  328.8034  330.9586  332.9747  334.8388  336.5397  338.0681  339.4167  340.5798  341.5538  342.3364  342.9279  343.3294  343.5436  343.5702  343.3831  342.9770  342.4098  341.7031  340.8711  339.9281  338.8890  337.8367
     0.8435   -1.0436  307.9453  310.5302  313.1189  315.6952  318.2401  320.7325  323.1143  325.3847  327.5532  329.6058  331.5295  333.3122  334.9437  336.4150  337.7196  338.8519  339.8086  340.5876  341.1891  341.6142  341.8654  341.9465  341.8549  341.5491  341.0695  340.4587  339.7316  338.9016  337.9824  337.0585
     1.0845   -1.0436  307.6900  310.0917  312.4971  314.8919  317.2592  319.5801  321.8064  323.9232  325.9488  327.8704  329.6766  331.3562  332.9000  334.2999  335.5500  336.6451  337.5823  338.3596  338.9771  339.4358  339.7383  339.8877  339.8888  339.7351  339.3877  338.9031  338.3135  337.6314  336.8696  336.1163
    -0.9640   -1.2523  310.5050  312.8968  315.2899  317.6442  319.9379  322.1853  324.3717  326.4819  328.5021  330.4189  332.2206  333.8961  335.4365  336.8337  338.0816  339.1751  340.1111  340.8875  341.5039  341.9600  342.2519  342.3410  342.2413  342.0011  341.6354  341.1537  340.5677  339.8897  339.1348  338.3981
    -0.7230   -1.2523  310.7590  313.3332  315.9084  318.4395  320.9083  323.3250  325.6732  327.9358  330.0977  332.1441  334.0618  335.8388  337.4652  338.9321  340.2328  341.3619  342.3159  343.0926  343.6916  344.1095  344.3245  344.3063  344.1164  343.7766  343.2974  342.6894  341.9657  341.1397  340.2261  339.3189
    -0.4820   -1.2523  310.7587  313.3328  315.9080  318.4391  320.9080  323.3249  325.6732  327.9362  330.0985  332.1453  334.0637  335.8414  337.4686  338.9364  340.2381  341.3680  342.3228  343.1002  343.6997  344.1178  344.3324  344.3140  344.1239  343.7837  343.3041  342.6957  341.9716  341.1454  340.2320  339.3255
    -0.2410   -1.2523  310.7462  313.3089  315.8732  318.3966  320.8561  323.2642  325.6039  327.8582  330.0121  332.0509  333.9615  335.7318  337.3519  338.8129  340.1081  341.2318  342.1807  342.9525  343.5466  343.9613  344.1825  344.1639  343.9701  343.6257  343.1414  342.5280  341.7987  340.9670  340.0478  339.1340
     0.0000   -1.2523  307.9796  310.5975  313.2180  315.8244  318.3973  320.9150  323.3095  325.6035  327.7956  329.8710  331.8171  333.6215  335.2742  336.7663  338.0912  339.2434  340.2195  341.0173  341.6370  342.0793  342.3464  342.4379  342.3331  342.0167  341.5482  340.9502  340.2361  339.4193  338.5135  337.6069
     0.2410   -1.2523  307.9465  310.5319  313.1210  315.6980  318.2437  320.7373  323.1200  325.3919  327.5624  329.6171  331.5432  333.3285  334.9626  336.4367  337.7441  338.8792  339.8388  340.6205  341.2247  341.6523  341.9060  341.9892  341.8988  341.5915  341.1133  340.5048  339.7802  338.9528  338.0362  337.1154
     0.4820   -1.2523  307.9446  310.5293  313.1178  315.6939  318.2387  320.7311  323.1130  325.3836  327.5526  329.6057  331.5300  333.3135  334.9457  336.4178  337.7232  338.8562  339.8137  340.5933  341.1954  341.6210  341.8727  341.9541  341.8626  341.5564  341.0769  340.4663  339.7395  338.9098  337.9910  337.0678
     0.7230   -1.2523  307.9434  310.5279  313.1162  315.6920  318.2364  320.7285  323.1099  325.3800  327.5483  329.6006  331.5240  333.3064  334.9376  336.4085  337.7126  338.8443  339.8003  340.5785  341.1789  341.6027  341.8525  341.9320  341.8391  341.5328  341.0517  340.4391  339.7101  338.8783  337.9573  337.0317
     0.9640   -1.2523  307.6886  310.0902  312.4954  314.8901  317.2572  319.5780  321.8045  323.9214  325.9472  327.8692  329.6758  331.3559  332.9002  334.3007  335.5512  336.6467  337.5842  338.3617  338.9792  339.4378  339.7400  339.8889  339.8894  339.7350  339.3867  338.9014  338.3110  337.6280  336.8651  336.1102
    -0.6025   -1.4610  310.5043  312.8961  315.2891  317.6435  319.9371  322.1845  324.3708  326.4809  328.5009  330.4176  332.2191  333.8943  335.4345  336.8314  338.0790  339.1723  340.1081  340.8844  341.5007  341.9568  342.2487  342.3380  342.2384  341.9981  341.6322  341.1503  340.5640  339.8856  339.1302  338.3927
    -0.3615   -1.4610  310.5033  312.8948  315.2875  317.6415  319.9347  322.1816  324.3673  326.4766  328.4958  330.4115  332.2121  333.8863  335.4254  336.8212  338.0676  339.1596  340.0940  340.8688  341.4835  341.9378  342.2283  342.3174  342.2165  341.9742  341.6061  341.1217  340.5329  339.8520  339.0941  338.3539
    -0.1205   -1.4610  310.4811  312.8504  315.2220  317.5611  319.8368  322.0669  324.2362  326.3291  328.3321  330.2319  332.0168  333.6756  335.1994  336.5802  337.8120  338.8895  339.8098  340.5708  341.1725  341.6146  341.8970  342.0006  341.8992  341.6486  341.2721  340.7794  340.1824  339.4932  338.7265  337.9758
     0.1205   -1.4610  307.7019  310.1149  312.5313  314.9367  317.3139  319.6441  321.8752  324.0011  326.0359  327.9668  329.7822  331.4710  333.0239  334.4328  335.6917  336.7954  337.7411  338.5265  339.1519  339.6181  339.9276  340.0834  340.0881  339.9256  339.5769  339.0976  338.5135  337.8370  337.0808  336.3345
     0.3615   -1.4610  307.6901  310.0919  312.4975  314.8925  317.2599  319.5811  321.8078  323.9250  325.9512  327.8735  329.6804  331.3608  332.9053  334.3060  335.5567  336.6523  337.5900  338.3676  338.9853  339.4441  339.7465  339.8957  339.8965  339.7422  339.3939  338.9091  338.3194  337.6371  336.8749  336.1211
     0.6025   -1.4610  307.6886  310.0902  312.4955  314.8902  317.2574  319.5784  321.8050  323.9221  325.9480  327.8702  329.6770  331.3572  332.9016  334.3021  335.5527  336.6482  337.5856  338.3629  338.9803  339.4387  339.7406  339.8893  339.8895  339.7347  339.3862  338.9006  338.3100  337.6268  336.8637  336.1088
