    -0.602500    1.460985    4.319104    4.322895    4.330607    4.338582    4.346733    4.355125    4.364160    4.374584    4.385796    4.397158    4.408601    4.420100    4.431598    4.443051    4.454424    4.465669    4.476772    4.487697    4.498453    4.509026    4.519442    4.529718    4.539902    4.549906    4.561103    4.573944    4.587020    4.599878    4.612517    4.625395
     4.631865   -0.361500    1.460985    4.318827    4.322682    4.330619    4.338769    4.347190    4.355772    4.365045    4.375616    4.386957    4.398378    4.409862    4.421370    4.432838    4.444259    4.455542    4.466724    4.477696    4.488547    4.499166    4.509683    4.520003    4.530277    4.540438    4.550471    4.561712    4.574564    4.587539    4.600312    4.612877
     4.625740    4.632240   -0.120500    1.460985    4.317153    4.320982    4.328907    4.337195    4.345776    4.354682    4.364325    4.375256    4.386700    4.398339    4.409993    4.421779    4.433475    4.445206    4.456745    4.468241    4.479481    4.490637    4.501529    4.512357    4.523015    4.533681    4.544242    4.555153    4.567306    4.580488    4.593553    4.606443
     4.619162    4.632195    4.638789    0.120500    1.460985    4.337843    4.341594    4.349216    4.357449    4.366920    4.377340    4.388096    4.399209    4.410587    4.422131    4.433750    4.445391    4.456987    4.468499    4.479868    4.491068    4.502066    4.512844    4.523400    4.533726    4.543839    4.554083    4.565869    4.578790    4.591772    4.604578    4.617308
     4.629836    4.642325    4.655074    4.661692    0.361500    1.460985    4.339443    4.343170    4.350893    4.359202    4.368792    4.379262    4.390028    4.401048    4.412277    4.423669    4.435143    4.446673    4.458159    4.469604    4.480895    4.492063    4.503003    4.513772    4.524290    4.534640    4.544741    4.555387    4.567677    4.580914    4.594012    4.606880
     4.619575    4.632118    4.644555    4.657298    4.663832    0.602500    1.460985    4.339286    4.343060    4.350830    4.359232    4.368956    4.379549    4.390430    4.401515    4.412790    4.424178    4.435639    4.447116    4.458552    4.469915    4.481137    4.492221    4.503102    4.513813    4.524313    4.534663    4.544816    4.555567    4.568022    4.581395    4.594616
     4.607600    4.620410    4.633064    4.645596    4.658399    4.664903   -0.964000    1.252273    4.319768    4.323580    4.331205    4.339144    4.347251    4.355648    4.364680    4.375129    4.386364    4.397760    4.409246    4.420782    4.432338    4.443831    4.455276    4.466563    4.477750    4.488716    4.499559    4.510164    4.520658    4.530948    4.541193    4.551190
     4.562442    4.575267    4.588377    4.601200    4.613863    4.626719    4.633253   -0.723000    1.252273    4.319319    4.323153    4.330973    4.339092    4.347408    4.355965    4.365357    4.376177    4.387705    4.399426    4.411250    4.423159    4.435078    4.446975    4.458789    4.470482    4.482017    4.493359    4.504494    4.515400    4.526075    4.536511    4.546639
     4.557533    4.569996    4.583188    4.596267    4.609137    4.621791    4.634651    4.641255   -0.482000    1.252273    4.319850    4.323738    4.331691    4.339941    4.348475    4.357219    4.366868    4.377880    4.389637    4.401490    4.413493    4.425473    4.437504    4.449394    4.461236    4.472840    4.484315    4.495493    4.506495    4.517193    4.527708    4.537954
     4.547940    4.558756    4.571178    4.584194    4.597071    4.609731    4.622174    4.634822    4.641237   -0.241000    1.252273    4.318533    4.322409    4.330458    4.338829    4.347555    4.356553    4.366524    4.377825    4.389743    4.401790    4.413956    4.426145    4.438338    4.450433    4.462416    4.474198    4.485777    4.497092    4.508165    4.518970    4.529565
     4.539936    4.549995    4.561235    4.573906    4.586833    4.599527    4.612052    4.624392    4.637031    4.643414    0.000000    1.252273    4.337899    4.341727    4.349302    4.357492    4.366877    4.377228    4.388017    4.399316    4.411010    4.422863    4.434861    4.446820    4.458806    4.470607    4.482333    4.493758    4.505032    4.515929    4.526626    4.536910
     4.546850    4.557424    4.569645    4.582414    4.595301    4.608061    4.620765    4.633203    4.645562    4.658085    4.664611    0.241000    1.252273    4.341404    4.345137    4.352892    4.361345    4.371126    4.381785    4.392818    4.404123    4.415716    4.427433    4.439301    4.451148    4.463024    4.474754    4.486402    4.497794    4.509015    4.519897    4.530545
     4.540794    4.550913    4.562440    4.575498    4.588640    4.601649    4.614376    4.626947    4.639277    4.651487    4.663938    4.670340    0.482000    1.252273    4.339688    4.343494    4.351205    4.359683    4.369436    4.380088    4.390987    4.402181    4.413539    4.425105    4.436722    4.448445    4.460102    4.471763    4.483253    4.494658    4.505813    4.516818
     4.527534    4.538062    4.548474    4.560516    4.574049    4.587725    4.601169    4.614391    4.627414    4.640236    4.652912    4.665829    4.672503    0.723000    1.252273    4.341702    4.345484    4.353318    4.361798    4.371588    4.382203    4.393114    4.404232    4.415557    4.427002    4.438550    4.450123    4.461689    4.473186    4.484576    4.495818    4.506877
     4.517734    4.528363    4.538747    4.549067    4.560944    4.574391    4.587965    4.601336    4.614445    4.627368    4.640054    4.652579    4.665276    4.671770    0.964000    1.252273    4.340436    4.344214    4.351885    4.360241    4.369812    4.380305    4.390999    4.401958    4.413040    4.424295    4.435575    4.446918    4.458185    4.469410    4.480475    4.491417
     4.502150    4.512722    4.523088    4.533306    4.543343    4.553962    4.566301    4.579535    4.592644    4.605492    4.618215    4.630773    4.643290    4.656081    4.662635   -1.084500    1.043561    4.321566    4.325287    4.333013    4.340812    4.348768    4.356819    4.365516    4.375532    4.386331    4.397282    4.408299    4.419439    4.430553    4.441748    4.452826
     4.463940    4.474869    4.485798    4.496508    4.507203    4.517695    4.528180    4.538539    4.548808    4.560250    4.573371    4.586745    4.599898    4.612881    4.626059    4.632760   -0.843500    1.043561    4.318439    4.322319    4.330283    4.338530    4.347080    4.355835    4.365511    4.376565    4.388375    4.400311    4.412386    4.424480    4.436604    4.448644
     4.460608    4.472396    4.484023    4.495410    4.506580    4.517484    4.528155    4.538573    4.548688    4.559625    4.572142    4.585308    4.598350    4.611180    4.623800    4.636605    4.643156   -0.602500    1.043561    4.318680    4.322530    4.330453    4.338630    4.347063    4.355724    4.365407    4.376536    4.388298    4.400253    4.412319    4.424475    4.436631
     4.448779    4.460818    4.472766    4.484520    4.496122    4.507479    4.518647    4.529544    4.540197    4.550990    4.563350    4.576957    4.590645    4.604124    4.617343    4.630324    4.643382    4.650029   -0.361500    1.043561    4.318302    4.322163    4.330097    4.338293    4.346726    4.355402    4.365076    4.376222    4.387940    4.399878    4.411910    4.424081
     4.436231    4.448421    4.460477    4.472476    4.484249    4.495892    4.507260    4.518457    4.529370    4.540071    4.551024    4.563626    4.577265    4.590854    4.604180    4.617278    4.630156    4.643190    4.649807   -0.120500    1.043561    4.317418    4.321342    4.329701    4.338385    4.347517    4.356861    4.367402    4.379185    4.391414    4.403760    4.416226
     4.428724    4.441194    4.453595    4.465831    4.477921    4.489746    4.501387    4.512731    4.523917    4.534863    4.545581    4.557128    4.570332    4.583958    4.597359    4.610440    4.623316    4.635913    4.648756    4.655226    0.120500    1.043561    4.340502    4.344292    4.351950    4.360158    4.369554    4.379818    4.390441    4.401522    4.412884    4.424466
     4.436141    4.447913    4.459651    4.471381    4.482958    4.494428    4.505644    4.516672    4.527372    4.537773    4.548376    4.560657    4.574035    4.587547    4.600910    4.614092    4.627049    4.639807    4.652364    4.665131    4.671662    0.361500    1.043561    4.343334    4.347092    4.355014    4.363574    4.373487    4.384156    4.395202    4.406454    4.417995
     4.429635    4.441429    4.453216    4.465027    4.476731    4.488337    4.499748    4.510958    4.521905    4.532582    4.542874    4.554042    4.567058    4.580894    4.594528    4.607980    4.621130    4.634101    4.646778    4.659310    4.671998    4.678541    0.602500    1.043561    4.342753    4.346500    4.354186    4.362570    4.372160    4.382599    4.393251    4.404224
     4.415340    4.426719    4.438140    4.449736    4.461258    4.472856    4.484269    4.495660    4.506773    4.517778    4.528441    4.538861    4.549999    4.563058    4.576961    4.590774    4.604312    4.617642    4.630733    4.643633    4.656333    4.669229    4.675805    0.843500    1.043561    4.338899    4.342797    4.350597    4.359311    4.369409    4.380461    4.391815
     4.403428    4.415250    4.427186    4.439225    4.451227    4.463218    4.475030    4.486730    4.498138    4.509358    4.520220    4.530860    4.541114    4.551340    4.563022    4.576215    4.589398    4.602384    4.615073    4.627622    4.639981    4.652281    4.664910    4.671482    1.084500    1.043561    4.342317    4.346123    4.353902    4.362289    4.371959    4.382479
     4.393258    4.404218    4.415354    4.426575    4.437871    4.449145    4.460386    4.471502    4.482487    4.493269    4.503856    4.514207    4.524346    4.534278    4.544002    4.554258    4.566170    4.578984    4.591611    4.604030    4.616261    4.628433    4.640502    4.652996    4.659348   -1.205000    0.834848    4.318674    4.322418    4.330156    4.338076    4.346201
     4.354489    4.363468    4.373791    4.384947    4.396240    4.407651    4.419130    4.430638    4.442142    4.453585    4.464959    4.476200    4.487330    4.498285    4.509123    4.519782    4.530350    4.540791    4.551077    4.562506    4.575576    4.588830    4.601846    4.614587    4.627524    4.634014   -0.964000    0.834848    4.318459    4.322343    4.330267    4.338508
     4.347068    4.355851    4.365572    4.376668    4.388541    4.400524    4.412676    4.424820    4.437032    4.449123    4.461185    4.473025    4.484756    4.496195    4.507475    4.518434    4.529220    4.539690    4.549906    4.560875    4.573446    4.586540    4.599527    4.612226    4.624771    4.637509    4.644099   -0.723000    0.834848    4.314641    4.318537    4.326336
     4.334610    4.343138    4.352046    4.361954    4.373440    4.385504    4.397852    4.410263    4.422831    4.435343    4.447887    4.460262    4.472560    4.484599    4.496485    4.508060    4.519442    4.530506    4.541342    4.552349    4.565003    4.578772    4.592554    4.606085    4.619388    4.632455    4.645661    4.652426   -0.482000    0.834848    4.319624    4.323513
     4.331728    4.340084    4.348725    4.357480    4.367466    4.378855    4.390814    4.402922    4.415198    4.427544    4.439931    4.452305    4.464594    4.476792    4.488801    4.500654    4.512244    4.523630    4.534703    4.545405    4.557495    4.571324    4.585387    4.599219    4.612761    4.625989    4.638907    4.651855    4.658410   -0.241000    0.834848    4.316680
     4.320675    4.328731    4.337166    4.345873    4.354902    4.365107    4.376850    4.389061    4.401502    4.414085    4.426779    4.439505    4.452201    4.464812    4.477265    4.489538    4.501563    4.513357    4.524866    4.536132    4.547064    4.559518    4.573507    4.587520    4.601168    4.614518    4.627553    4.640316    4.653199    4.659753    0.000000    0.834848
     4.317710    4.321627    4.329732    4.338333    4.347254    4.356582    4.367098    4.378961    4.390983    4.403329    4.415685    4.428272    4.440734    4.453313    4.465639    4.477979    4.489981    4.501939    4.513563    4.525176    4.536454    4.548430    4.561898    4.576353    4.590530    4.604488    4.618131    4.631576    4.644743    4.658093    4.664840    0.241000
     0.834848    4.339001    4.342892    4.350877    4.359692    4.369922    4.381022    4.392590    4.404512    4.416779    4.429155    4.441699    4.454188    4.466699    4.479014    4.491211    4.503092    4.514733    4.525968    4.536857    4.547400    4.559550    4.573257    4.587162    4.600885    4.614407    4.627627    4.640616    4.653327    4.665818    4.678462    4.684938
     0.482000    0.834848    4.339518    4.343361    4.351274    4.360101    4.370341    4.381470    4.392970    4.404803    4.416895    4.429191    4.441601    4.454074    4.466511    4.478873    4.491060    4.503043    4.514731    4.526103    4.537061    4.547992    4.560569    4.574662    4.588880    4.602801    4.616466    4.629778    4.642866    4.655629    4.668208    4.680915
     4.687470    0.723000    0.834848    4.342418    4.346261    4.354347    4.363094    4.373234    4.384110    4.395346    4.406758    4.418432    4.430198    4.442090    4.453970    4.465822    4.477556    4.489117    4.500475    4.511546    4.522365    4.532843    4.542986    4.553968    4.566874    4.580455    4.593863    4.606987    4.619919    4.632622    4.645172    4.657528
     4.670154    4.676598    0.964000    0.834848    4.341318    4.345079    4.352803    4.361188    4.370811    4.381302    4.392013    4.403015    4.414149    4.425512    4.436890    4.448410    4.459816    4.471270    4.482494    4.493685    4.504566    4.515358    4.525815    4.536157    4.546337    4.558207    4.571504    4.584968    4.598153    4.611170    4.623991    4.636687
     4.649262    4.662112    4.668696    1.205000    0.834848    4.340399    4.344165    4.352038    4.360454    4.370208    4.380745    4.391594    4.402577    4.413773    4.425032    4.436384    4.447721    4.459025    4.470245    4.481325    4.492272    4.503014    4.513603    4.523976    4.534222    4.544257    4.554890    4.567190    4.580402    4.593449    4.606262    4.618925
     4.631459    4.643933    4.656719    4.663252   -1.325500    0.626136    4.317730    4.321530    4.329464    4.337542    4.345921    4.354418    4.363667    4.374199    4.385597    4.397069    4.408680    4.420309    4.431979    4.443605    4.455178    4.466657    4.478010    4.489239    4.500305    4.511240    4.522012    4.532673    4.543212    4.553556    4.565053    4.578137
     4.591391    4.604370    4.617102    4.630034    4.636570   -1.084500    0.626136    4.317016    4.320784    4.328461    4.336406    4.344522    4.352920    4.362140    4.372856    4.384247    4.395916    4.407661    4.419599    4.431519    4.443534    4.455435    4.467340    4.479052    4.490697    4.502109    4.513413    4.524480    4.535423    4.546058    4.557563    4.570598
     4.584288    4.597807    4.611079    4.624107    4.637258    4.643955   -0.843500    0.626136    4.319552    4.323417    4.331489    4.339731    4.348252    4.356906    4.366641    4.377747    4.389536    4.401429    4.413515    4.425618    4.437808    4.449924    4.462018    4.473959    4.485783    4.497403    4.508835    4.520043    4.531025    4.541751    4.552729    4.565327
     4.578983    4.592605    4.605916    4.618983    4.631712    4.644552    4.650944   -0.602500    0.626136    4.314220    4.318144    4.326047    4.334397    4.343014    4.352024    4.362222    4.374044    4.386380    4.399015    4.411792    4.424727    4.437698    4.450678    4.463586    4.476365    4.488978    4.501352    4.513497    4.525331    4.536903    4.548044    4.560697
     4.574947    4.589341    4.603366    4.617126    4.630500    4.643610    4.656730    4.663441   -0.361500    0.626136    4.314398    4.318409    4.326573    4.335190    4.344117    4.353366    4.363932    4.376085    4.388654    4.401492    4.414450    4.427554    4.440648    4.453756    4.466723    4.479583    4.492194    4.504604    4.516692    4.528508    4.539898    4.551728
     4.565210    4.579784    4.594137    4.608127    4.621767    4.635061    4.648040    4.661091    4.667792   -0.120500    0.626136    4.318357    4.322358    4.330509    4.339071    4.347904    4.357059    4.367520    4.379468    4.391699    4.404208    4.416846    4.429643    4.442459    4.455285    4.468011    4.480604    4.492998    4.505164    4.517094    4.528763    4.540102
     4.552249    4.566135    4.580618    4.594746    4.608508    4.621939    4.635061    4.647862    4.660768    4.667255    0.120500    0.626136    4.337745    4.341681    4.349666    4.358311    4.368254    4.379036    4.390323    4.402123    4.414306    4.426652    4.439170    4.451706    4.464273    4.476729    4.489076    4.501193    4.513070    4.524612    4.535774    4.546928
     4.559788    4.573945    4.588240    4.602399    4.616323    4.629881    4.643163    4.656085    4.668747    4.681450    4.687933    0.361500    0.626136    4.336956    4.340814    4.348855    4.357880    4.368372    4.379764    4.391587    4.403792    4.416288    4.429008    4.441835    4.454735    4.467570    4.480338    4.492882    4.505226    4.517206    4.528861    4.539977
     4.551804    4.565500    4.580239    4.594810    4.609074    4.623045    4.636634    4.649962    4.662922    4.675673    4.688503    4.695109    0.602500    0.626136    4.336854    4.340768    4.348805    4.357842    4.368361    4.379823    4.391685    4.403914    4.416408    4.429120    4.441925    4.454778    4.467546    4.480196    4.492595    4.504728    4.516477    4.527855
     4.538758    4.549670    4.562230    4.576233    4.590197    4.603846    4.617200    4.630264    4.643119    4.655752    4.668246    4.680986    4.687555    0.843500    0.626136    4.339068    4.342927    4.350707    4.359397    4.369436    4.380442    4.391741    4.403400    4.415258    4.427349    4.439516    4.451771    4.463969    4.476109    4.488070    4.499839    4.511338
     4.522546    4.533447    4.543927    4.555293    4.568452    4.582298    4.595809    4.609066    4.621995    4.634754    4.647285    4.659742    4.672481    4.679091    1.084500    0.626136    4.337569    4.341381    4.349251    4.357917    4.367957    4.378918    4.390223    4.401822    4.413658    4.425664    4.437767    4.449899    4.461984    4.473965    4.485773    4.497370
     4.508705    4.519766    4.530527    4.540985    4.551341    4.563234    4.576545    4.589887    4.602964    4.615782    4.628412    4.640882    4.653244    4.665911    4.672425    1.325500    0.626136    4.338456    4.342198    4.349932    4.358271    4.367867    4.378348    4.389089    4.400073    4.411234    4.422553    4.433939    4.445383    4.456778    4.468134    4.479341
     4.490437    4.501314    4.512047    4.522545    4.532921    4.543067    4.553811    4.566195    4.579554    4.592720    4.605709    4.618490    4.631189    4.643713    4.656528    4.662918   -1.446000    0.417424    4.313889    4.317709    4.325573    4.333733    4.342208    4.350945    4.360414    4.371272    4.382934    4.394753    4.406654    4.418637    4.430591    4.442539
     4.454351    4.466086    4.477609    4.489012    4.500174    4.511211    4.522028    4.532748    4.543313    4.553683    4.565205    4.578300    4.591519    4.604505    4.617283    4.630318    4.636913   -1.205000    0.417424    4.315742    4.319635    4.327553    4.335852    4.344475    4.353388    4.363227    4.374482    4.386487    4.398625    4.410929    4.423240    4.435619
     4.447876    4.460097    4.472089    4.483961    4.495538    4.506946    4.518046    4.528967    4.539610    4.549974    4.561140    4.573845    4.587088    4.600156    4.612993    4.625606    4.638417    4.644945   -0.964000    0.417424    4.315240    4.319141    4.327192    4.335537    4.344178    4.353049    4.362965    4.374329    4.386300    4.398462    4.410739    4.423127
     4.435511    4.447920    4.460203    4.472434    4.484447    4.496356    4.507994    4.519511    4.530745    4.541811    4.553085    4.566015    4.579925    4.593814    4.607379    4.620715    4.633743    4.646911    4.653593   -0.723000    0.417424    4.316876    4.320828    4.328899    4.337282    4.345903    4.354787    4.364840    4.376425    4.388505    4.400841    4.413327
     4.425974    4.438670    4.451404    4.464077    4.476664    4.489093    4.501336    4.513358    4.525128    4.536644    4.547798    4.560451    4.574659    4.588915    4.602806    4.616370    4.629570    4.642451    4.655389    4.661979   -0.482000    0.417424    4.314757    4.318809    4.326897    4.335508    4.344395    4.353658    4.364202    4.376346    4.388862    4.401643
     4.414546    4.427581    4.440628    4.453664    4.466599    4.479392    4.491992    4.504360    4.516481    4.528315    4.539822    4.551814    4.565575    4.580260    4.594704    4.608741    4.622461    4.635810    4.648874    4.662004    4.668731   -0.241000    0.417424    4.320160    4.324215    4.332654    4.341252    4.350126    4.359128    4.369530    4.381339    4.393478
     4.405793    4.418271    4.430866    4.443505    4.456172    4.468755    4.481281    4.493620    4.505844    4.517827    4.529653    4.541055    4.553923    4.568555    4.583454    4.597930    4.612047    4.625769    4.639142    4.652148    4.665214    4.671817    0.000000    0.417424    4.315694    4.319779    4.328142    4.337146    4.346606    4.356662    4.368046    4.380712
     4.393570    4.406702    4.419913    4.433265    4.446555    4.459836    4.472918    4.485868    4.498525    4.510996    4.523217    4.535216    4.547448    4.561468    4.576593    4.591550    4.606093    4.620301    4.634144    4.647666    4.660853    4.674159    4.680918    0.241000    0.417424    4.337414    4.341241    4.349266    4.358173    4.368527    4.379763    4.391537
     4.403763    4.416389    4.429216    4.442248    4.455306    4.468403    4.481362    4.494198    4.506742    4.519005    4.530826    4.542129    4.554541    4.568945    4.583859    4.598666    4.613097    4.627238    4.640899    4.654271    4.667182    4.679827    4.692472    4.698985    0.482000    0.417424    4.336765    4.340628    4.348492    4.357414    4.367707    4.379001
     4.390637    4.402764    4.415109    4.427790    4.440520    4.453416    4.466189    4.478960    4.491441    4.503760    4.515640    4.527227    4.538233    4.550013    4.563673    4.578341    4.592698    4.606798    4.620536    4.634010    4.647188    4.660151    4.672879    4.685813    4.692403    0.723000    0.417424    4.340729    4.344599    4.352871    4.361896    4.372491
     4.383838    4.395719    4.407776    4.420231    4.432709    4.445411    4.457990    4.470623    4.483002    4.495275    4.507187    4.518860    4.530093    4.540974    4.551826    4.564427    4.578404    4.592447    4.606105    4.619525    4.632548    4.645373    4.657858    4.670206    4.682718    4.689186    0.964000    0.417424    4.340285    4.344113    4.351953    4.360599
     4.370589    4.381487    4.392710    4.404258    4.416030    4.428000    4.440053    4.452166    4.464220    4.476200    4.487987    4.499588    4.510887    4.521924    4.532600    4.542912    4.554011    4.567000    4.580694    4.594215    4.607466    4.620522    4.633372    4.646077    4.658613    4.671394    4.677893    1.205000    0.417424    4.338542    4.342396    4.350250
     4.358924    4.369001    4.380012    4.391395    4.403039    4.414952    4.426968    4.439126    4.451231    4.463354    4.475288    4.487130    4.498677    4.510046    4.521057    4.531838    4.542227    4.552571    4.564375    4.577677    4.590997    4.604105    4.616930    4.629579    4.642037    4.654359    4.666950    4.673406    1.446000    0.417424    4.335879    4.339691
     4.347372    4.355858    4.365644    4.376450    4.387532    4.398944    4.410528    4.422304    4.434124    4.445989    4.457775    4.469479    4.481002    4.492345    4.503443    4.514312    4.524925    4.535320    4.545478    4.556150    4.568498    4.581754    4.594885    4.607786    4.620573    4.633245    4.645883    4.658831    4.665482   -1.566500    0.208712    4.316451
     4.320260    4.328303    4.336539    4.345112    4.353829    4.363334    4.374055    4.385510    4.397050    4.408722    4.420442    4.432191    4.443926    4.455584    4.467179    4.478613    4.489959    4.501105    4.512176    4.523081    4.533959    4.544704    4.555477    4.567428    4.580743    4.593951    4.606954    4.619629    4.632567    4.638991   -1.325500    0.208712
     4.315664    4.319585    4.327820    4.336292    4.345146    4.354175    4.364182    4.375462    4.387369    4.399409    4.411588    4.423843    4.436111    4.448369    4.460509    4.472563    4.484395    4.496097    4.507524    4.518825    4.529873    4.540831    4.551398    4.563263    4.576438    4.589937    4.603116    4.616132    4.628818    4.641739    4.648240   -1.084500
     0.208712    4.314506    4.318362    4.326398    4.334756    4.343427    4.352396    4.362446    4.373928    4.385923    4.398172    4.410553    4.423104    4.435669    4.448295    4.460815    4.473296    4.485579    4.497753    4.509686    4.521496    4.533076    4.544451    4.556330    4.569757    4.583876    4.597823    4.611429    4.624762    4.637785    4.650946    4.657566
    -0.843500    0.208712    4.311959    4.315961    4.324094    4.332782    4.341845    4.351324    4.362059    4.374317    4.386975    4.399926    4.412998    4.426231    4.439456    4.452690    4.465792    4.478769    4.491520    4.504057    4.516331    4.528365    4.540123    4.551820    4.565052    4.579496    4.593868    4.607861    4.621528    4.634831    4.647840    4.660949
     4.667653   -0.602500    0.208712    4.315710    4.319714    4.328009    4.336661    4.345676    4.354984    4.365665    4.377781    4.390216    4.402888    4.415696    4.428641    4.441596    4.454575    4.467436    4.480221    4.492788    4.505220    4.517407    4.529441    4.541129    4.553702    4.567957    4.582905    4.597458    4.611703    4.625542    4.639072    4.652184
     4.665352    4.671914   -0.361500    0.208712    4.315818    4.319885    4.328308    4.337220    4.346538    4.356287    4.367411    4.379871    4.392605    4.405583    4.418704    4.431959    4.445231    4.458505    4.471670    4.484718    4.497561    4.510217    4.522671    4.534879    4.547047    4.560882    4.576095    4.591211    4.605919    4.620210    4.634090    4.647553
     4.660607    4.673698    4.680337   -0.120500    0.208712    4.316428    4.320392    4.328639    4.337414    4.346526    4.356273    4.367326    4.379723    4.392303    4.405272    4.418332    4.431658    4.444942    4.458338    4.471557    4.484742    4.497654    4.510451    4.523021    4.535351    4.548326    4.563087    4.578687    4.593999    4.608868    4.623356    4.637425
     4.651106    4.664370    4.677658    4.684356    0.120500    0.208712    4.338053    4.341953    4.350002    4.358852    4.369079    4.380144    4.391753    4.403862    4.416371    4.429087    4.442009    4.454987    4.468023    4.480971    4.493820    4.506429    4.518778    4.530717    4.542116    4.554849    4.569565    4.584598    4.599567    4.614170    4.628432    4.642203
     4.655626    4.668593    4.681242    4.693901    4.700389    0.361500    0.208712    4.338251    4.342103    4.350170    4.359026    4.369263    4.380312    4.391824    4.403771    4.416037    4.428551    4.441185    4.453949    4.466659    4.479382    4.491881    4.504271    4.516280    4.528050    4.539221    4.551723    4.566175    4.581297    4.596228    4.610931    4.625299
     4.639305    4.652997    4.666302    4.679334    4.692380    4.699094    0.602500    0.208712    4.334776    4.338752    4.346739    4.355848    4.366442    4.378078    4.390219    4.402881    4.415893    4.429138    4.442533    4.455940    4.469321    4.482507    4.495501    4.508115    4.520388    4.532125    4.543348    4.554899    4.568267    4.582555    4.596771    4.610562
     4.624094    4.637169    4.650024    4.662496    4.674829    4.687345    4.693955    0.843500    0.208712    4.338532    4.342366    4.350360    4.359089    4.369205    4.380177    4.391609    4.403422    4.415562    4.427873    4.440321    4.452803    4.465258    4.477624    4.489809    4.501795    4.513467    4.524846    4.535798    4.546501    4.558730    4.572617    4.586645
     4.600525    4.614156    4.627519    4.640640    4.653504    4.666167    4.678991    4.685596    1.084500    0.208712    4.337529    4.341360    4.349262    4.357891    4.367888    4.378774    4.390098    4.401805    4.413834    4.426048    4.438403    4.450800    4.463183    4.475475    4.487611    4.499535    4.511185    4.522523    4.533500    4.544026    4.555066    4.567777
     4.581446    4.594999    4.608338    4.621393    4.634250    4.646857    4.659308    4.671970    4.678515    1.325500    0.208712    4.340634    4.344345    4.352181    4.360639    4.370447    4.381090    4.392130    4.403418    4.414998    4.426696    4.438525    4.450349    4.462162    4.473864    4.485430    4.496801    4.507932    4.518808    4.529368    4.539621    4.549645
     4.561166    4.574189    4.587428    4.600456    4.613338    4.626026    4.638611    4.651036    4.663755    4.670199    1.566500    0.208712    4.339731    4.343431    4.351191    4.359501    4.369108    4.379551    4.390336    4.401340    4.412606    4.423992    4.435508    4.447030    4.458554    4.469984    4.481301    4.492444    4.503387    4.514107    4.524581    4.534829
     4.544813    4.555271    4.567357    4.580431    4.593351    4.606074    4.618588    4.630998    4.643236    4.655818    4.662161   -1.446000    0.000000    4.335267    4.338991    4.346514    4.354529    4.363726    4.373824    4.384374    4.395413    4.406878    4.418535    4.430385    4.442276    4.454250    4.466157    4.478047    4.489779    4.501403    4.512799    4.524009
     4.534926    4.545479    4.556670    4.569438    4.582944    4.596465    4.609912    4.623177    4.636186    4.648927    4.661771    4.668317   -1.205000    0.000000    4.316316    4.320188    4.328585    4.337366    4.346676    4.356246    4.367102    4.379080    4.391362    4.403821    4.416409    4.429099    4.441770    4.454449    4.466970    4.479419    4.491603    4.503666
     4.515420    4.527085    4.538497    4.549696    4.562185    4.576170    4.590151    4.603925    4.617333    4.630539    4.643377    4.656430    4.662948   -0.964000    0.000000    4.333593    4.337502    4.345291    4.353680    4.363290    4.373813    4.384836    4.396482    4.408553    4.420861    4.433358    4.445943    4.458585    4.471191    4.483725    4.496103    4.508289
     4.520213    4.531819    4.542943    4.554751    4.568261    4.582486    4.596726    4.610864    4.624694    4.638213    4.651344    4.664149    4.676960    4.683556   -0.723000    0.000000    4.317001    4.320987    4.329462    4.338476    4.348037    4.358111    4.369559    4.382124    4.394970    4.407993    4.421189    4.434433    4.447708    4.460887    4.473955    4.486811
     4.499446    4.511814    4.523960    4.535872    4.547489    4.560821    4.575570    4.590280    4.604630    4.618677    4.632365    4.645754    4.658770    4.671912    4.678522   -0.482000    0.000000    4.336438    4.340376    4.348290    4.356961    4.366908    4.377733    4.389048    4.400956    4.413239    4.425773    4.438482    4.451298    4.464153    4.476979    4.489706
     4.502262    4.514580    4.526584    4.538145    4.550275    4.564321    4.579212    4.594183    4.608967    4.623484    4.637554    4.651293    4.664546    4.677458    4.690303    4.696931   -0.241000    0.000000    4.337727    4.341615    4.349532    4.358286    4.368377    4.379344    4.390813    4.402807    4.415184    4.427782    4.440584    4.453450    4.466390    4.479249
     4.492043    4.504611    4.516965    4.528938    4.540429    4.553234    4.568073    4.583289    4.598505    4.613407    4.628008    4.642126    4.655893    4.669170    4.682094    4.694974    4.701603    0.000000    0.000000    4.335514    4.339438    4.347398    4.356357    4.366719    4.378020    4.389869    4.402273    4.415062    4.428059    4.441230    4.454423    4.467640
     4.480720    4.493675    4.506350    4.518747    4.530711    4.542150    4.555189    4.570195    4.585430    4.600669    4.615602    4.630243    4.644422    4.658282    4.671658    4.684708    4.697676    4.704342    0.241000    0.000000    4.339122    4.343112    4.351253    4.360109    4.370353    4.381406    4.393062    4.405196    4.417779    4.430459    4.443383    4.456243
     4.469203    4.481955    4.494656    4.507008    4.519148    4.530791    4.541949    4.554062    4.568174    4.582722    4.597328    4.611607    4.625607    4.639139    4.652379    4.665187    4.677712    4.690235    4.696654    0.482000    0.000000    4.317617    4.321575    4.330023    4.339005    4.348482    4.358576    4.370031    4.382668    4.395516    4.408639    4.421852
     4.435204    4.448479    4.461742    4.474769    4.487659    4.500203    4.512550    4.524584    4.536368    4.548522    4.562518    4.577401    4.592070    4.606326    4.620266    4.633853    4.647149    4.660141    4.673281    4.679910    0.723000    0.000000    4.337727    4.341659    4.349537    4.357995    4.367693    4.378275    4.389389    4.401120    4.413267    4.425617
     4.438154    4.450734    4.463360    4.475889    4.488323    4.500522    4.512497    4.524103    4.535327    4.546198    4.558615    4.572432    4.586487    4.600440    4.614213    4.627574    4.640680    4.653388    4.665882    4.678416    4.684900    0.964000    0.000000    4.316149    4.320049    4.328228    4.336995    4.346187    4.355918    4.366876    4.379134    4.391557
     4.404344    4.417142    4.430177    4.443059    4.456031    4.468698    4.481329    4.493551    4.505662    4.517349    4.528960    4.540119    4.552131    4.565612    4.579867    4.593784    4.607515    4.620904    4.634124    4.647040    4.660196    4.666833    1.205000    0.000000    4.338115    4.341985    4.349769    4.358145    4.367827    4.378414    4.389517    4.401085
     4.413087    4.425197    4.437502    4.449735    4.462030    4.474115    4.486140    4.497840    4.509378    4.520499    4.531367    4.541701    4.552021    4.563664    4.576676    4.589733    4.602845    4.615707    4.628458    4.640902    4.653237    4.665699    4.672191    1.446000    0.000000    4.339586    4.343336    4.351010    4.359204    4.368633    4.378939    4.389656
     4.400766    4.412228    4.423832    4.435547    4.447254    4.458939    4.470514    4.481956    4.493205    4.504235    4.515014    4.525519    4.535734    4.545530    4.556251    4.568657    4.581585    4.594519    4.607436    4.620306    4.633004    4.645632    4.658458    4.665100   -1.566500   -0.208712    4.337971    4.341650    4.349422    4.357697    4.367271    4.377634
     4.388355    4.399276    4.410488    4.421822    4.433325    4.444870    4.456467    4.468034    4.479547    4.490968    4.502244    4.513384    4.524316    4.535092    4.545616    4.556649    4.569311    4.583027    4.596589    4.609932    4.622997    4.635871    4.648468    4.661298    4.667767   -1.325500   -0.208712    4.337751    4.341514    4.349463    4.357904    4.367711
     4.378276    4.389301    4.400555    4.412176    4.423861    4.435751    4.447614    4.459548    4.471384    4.483170    4.494801    4.506278    4.517561    4.528614    4.539434    4.549864    4.561773    4.575301    4.589146    4.602804    4.616244    4.629405    4.642318    4.654947    4.667742    4.674234   -1.084500   -0.208712    4.336308    4.340100    4.347884    4.356370
     4.366184    4.376896    4.388033    4.399562    4.411437    4.423506    4.435768    4.448089    4.460476    4.472798    4.485059    4.497144    4.509052    4.520692    4.532056    4.543031    4.554524    4.567746    4.581940    4.596088    4.610042    4.623722    4.637133    4.650238    4.663062    4.676000    4.682649   -0.843500   -0.208712    4.338436    4.342215    4.350066
     4.358591    4.368400    4.379040    4.390094    4.401552    4.413341    4.425365    4.437579    4.449916    4.462322    4.474735    4.487090    4.499332    4.511390    4.523216    4.534726    4.545992    4.558859    4.573360    4.588092    4.602590    4.616800    4.630653    4.644167    4.657310    4.670097    4.682924    4.689410   -0.602500   -0.208712    4.337626    4.341456
     4.349334    4.357992    4.367999    4.378844    4.390109    4.401801    4.413816    4.426092    4.438543    4.451141    4.463780    4.476446    4.489015    4.501484    4.513727    4.525739    4.537366    4.549583    4.563731    4.578975    4.594174    4.609084    4.623696    4.637875    4.651708    4.665062    4.678054    4.691014    4.697648   -0.361500   -0.208712    4.339212
     4.343009    4.351195    4.360182    4.370674    4.381881    4.393613    4.405616    4.418020    4.430554    4.443309    4.456079    4.468902    4.481630    4.494240    4.506640    4.518749    4.530525    4.541752    4.554534    4.569310    4.584533    4.599518    4.614255    4.628627    4.642667    4.656314    4.669607    4.682477    4.695371    4.701841   -0.120500   -0.208712
     4.336993    4.340907    4.348861    4.357649    4.367760    4.378748    4.390209    4.402214    4.414555    4.427167    4.439928    4.452818    4.465707    4.478585    4.491309    4.503873    4.516124    4.528062    4.539427    4.552203    4.566945    4.582113    4.597175    4.611992    4.626455    4.640546    4.654278    4.667633    4.680623    4.693600    4.700189    0.120500
    -0.208712    4.316803    4.320850    4.329402    4.338452    4.347999    4.358092    4.369608    4.382339    4.395330    4.408552    4.421908    4.435368    4.448805    4.462196    4.475411    4.488452    4.501202    4.513715    4.525970    4.537885    4.550425    4.564697    4.579810    4.594617    4.608992    4.622994    4.636600    4.649865    4.662758    4.675782    4.682344
     0.361500   -0.208712    4.314200    4.318278    4.326476    4.335260    4.344367    4.353971    4.364911    4.377402    4.390115    4.403182    4.416304    4.429645    4.442901    4.456221    4.469319    4.482343    4.495049    4.507597    4.519826    4.531857    4.543512    4.556830    4.571702    4.586560    4.600982    4.615034    4.628713    4.642054    4.655071    4.668195
     4.674883    0.602500   -0.208712    4.317672    4.321706    4.330160    4.338940    4.348116    4.357520    4.368330    4.380537    4.393076    4.405811    4.418663    4.431612    4.444519    4.457406    4.470097    4.482661    4.494913    4.506970    4.518674    4.530171    4.541223    4.553160    4.566759    4.581026    4.594923    4.608512    4.621772    4.634769    4.647508
     4.660451    4.667059    0.843500   -0.208712    4.317111    4.321148    4.329554    4.338355    4.347600    4.357085    4.367876    4.380013    4.392576    4.405260    4.418062    4.430876    4.443655    4.456332    4.468831    4.481136    4.493160    4.504945    4.516420    4.527675    4.538622    4.549599    4.562062    4.575842    4.589600    4.603076    4.616304    4.629258
     4.642018    4.654961    4.661649    1.084500   -0.208712    4.317809    4.321705    4.330011    4.338505    4.347363    4.356396    4.366540    4.378000    4.389942    4.402046    4.414221    4.426504    4.438703    4.450936    4.462945    4.474922    4.486576    4.498160    4.509391    4.520558    4.531428    4.542154    4.553425    4.566335    4.579906    4.593390    4.606600
     4.619645    4.632483    4.645542    4.652131    1.325500   -0.208712    4.314384    4.318271    4.326226    4.334773    4.343738    4.353154    4.363566    4.375385    4.387704    4.400283    4.412911    4.425649    4.438292    4.450883    4.463253    4.475438    4.487314    4.498929    4.510215    4.521242    4.532024    4.542574    4.552908    4.564543    4.577395    4.590373
     4.603164    4.615792    4.628257    4.641028    4.647564    1.566500   -0.208712    4.317502    4.321342    4.329275    4.337515    4.346051    4.354846    4.364367    4.375197    4.386676    4.398312    4.409999    4.421776    4.433495    4.445206    4.456755    4.468214    4.479439    4.490526    4.501366    4.512079    4.522617    4.533077    4.543423    4.553785    4.565381
     4.578262    4.591126    4.603804    4.616322    4.629166    4.635649   -1.446000   -0.417424    4.336075    4.339812    4.347509    4.355866    4.365534    4.376125    4.387037    4.398222    4.409646    4.421240    4.432959    4.444736    4.456525    4.468266    4.479915    4.491429    4.502770    4.513923    4.524866    4.535616    4.546144    4.557191    4.569909    4.583563
     4.597048    4.610280    4.623281    4.636106    4.648742    4.661640    4.668167   -1.205000   -0.417424    4.334748    4.338589    4.346400    4.355063    4.365099    4.376098    4.387440    4.399112    4.411032    4.423150    4.435389    4.447691    4.459984    4.472212    4.484315    4.496244    4.507949    4.519410    4.530584    4.541472    4.552210    4.564490    4.578229
     4.592087    4.605657    4.619000    4.632055    4.644921    4.657510    4.670331    4.676826   -0.964000   -0.417424    4.333040    4.336849    4.344559    4.353270    4.363378    4.374515    4.386015    4.397943    4.410137    4.422612    4.435220    4.447950    4.460679    4.473376    4.485950    4.498358    4.510541    4.522459    4.534089    4.545321    4.557421    4.571353
     4.586017    4.600401    4.614512    4.628273    4.641762    4.654908    4.667795    4.680796    4.687469   -0.723000   -0.417424    4.340027    4.343879    4.352031    4.360904    4.371235    4.382274    4.393753    4.405411    4.417420    4.429507    4.441815    4.454099    4.466463    4.478709    4.490893    4.502876    4.514664    4.526185    4.537387    4.548700    4.561754
     4.576357    4.590973    4.605337    4.619351    4.633070    4.646414    4.659466    4.672123    4.684909    4.691345   -0.482000   -0.417424    4.338829    4.342629    4.350524    4.359295    4.369420    4.380393    4.391725    4.403430    4.415415    4.427661    4.440056    4.452586    4.465120    4.477656    4.490046    4.502309    4.514284    4.526022    4.537316    4.549467
     4.563615    4.578794    4.593710    4.608396    4.622719    4.636765    4.650439    4.663826    4.676821    4.689896    4.696464   -0.241000   -0.417424    4.337830    4.341704    4.349795    4.358749    4.369190    4.380456    4.392267    4.404458    4.417058    4.429803    4.442775    4.455736    4.468770    4.481649    4.494448    4.506955    4.519230    4.531075    4.542455
     4.554979    4.569548    4.584604    4.599580    4.614173    4.628494    4.642317    4.655850    4.668899    4.681675    4.694444    4.701022    0.000000   -0.417424    4.315958    4.319962    4.328490    4.337454    4.346886    4.356794    4.368084    4.380607    4.393376    4.406410    4.419558    4.432864    4.446115    4.459389    4.472444    4.485406    4.498032    4.510517
     4.522684    4.534675    4.546788    4.560729    4.575696    4.590561    4.604920    4.619025    4.632672    4.646084    4.659029    4.672121    4.678601    0.241000   -0.417424    4.315988    4.320022    4.328383    4.337055    4.346062    4.355340    4.366055    4.378294    4.390867    4.403685    4.416630    4.429710    4.442770    4.455836    4.468740    4.481537    4.494066
     4.506413    4.518445    4.530250    4.541581    4.554317    4.568816    4.583580    4.597936    4.611938    4.625589    4.638913    4.651918    4.664981    4.671563    0.482000   -0.417424    4.316428    4.320446    4.328920    4.337684    4.346873    4.356249    4.367064    4.379318    4.392067    4.404925    4.417971    4.431003    4.444065    4.456989    4.469786    4.482343
     4.494653    4.506661    4.518346    4.529706    4.540657    4.552108    4.565280    4.579416    4.593263    4.606785    4.619959    4.632870    4.645472    4.658243    4.664684    0.723000   -0.417424    4.314472    4.318463    4.326608    4.335228    4.344211    4.353537    4.364089    4.376190    4.388778    4.401589    4.414481    4.427465    4.440377    4.453242    4.465891
     4.478379    4.490540    4.502464    4.514008    4.525291    4.536195    4.546760    4.558741    4.572374    4.586046    4.599478    4.612637    4.625585    4.638318    4.651259    4.657903    0.964000   -0.417424    4.314928    4.318845    4.326737    4.335119    4.343804    4.352910    4.363045    4.374778    4.387089    4.399677    4.412331    4.425107    4.437811    4.450473
     4.462932    4.475208    4.487189    4.498893    4.510267    4.521332    4.532085    4.542500    4.553153    4.565345    4.578561    4.591687    4.604590    4.617272    4.629797    4.642549    4.649074    1.205000   -0.417424    4.318718    4.322680    4.330737    4.339123    4.347838    4.356778    4.366616    4.377819    4.389709    4.401708    4.413790    4.425878    4.437926
     4.449871    4.461655    4.473247    4.484592    4.495696    4.506523    4.517115    4.527454    4.537605    4.547445    4.558195    4.570495    4.583397    4.596168    4.608784    4.621262    4.634029    4.640613    1.446000   -0.417424    4.320686    4.324524    4.332495    4.340601    4.348997    4.357518    4.366757    4.377249    4.388532    4.399846    4.411249    4.422629
     4.433996    4.445279    4.456449    4.467487    4.478342    4.489050    4.499552    4.509929    4.520131    4.530264    4.540288    4.550161    4.561249    4.573940    4.586767    4.599412    4.611872    4.624651    4.631116   -1.325500   -0.626136    4.335639    4.339408    4.347046    4.355393    4.365022    4.375640    4.386529    4.397744    4.409150    4.420780    4.432498
     4.444324    4.456134    4.467937    4.479632    4.491223    4.502641    4.513892    4.524952    4.535833    4.546522    4.557746    4.570657    4.584412    4.597999    4.611271    4.624359    4.637222    4.649969    4.662945    4.669607   -1.084500   -0.626136    4.337659    4.341449    4.349468    4.358083    4.368109    4.378931    4.390149    4.401552    4.413246    4.425040
     4.436998    4.448967    4.460969    4.472897    4.484733    4.496424    4.507928    4.519238    4.530304    4.541143    4.551919    4.564297    4.578103    4.591983    4.605575    4.618908    4.631981    4.644834    4.657456    4.670279    4.676784   -0.843500   -0.626136    4.337831    4.341665    4.349724    4.358493    4.368693    4.379676    4.391049    4.402636    4.414507
     4.426509    4.438657    4.450843    4.463028    4.475164    4.487159    4.499032    4.510649    4.522100    4.533233    4.544110    4.555831    4.569537    4.583857    4.598020    4.611827    4.625444    4.638728    4.651831    4.664593    4.677533    4.684026   -0.602500   -0.626136    4.335119    4.338997    4.346886    4.355755    4.366062    4.377303    4.388915    4.400918
     4.413191    4.425740    4.438424    4.451245    4.464059    4.476863    4.489525    4.502038    4.514296    4.526284    4.537921    4.549645    4.563126    4.578054    4.593001    4.607579    4.621858    4.635723    4.649300    4.662474    4.675383    4.688372    4.695089   -0.361500   -0.626136    4.338632    4.342485    4.350473    4.359402    4.369773    4.381000    4.392643
     4.404635    4.416927    4.429425    4.442062    4.454761    4.467445    4.480057    4.492502    4.504749    4.516687    4.528310    4.539437    4.551296    4.565047    4.579880    4.594549    4.608978    4.623106    4.636929    4.650457    4.663670    4.676585    4.689550    4.696155   -0.120500   -0.626136    4.334287    4.338262    4.346256    4.355031    4.365192    4.376272
     4.387901    4.400089    4.412670    4.425432    4.438348    4.451280    4.464201    4.477002    4.489641    4.502043    4.514155    4.525932    4.537283    4.548632    4.561653    4.575980    4.590417    4.604736    4.618805    4.632521    4.645959    4.659052    4.671912    4.684848    4.691539    0.120500   -0.626136    4.318485    4.322492    4.330788    4.339428    4.348386
     4.357601    4.368150    4.380127    4.392392    4.404882    4.417472    4.430188    4.442866    4.455552    4.468063    4.480478    4.492615    4.504593    4.516261    4.527761    4.538873    4.550870    4.564558    4.578968    4.593002    4.606759    4.620184    4.633374    4.646262    4.659313    4.665904    0.361500   -0.626136    4.314762    4.318795    4.327028    4.335774
     4.344919    4.354415    4.365291    4.377720    4.390606    4.403678    4.416891    4.430126    4.443355    4.456445    4.469387    4.482056    4.494466    4.506514    4.518231    4.529537    4.540415    4.551639    4.564531    4.578475    4.592239    4.605664    4.618805    4.631681    4.644320    4.657122    4.663629    0.602500   -0.626136    4.317238    4.321051    4.329138
     4.337409    4.345913    4.354642    4.364570    4.376055    4.388049    4.400336    4.412712    4.425292    4.437813    4.450432    4.462852    4.475261    4.487363    4.499364    4.510991    4.522450    4.533517    4.544276    4.556434    4.570334    4.584308    4.598039    4.611468    4.624635    4.637531    4.650521    4.657080    0.843500   -0.626136    4.319830    4.323749
     4.331912    4.340320    4.349077    4.358014    4.368055    4.379470    4.391559    4.403726    4.416041    4.428318    4.440610    4.452753    4.464783    4.476571    4.488148    4.499424    4.510434    4.521127    4.531545    4.541636    4.551977    4.563898    4.576932    4.589930    4.602737    4.615342    4.627810    4.640525    4.647049    1.084500   -0.626136    4.318456
     4.322277    4.330260    4.338493    4.347074    4.355866    4.365617    4.376733    4.388609    4.400577    4.412661    4.424729    4.436786    4.448731    4.460556    4.472195    4.483635    4.494850    4.505835    4.516589    4.527127    4.537453    4.547508    4.558423    4.570946    4.584078    4.597131    4.609951    4.622645    4.635510    4.642125    1.325500   -0.626136
     4.319684    4.323453    4.331213    4.339199    4.347402    4.355822    4.364921    4.375407    4.386689    4.398131    4.409635    4.421211    4.432744    4.444251    4.455617    4.466871    4.477917    4.488797    4.499445    4.509914    4.520182    4.530301    4.540300    4.550093    4.561092    4.573692    4.586535    4.599150    4.611626    4.624374    4.630851   -1.205000
    -0.834848    4.336339    4.340123    4.347968    4.356466    4.366328    4.377080    4.388172    4.399491    4.411049    4.422736    4.434536    4.446356    4.458158    4.469877    4.481458    4.492878    4.504075    4.515074    4.525818    4.536390    4.546697    4.557566    4.570027    4.583401    4.596519    4.609431    4.622084    4.634661    4.647047    4.659806    4.666244
    -0.964000   -0.834848    4.335564    4.339379    4.346955    4.355511    4.365429    4.376421    4.387713    4.399407    4.411300    4.423444    4.435668    4.447976    4.460243    4.472437    4.484485    4.496332    4.507960    4.519308    4.530409    4.541193    4.551958    4.564248    4.578003    4.591759    4.605296    4.618525    4.631586    4.644394    4.657080    4.669961
     4.676619   -0.723000   -0.834848    4.341072    4.344938    4.352989    4.361733    4.371885    4.382777    4.394030    4.405433    4.417103    4.428836    4.440718    4.452574    4.464450    4.476215    4.487875    4.499358    4.510631    4.521689    4.532479    4.542977    4.554360    4.567701    4.581746    4.595638    4.609242    4.622654    4.635797    4.648765    4.661468
     4.674370    4.680883   -0.482000   -0.834848    4.340643    4.344476    4.352442    4.361197    4.371302    4.382209    4.393443    4.404964    4.416713    4.428665    4.440713    4.452873    4.464991    4.477133    4.489102    4.501006    4.512620    4.524076    4.535118    4.546260    4.559018    4.573440    4.587943    4.602243    4.616220    4.629908    4.643290    4.656390
     4.669239    4.682229    4.688928   -0.241000   -0.834848    4.338520    4.342403    4.350377    4.359199    4.369445    4.380586    4.392213    4.404229    4.416613    4.429136    4.441840    4.454508    4.467207    4.479715    4.492113    4.504187    4.516027    4.527436    4.538499    4.549163    4.561431    4.575183    4.589133    4.602834    4.616337    4.629467    4.642365
     4.654933    4.667308    4.679854    4.686351    0.000000   -0.834848    4.317149    4.321047    4.329222    4.337917    4.347025    4.356575    4.367410    4.379598    4.392023    4.404734    4.417504    4.430423    4.443255    4.456087    4.468698    4.481187    4.493363    4.505345    4.517009    4.528505    4.539665    4.551393    4.564622    4.578718    4.592561    4.606144
     4.619436    4.632535    4.645385    4.658429    4.664962    0.241000   -0.834848    4.317388    4.321382    4.329636    4.338218    4.347155    4.356342    4.366763    4.378658    4.391049    4.403614    4.416298    4.429042    4.441762    4.454416    4.466907    4.479221    4.491269    4.503068    4.514553    4.525764    4.536659    4.547258    4.559344    4.572983    4.586656
     4.600026    4.613138    4.625997    4.638660    4.651498    4.658060    0.482000   -0.834848    4.317469    4.321441    4.329566    4.338112    4.346998    4.356191    4.366612    4.378529    4.390985    4.403600    4.416337    4.429078    4.441808    4.454402    4.466861    4.479070    4.491044    4.502696    4.514055    4.525060    4.535737    4.545929    4.557511    4.570769
     4.584296    4.597595    4.610674    4.623519    4.636177    4.649015    4.655602    0.723000   -0.834848    4.315260    4.319176    4.327094    4.335501    4.344236    4.353348    4.363516    4.375231    4.387561    4.400114    4.412742    4.425439    4.438070    4.450622    4.462979    4.475135    4.486999    4.498586    4.509834    4.520780    4.531392    4.541700    4.552199
     4.564307    4.577550    4.590798    4.603848    4.616702    4.629393    4.642296    4.648925    0.964000   -0.834848    4.319317    4.323152    4.331101    4.339290    4.347745    4.356407    4.365965    4.376931    4.388622    4.400481    4.412430    4.424445    4.436426    4.448367    4.460157    4.471814    4.483231    4.494448    4.505378    4.516083    4.526500    4.536709
     4.546578    4.557304    4.569571    4.582513    4.595316    4.607954    4.620378    4.633029    4.639458    1.205000   -0.834848    4.318739    4.322571    4.330385    4.338511    4.346904    4.355543    4.364889    4.375603    4.387122    4.398749    4.410435    4.422116    4.433746    4.445266    4.456633    4.467811    4.478762    4.489488    4.499962    4.510227    4.520267
     4.530171    4.539942    4.549567    4.560364    4.572866    4.585646    4.598301    4.610793    4.623603    4.630051   -1.084500   -1.043561    4.340433    4.344204    4.352006    4.360389    4.370099    4.380641    4.391495    4.402519    4.413769    4.425097    4.436546    4.447974    4.459417    4.470751    4.482004    4.493084    4.504016    4.514742    4.525300    4.535669
     4.545856    4.556604    4.569034    4.582310    4.595392    4.608204    4.620810    4.633269    4.645592    4.658240    4.664657   -0.843500   -1.043561    4.341983    4.345739    4.353657    4.362122    4.371885    4.382388    4.393194    4.404177    4.415376    4.426704    4.438128    4.449613    4.461065    4.472508    4.483795    4.495012    4.505973    4.516824    4.527359
     4.537767    4.548013    4.559965    4.573299    4.586843    4.600035    4.613112    4.625879    4.638578    4.651002    4.663747    4.670156   -0.602500   -1.043561    4.341774    4.345588    4.353446    4.362035    4.371986    4.382761    4.393876    4.405236    4.416848    4.428613    4.440517    4.452464    4.464427    4.476322    4.488119    4.499743    4.511171    4.522338
     4.533237    4.543733    4.555074    4.568202    4.582204    4.595967    4.609519    4.622718    4.635722    4.648402    4.660940    4.673641    4.680241   -0.361500   -1.043561    4.340601    4.344325    4.351984    4.360440    4.370207    4.380896    4.391928    4.403331    4.414993    4.426883    4.438895    4.450989    4.463078    4.475112    4.487029    4.498768    4.510295
     4.521544    4.532513    4.543055    4.554442    4.567614    4.581626    4.595418    4.609053    4.622376    4.635541    4.648396    4.661103    4.673893    4.680457   -0.120500   -1.043561    4.339760    4.343633    4.351426    4.359752    4.369285    4.379662    4.390456    4.401705    4.413298    4.425033    4.436885    4.448739    4.460577    4.472314    4.483917    4.495331
     4.506516    4.517449    4.528090    4.538400    4.548729    4.560632    4.573756    4.586998    4.600221    4.613281    4.626192    4.638900    4.651506    4.664307    4.670941    0.120500   -1.043561    4.319730    4.323680    4.331835    4.340330    4.349165    4.358256    4.368427    4.379946    4.391954    4.404100    4.416358    4.428649    4.440931    4.453123    4.465189
     4.477058    4.488717    4.500116    4.511276    4.522178    4.532888    4.543283    4.554319    4.566884    4.580169    4.593261    4.606126    4.618788    4.631282    4.644004    4.650434    0.361500   -1.043561    4.317464    4.321309    4.329234    4.337465    4.345941    4.354701    4.364461    4.375738    4.387575    4.399666    4.411804    4.424098    4.436311    4.448573
     4.460636    4.472645    4.484374    4.495973    4.507255    4.518367    4.529170    4.539754    4.550552    4.562981    4.576487    4.589957    4.603207    4.616232    4.629099    4.642125    4.648781    0.602500   -1.043561    4.318813    4.322666    4.330639    4.338884    4.347396    4.356142    4.365912    4.377148    4.389005    4.401077    4.413225    4.425482    4.437683
     4.449886    4.461915    4.473848    4.485521    4.497021    4.508211    4.519177    4.529817    4.540168    4.550617    4.562591    4.575800    4.589078    4.602178    4.615053    4.627776    4.640660    4.647296    0.843500   -1.043561    4.322202    4.326025    4.334076    4.342250    4.350721    4.359300    4.368816    4.379632    4.391217    4.402859    4.414638    4.426378
     4.438138    4.449771    4.461314    4.472657    4.483826    4.494749    4.505450    4.515895    4.526111    4.536096    4.545790    4.556356    4.568539    4.581405    4.594197    4.606839    4.619326    4.632022    4.638440    1.084500   -1.043561    4.316660    4.320484    4.328160    4.336232    4.344525    4.353156    4.362447    4.373205    4.384729    4.396461    4.408222
     4.420073    4.431852    4.443605    4.455197    4.466668    4.477923    4.488995    4.499843    4.510489    4.520953    4.531246    4.541458    4.551445    4.562687    4.575509    4.588661    4.601538    4.614339    4.627338    4.634041   -0.964000   -1.252273    4.343267    4.346966    4.354628    4.362769    4.372127    4.382260    4.392621    4.403151    4.413852    4.424680
     4.435594    4.446575    4.457545    4.468517    4.479386    4.490199    4.500843    4.511398    4.521762    4.532046    4.542139    4.552855    4.565247    4.578595    4.591762    4.604704    4.617446    4.630049    4.642527    4.655315    4.661825   -0.723000   -1.252273    4.339743    4.343556    4.351378    4.359968    4.369949    4.380808    4.392007    4.403438    4.415106
     4.426892    4.438791    4.450685    4.462563    4.474323    4.485953    4.497376    4.508583    4.519526    4.530203    4.540575    4.550867    4.562681    4.576019    4.589458    4.602681    4.615640    4.628415    4.640980    4.653420    4.666100    4.672629   -0.482000   -1.252273    4.339304    4.343068    4.350838    4.359327    4.369096    4.379738    4.390651    4.401845
     4.413205    4.424758    4.436338    4.448017    4.459584    4.471169    4.482524    4.493834    4.504827    4.515733    4.526284    4.536727    4.546964    4.558916    4.572328    4.586004    4.599430    4.612746    4.625852    4.638846    4.651670    4.664730    4.671382   -0.241000   -1.252273    4.343755    4.347502    4.355301    4.363606    4.373160    4.383487    4.394184
     4.405151    4.416426    4.427802    4.439318    4.450818    4.462333    4.473732    4.485034    4.496133    4.507046    4.517691    4.528095    4.538195    4.547897    4.559001    4.571721    4.584626    4.597465    4.610115    4.622615    4.634925    4.647120    4.659572    4.665988    0.000000   -1.252273    4.320169    4.323975    4.331876    4.340203    4.348842    4.357845
     4.367787    4.379013    4.390560    4.402363    4.414167    4.426142    4.438007    4.449927    4.461636    4.473303    4.484693    4.495980    4.506988    4.517900    4.528634    4.539273    4.550011    4.562196    4.575425    4.588667    4.601699    4.614583    4.627337    4.640376    4.647006    0.241000   -1.252273    4.321409    4.325355    4.333411    4.341729    4.350327
     4.359097    4.368711    4.379635    4.391182    4.402798    4.414458    4.426113    4.437700    4.449202    4.460528    4.471707    4.482637    4.493399    4.503892    4.514242    4.524358    4.534386    4.544113    4.554850    4.567118    4.580009    4.592721    4.605340    4.617827    4.630659    4.637235    0.482000   -1.252273    4.321726    4.325635    4.333659    4.341978
     4.350614    4.359418    4.369120    4.380132    4.391859    4.403632    4.415494    4.427296    4.439072    4.450688    4.462173    4.473423    4.484466    4.495239    4.505774    4.516047    4.526096    4.535918    4.545458    4.555856    4.567854    4.580515    4.593079    4.605490    4.617781    4.630378    4.636848    0.723000   -1.252273    4.318803    4.322639    4.330535
     4.338737    4.347216    4.355942    4.365557    4.376580    4.388323    4.400221    4.412198    4.424209    4.436178    4.448071    4.459811    4.471386    4.482728    4.493852    4.504708    4.515333    4.525692    4.535837    4.545668    4.556305    4.568530    4.581536    4.594474    4.607256    4.619880    4.632723    4.639273    0.964000   -1.252273    4.318259    4.322068
     4.329780    4.337814    4.346045    4.354568    4.363756    4.374369    4.385772    4.397342    4.408977    4.420666    4.432333    4.443942    4.455451    4.466813    4.478019    4.489022    4.499846    4.510453    4.520904    4.531171    4.541360    4.551324    4.562516    4.575310    4.588403    4.601238    4.613920    4.626793    4.633335   -0.602500   -1.460985    4.342900
     4.346619    4.354400    4.362653    4.372188    4.382485    4.393079    4.403821    4.414781    4.425830    4.436983    4.448150    4.459301    4.470391    4.481355    4.492198    4.502833    4.513315    4.523562    4.533672    4.543549    4.554015    4.566137    4.579222    4.592135    4.604846    4.617363    4.629776    4.642065    4.654704    4.661122   -0.361500   -1.460985
     4.337513    4.341294    4.348845    4.357231    4.366898    4.377624    4.388629    4.400003    4.411563    4.423327    4.435144    4.446998    4.458790    4.470472    4.481994    4.493291    4.504367    4.515150    4.525696    4.535939    4.545955    4.556369    4.568463    4.581456    4.594408    4.607096    4.619706    4.632153    4.644598    4.657356    4.663968   -0.120500
    -1.460985    4.344484    4.348213    4.355970    4.364009    4.373252    4.383199    4.393559    4.404128    4.415053    4.425972    4.437025    4.447966    4.458919    4.469695    4.480384    4.490856    4.501169    4.511250    4.521146    4.530830    4.540330    4.549731    4.560589    4.572847    4.585318    4.597752    4.610144    4.622433    4.634677    4.647224    4.653660
     0.120500   -1.460985    4.318266    4.322135    4.329921    4.338133    4.346558    4.355317    4.364704    4.375463    4.386779    4.398295    4.409789    4.421406    4.432908    4.444427    4.455746    4.466995    4.477990    4.488869    4.499501    4.510028    4.520382    4.530700    4.540927    4.551225    4.562843    4.575749    4.588658    4.601388    4.614017    4.626984
     4.633631    0.361500   -1.460985    4.323990    4.327780    4.335596    4.343525    4.351658    4.359915    4.368829    4.379020    4.389984    4.401013    4.412117    4.423228    4.434335    4.445374    4.456330    4.467153    4.477835    4.488344    4.498695    4.508869    4.518912    4.528813    4.538654    4.548279    4.559145    4.571580    4.584241    4.596669    4.608992
     4.621622    4.628050    0.602500   -1.460985    4.318252    4.322063    4.329819    4.337906    4.346202    4.354780    4.364009    4.374655    4.386061    4.397635    4.409233    4.420893    4.432476    4.444017    4.455396    4.466647    4.477682    4.488538    4.499167    4.509612    4.519869    4.529975    4.539986    4.549797    4.560826    4.573466    4.586405    4.599095
     4.611681    4.624513    4.631060
