    -0.6025    1.4610  751.9741  751.9533  751.9315  751.9035  751.8753  751.8415  751.8082  751.7699  751.7325  751.6907  751.6503  751.6061  751.5636  751.5178  751.4744  751.4281  751.3847  751.3390  751.2967  751.2526  751.2124  751.1710  751.1341  751.0967  751.0642
   751.0318  751.0051  750.9790  750.9593  750.9415   -0.3615    1.4610  751.9742  751.9537  751.9320  751.9041  751.8759  751.8421  751.8086  751.7700  751.7322  751.6901  751.6493  751.6046  751.5618  751.5157  751.4719  751.4254  751.3818  751.3360  751.2935  751.2495
   751.2093  751.1680  751.1312  751.0938  751.0616  751.0292  751.0027  750.9768  750.9574  750.9400   -0.1205    1.4610  751.9742  751.9537  751.9322  751.9045  751.8764  751.8429  751.8096  751.7714  751.7340  751.6922  751.6517  751.6075  751.5650  751.5192  751.4756
   751.4294  751.3860  751.3403  751.2980  751.2539  751.2137  751.1724  751.1354  751.0977  751.0652  751.0326  751.0056  750.9793  750.9595  750.9415    0.1205    1.4610  751.9742  751.9537  751.9322  751.9044  751.8764  751.8429  751.8096  751.7716  751.7342  751.6926
   751.6523  751.6081  751.5658  751.5202  751.4769  751.4307  751.3874  751.3418  751.2996  751.2555  751.2153  751.1739  751.1368  751.0991  751.0664  751.0337  751.0066  750.9801  750.9600  750.9416    0.3615    1.4610  751.9742  751.9535  751.9318  751.9039  751.8757
   751.8421  751.8088  751.7706  751.7332  751.6916  751.6513  751.6073  751.5650  751.5194  751.4762  751.4302  751.3871  751.3417  751.2996  751.2558  751.2158  751.1747  751.1379  751.1005  751.0680  751.0355  751.0086  750.9824  750.9624  750.9442    0.6025    1.4610
   751.9744  751.9545  751.9332  751.9059  751.8781  751.8448  751.8118  751.7738  751.7365  751.6949  751.6546  751.6104  751.5679  751.5223  751.4789  751.4326  751.3893  751.3436  751.3013  751.2571  751.2169  751.1755  751.1383  751.1006  751.0679  751.0349  751.0076
   750.9810  750.9608  750.9421   -0.9640    1.2523  751.9742  751.9535  751.9318  751.9040  751.8758  751.8421  751.8086  751.7703  751.7327  751.6908  751.6502  751.6058  751.5631  751.5172  751.4737  751.4274  751.3839  751.3382  751.2959  751.2519  751.2119  751.1707
   751.1340  751.0967  751.0644  751.0321  751.0055  750.9795  750.9600  750.9424   -0.7230    1.2523  751.9732  751.9510  751.9276  751.8977  751.8674  751.8314  751.7956  751.7548  751.7147  751.6704  751.6273  751.5805  751.5355  751.4872  751.4414  751.3929  751.3473
   751.2996  751.2553  751.2094  751.1676  751.1247  751.0864  751.0478  751.0143  750.9811  750.9537  750.9273  750.9076  750.8901   -0.4820    1.2523  751.9732  751.9510  751.9275  751.8975  751.8669  751.8309  751.7948  751.7537  751.7134  751.6687  751.6253  751.5780
   751.5326  751.4840  751.4378  751.3889  751.3431  751.2950  751.2505  751.2046  751.1626  751.1197  751.0816  751.0429  751.0096  750.9766  750.9494  750.9232  750.9037  750.8864   -0.2410    1.2523  751.9737  751.9526  751.9301  751.9012  751.8717  751.8366  751.8015
   751.7614  751.7220  751.6780  751.6354  751.5887  751.5437  751.4955  751.4495  751.4008  751.3548  751.3066  751.2618  751.2155  751.1730  751.1296  751.0907  751.0513  751.0172  750.9832  750.9551  750.9278  750.9073  750.8889    0.0000    1.2523  751.9735  751.9520
   751.9292  751.8999  751.8702  751.8348  751.7995  751.7592  751.7197  751.6757  751.6330  751.5864  751.5416  751.4935  751.4478  751.3992  751.3534  751.3055  751.2610  751.2147  751.1725  751.1291  751.0903  751.0510  751.0167  750.9826  750.9543  750.9269  750.9062
   750.8875    0.2410    1.2523  751.9737  751.9527  751.9303  751.9014  751.8719  751.8368  751.8017  751.7615  751.7219  751.6778  751.6350  751.5883  751.5432  751.4949  751.4489  751.4001  751.3542  751.3061  751.2614  751.2151  751.1727  751.1293  751.0903  751.0509
   751.0165  750.9824  750.9541  750.9266  750.9059  750.8872    0.4820    1.2523  751.9734  751.9516  751.9286  751.8991  751.8691  751.8335  751.7980  751.7574  751.7176  751.6734  751.6304  751.5835  751.5385  751.4902  751.4443  751.3956  751.3498  751.3019  751.2574
   751.2113  751.1692  751.1260  751.0874  751.0484  751.0144  750.9808  750.9529  750.9258  750.9056  750.8873    0.7230    1.2523  751.9735  751.9520  751.9291  751.8998  751.8702  751.8348  751.7995  751.7593  751.7198  751.6757  751.6331  751.5865  751.5416  751.4935
   751.4478  751.3992  751.3534  751.3055  751.2610  751.2149  751.1726  751.1294  751.0907  751.0515  751.0175  750.9836  750.9556  750.9285  750.9081  750.8897    0.9640    1.2523  751.9739  751.9528  751.9305  751.9021  751.8733  751.8390  751.8051  751.7661  751.7280
   751.6857  751.6448  751.6000  751.5572  751.5112  751.4675  751.4213  751.3781  751.3327  751.2907  751.2472  751.2076  751.1670  751.1308  751.0941  751.0623  751.0307  751.0046  750.9793  750.9604  750.9432   -1.0845    1.0436  751.9740  751.9531  751.9310  751.9027
   751.8742  751.8400  751.8063  751.7676  751.7297  751.6876  751.6467  751.6021  751.5593  751.5133  751.4697  751.4234  751.3800  751.3344  751.2923  751.2484  751.2086  751.1676  751.1311  751.0940  751.0621  751.0301  751.0037  750.9782  750.9590  750.9417   -0.8435
     1.0436  751.9734  751.9516  751.9286  751.8991  751.8690  751.8334  751.7978  751.7572  751.7173  751.6730  751.6298  751.5828  751.5376  751.4892  751.4431  751.3942  751.3482  751.3002  751.2557  751.2094  751.1672  751.1240  751.0855  751.0465  751.0128  750.9792
   750.9515  750.9247  750.9048  750.8868   -0.6025    1.0436  751.9728  751.9503  751.9262  751.8955  751.8643  751.8273  751.7903  751.7481  751.7067  751.6607  751.6158  751.5670  751.5199  751.4695  751.4214  751.3705  751.3226  751.2724  751.2258  751.1776  751.1335
   751.0885  751.0482  751.0077  750.9725  750.9378  750.9091  750.8817  750.8611  750.8429   -0.3615    1.0436  751.9728  751.9504  751.9263  751.8956  751.8643  751.8272  751.7901  751.7478  751.7059  751.6597  751.6145  751.5656  751.5182  751.4677  751.4194  751.3684
   751.3204  751.2702  751.2235  751.1752  751.1312  751.0861  751.0457  751.0050  750.9696  750.9345  750.9055  750.8775  750.8565  750.8376   -0.1205    1.0436  751.9727  751.9499  751.9255  751.8944  751.8628  751.8253  751.7878  751.7453  751.7033  751.6570  751.6117
   751.5627  751.5155  751.4649  751.4167  751.3657  751.3177  751.2676  751.2209  751.1727  751.1285  751.0835  751.0431  751.0025  750.9671  750.9323  750.9033  750.8756  750.8548  750.8361    0.1205    1.0436  751.9728  751.9505  751.9265  751.8960  751.8647  751.8277
   751.7907  751.7486  751.7071  751.6610  751.6162  751.5674  751.5203  751.4700  751.4219  751.3711  751.3231  751.2729  751.2263  751.1779  751.1338  751.0885  751.0481  751.0073  750.9717  750.9365  750.9073  750.8792  750.8580  750.8390    0.3615    1.0436  751.9730
   751.9506  751.9267  751.8962  751.8650  751.8280  751.7910  751.7489  751.7074  751.6613  751.6165  751.5677  751.5207  751.4702  751.4221  751.3713  751.3233  751.2732  751.2265  751.1783  751.1340  751.0887  751.0482  751.0073  750.9716  750.9362  750.9069  750.8786
   750.8572  750.8380    0.6025    1.0436  751.9730  751.9506  751.9268  751.8964  751.8653  751.8284  751.7915  751.7495  751.7080  751.6622  751.6174  751.5686  751.5217  751.4714  751.4235  751.3727  751.3249  751.2749  751.2284  751.1803  751.1362  751.0912  751.0510
   751.0102  750.9748  750.9398  750.9105  750.8825  750.8613  750.8425    0.8435    1.0436  751.9736  751.9524  751.9297  751.9006  751.8709  751.8356  751.8003  751.7600  751.7202  751.6761  751.6332  751.5863  751.5412  751.4928  751.4467  751.3978  751.3518  751.3036
   751.2589  751.2125  751.1701  751.1266  751.0878  751.0485  751.0143  750.9805  750.9525  750.9254  750.9051  750.8869    1.0845    1.0436  751.9743  751.9541  751.9327  751.9051  751.8773  751.8440  751.8108  751.7728  751.7355  751.6940  751.6536  751.6094  751.5671
   751.5213  751.4779  751.4316  751.3881  751.3423  751.2999  751.2557  751.2153  751.1737  751.1366  751.0988  751.0660  751.0331  751.0058  750.9792  750.9589  750.9404   -1.2050    0.8348  751.9742  751.9536  751.9320  751.9041  751.8759  751.8422  751.8088  751.7703
   751.7328  751.6908  751.6501  751.6056  751.5629  751.5169  751.4732  751.4268  751.3831  751.3373  751.2948  751.2507  751.2105  751.1693  751.1324  751.0950  751.0627  751.0304  751.0038  750.9779  750.9585  750.9409   -0.9640    0.8348  751.9732  751.9510  751.9277
   751.8979  751.8675  751.8315  751.7957  751.7549  751.7150  751.6705  751.6275  751.5806  751.5355  751.4871  751.4412  751.3925  751.3467  751.2989  751.2544  751.2084  751.1663  751.1234  751.0849  751.0461  751.0125  750.9790  750.9515  750.9250  750.9051  750.8873
    -0.7230    0.8348  751.9726  751.9495  751.9249  751.8938  751.8620  751.8245  751.7870  751.7444  751.7025  751.6561  751.6110  751.5620  751.5147  751.4642  751.4161  751.3651  751.3171  751.2670  751.2204  751.1723  751.1282  751.0833  751.0430  751.0025  750.9673
   750.9325  750.9039  750.8762  750.8555  750.8372   -0.4820    0.8348  751.9720  751.9483  751.9227  751.8904  751.8571  751.8178  751.7785  751.7338  751.6898  751.6411  751.5936  751.5421  751.4925  751.4395  751.3889  751.3357  751.2856  751.2333  751.1848  751.1348
   751.0890  751.0425  751.0008  750.9590  750.9228  750.8871  750.8576  750.8296  750.8087  750.7905   -0.2410    0.8348  751.9723  751.9492  751.9242  751.8924  751.8598  751.8213  751.7824  751.7384  751.6946  751.6463  751.5990  751.5478  751.4981  751.4451  751.3945
   751.3409  751.2903  751.2377  751.1885  751.1378  751.0914  751.0442  751.0017  750.9591  750.9220  750.8855  750.8553  750.8264  750.8047  750.7857    0.0000    0.8348  751.9723  751.9493  751.9242  751.8925  751.8598  751.8211  751.7823  751.7381  751.6945  751.6461
   751.5989  751.5477  751.4981  751.4453  751.3946  751.3413  751.2910  751.2384  751.1895  751.1391  751.0928  751.0457  751.0032  750.9606  750.9235  750.8868  750.8563  750.8270  750.8049  750.7853    0.2410    0.8348  751.9721  751.9485  751.9233  751.8911  751.8580
   751.8190  751.7797  751.7353  751.6914  751.6428  751.5953  751.5439  751.4943  751.4413  751.3906  751.3373  751.2869  751.2343  751.1854  751.1350  751.0887  751.0417  750.9994  750.9570  750.9200  750.8836  750.8534  750.8245  750.8028  750.7837    0.4820    0.8348
   751.9722  751.9489  751.9237  751.8917  751.8586  751.8197  751.7806  751.7361  751.6922  751.6436  751.5962  751.5448  751.4951  751.4422  751.3916  751.3383  751.2879  751.2356  751.1868  751.1366  751.0906  751.0439  751.0020  750.9599  750.9234  750.8874  750.8576
   750.8293  750.8081  750.7896    0.7230    0.8348  751.9730  751.9508  751.9270  751.8965  751.8654  751.8284  751.7914  751.7492  751.7076  751.6614  751.6164  751.5675  751.5203  751.4698  751.4217  751.3708  751.3227  751.2725  751.2258  751.1775  751.1333  751.0882
   751.0476  751.0069  750.9714  750.9362  750.9071  750.8791  750.8580  750.8391    0.9640    0.8348  751.9736  751.9524  751.9297  751.9007  751.8711  751.8359  751.8007  751.7605  751.7210  751.6771  751.6342  751.5875  751.5426  751.4944  751.4485  751.3999  751.3541
   751.3061  751.2614  751.2151  751.1728  751.1293  751.0905  751.0511  751.0169  750.9828  750.9546  750.9273  750.9067  750.8882    1.2050    0.8348  751.9743  751.9539  751.9324  751.9048  751.8767  751.8432  751.8099  751.7718  751.7343  751.6926  751.6521  751.6079
   751.5653  751.5196  751.4761  751.4299  751.3865  751.3408  751.2984  751.2543  751.2141  751.1727  751.1356  751.0980  751.0653  751.0326  751.0055  750.9791  750.9592  750.9411   -1.3255    0.6261  751.9741  751.9532  751.9313  751.9033  751.8748  751.8409  751.8073
   751.7688  751.7312  751.6892  751.6485  751.6041  751.5614  751.5156  751.4721  751.4258  751.3824  751.3367  751.2945  751.2505  751.2105  751.1692  751.1324  751.0950  751.0626  751.0302  751.0035  750.9774  750.9579  750.9402   -1.0845    0.6261  751.9734  751.9516
   751.9285  751.8989  751.8688  751.8331  751.7976  751.7570  751.7172  751.6729  751.6300  751.5831  751.5382  751.4898  751.4439  751.3953  751.3496  751.3018  751.2574  751.2114  751.1694  751.1265  751.0881  751.0493  751.0157  750.9822  750.9546  750.9279  750.9078
   750.8897   -0.8435    0.6261  751.9728  751.9501  751.9260  751.8953  751.8638  751.8266  751.7893  751.7468  751.7049  751.6586  751.6133  751.5641  751.5167  751.4661  751.4178  751.3667  751.3187  751.2685  751.2217  751.1735  751.1293  751.0843  751.0439  751.0032
   750.9679  750.9329  750.9039  750.8760  750.8550  750.8363   -0.6025    0.6261  751.9722  751.9487  751.9235  751.8914  751.8584  751.8197  751.7807  751.7365  751.6927  751.6444  751.5972  751.5460  751.4965  751.4437  751.3932  751.3399  751.2896  751.2371  751.1881
   751.1376  751.0912  751.0441  751.0015  750.9590  750.9218  750.8853  750.8550  750.8261  750.8044  750.7853   -0.3615    0.6261  751.9718  751.9478  751.9220  751.8890  751.8553  751.8154  751.7753  751.7298  751.6847  751.6350  751.5863  751.5336  751.4825  751.4280
   751.3758  751.3210  751.2690  751.2149  751.1644  751.1124  751.0646  751.0160  750.9724  750.9286  750.8904  750.8529  750.8216  750.7918  750.7694  750.7497   -0.1205    0.6261  751.9717  751.9475  751.9214  751.8884  751.8542  751.8141  751.7738  751.7280  751.6828
   751.6329  751.5840  751.5311  751.4800  751.4253  751.3731  751.3181  751.2660  751.2120  751.1613  751.1093  751.0615  751.0128  750.9692  750.9253  750.8871  750.8496  750.8182  750.7884  750.7658  750.7460    0.1205    0.6261  751.9720  751.9484  751.9228  751.8902
   751.8565  751.8168  751.7767  751.7312  751.6861  751.6361  751.5871  751.5341  751.4827  751.4279  751.3753  751.3201  751.2677  751.2132  751.1623  751.1099  751.0618  751.0130  750.9690  750.9250  750.8867  750.8488  750.8175  750.7876  750.7650  750.7452    0.3615
     0.6261  751.9717  751.9477  751.9217  751.8887  751.8548  751.8149  751.7747  751.7292  751.6841  751.6344  751.5858  751.5331  751.4822  751.4278  751.3758  751.3211  751.2692  751.2153  751.1649  751.1129  751.0652  751.0166  750.9730  750.9292  750.8909  750.8532
   750.8219  750.7921  750.7696  750.7500    0.6025    0.6261  751.9722  751.9490  751.9239  751.8919  751.8591  751.8203  751.7813  751.7369  751.6930  751.6444  751.5969  751.5455  751.4957  751.4426  751.3917  751.3383  751.2876  751.2350  751.1860  751.1353  751.0890
   751.0418  750.9994  750.9569  750.9199  750.8834  750.8531  750.8240  750.8023  750.7832    0.8435    0.6261  751.9726  751.9497  751.9252  751.8942  751.8625  751.8250  751.7876  751.7451  751.7032  751.6569  751.6118  751.5627  751.5155  751.4650  751.4168  751.3660
   751.3180  751.2679  751.2214  751.1731  751.1292  751.0842  751.0440  751.0034  750.9682  750.9332  750.9044  750.8765  750.8556  750.8371    1.0845    0.6261  751.9736  751.9524  751.9297  751.9006  751.8709  751.8356  751.8004  751.7602  751.7207  751.6767  751.6340
   751.5874  751.5426  751.4944  751.4485  751.3998  751.3540  751.3059  751.2612  751.2148  751.1724  751.1287  751.0897  751.0501  751.0157  750.9814  750.9529  750.9253  750.9044  750.8855    1.3255    0.6261  751.9742  751.9537  751.9321  751.9043  751.8760  751.8424
   751.8089  751.7706  751.7331  751.6913  751.6507  751.6063  751.5638  751.5181  751.4747  751.4286  751.3852  751.3397  751.2975  751.2536  751.2136  751.1724  751.1357  751.0983  751.0659  751.0334  751.0066  750.9803  750.9604  750.9424   -1.4460    0.4174  751.9743
   751.9540  751.9326  751.9050  751.8770  751.8436  751.8105  751.7725  751.7353  751.6939  751.6536  751.6096  751.5674  751.5219  751.4785  751.4325  751.3892  751.3435  751.3012  751.2571  751.2168  751.1753  751.1382  751.1004  751.0676  751.0348  751.0074  750.9809
   750.9608  750.9423   -1.2050    0.4174  751.9736  751.9524  751.9298  751.9008  751.8713  751.8363  751.8013  751.7613  751.7220  751.6781  751.6355  751.5890  751.5442  751.4961  751.4503  751.4016  751.3558  751.3077  751.2631  751.2168  751.1744  751.1309  751.0920
   751.0527  751.0185  750.9845  750.9563  750.9290  750.9084  750.8899   -0.9640    0.4174  751.9728  751.9503  751.9260  751.8953  751.8637  751.8263  751.7889  751.7464  751.7044  751.6580  751.6127  751.5635  751.5160  751.4654  751.4170  751.3661  751.3180  751.2679
   751.2212  751.1730  751.1289  751.0839  751.0436  751.0029  750.9676  750.9325  750.9037  750.8758  750.8550  750.8364   -0.7230    0.4174  751.9722  751.9489  751.9238  751.8919  751.8590  751.8204  751.7816  751.7374  751.6938  751.6455  751.5985  751.5474  751.4981
   751.4453  751.3950  751.3417  751.2915  751.2391  751.1903  751.1399  751.0937  751.0465  751.0042  750.9616  750.9243  750.8875  750.8569  750.8275  750.8053  750.7856   -0.4820    0.4174  751.9720  751.9483  751.9227  751.8902  751.8567  751.8171  751.7771  751.7317
   751.6869  751.6372  751.5886  751.5359  751.4849  751.4304  751.3782  751.3232  751.2710  751.2167  751.1659  751.1135  751.0654  751.0164  750.9722  750.9279  750.8893  750.8511  750.8193  750.7890  750.7659  750.7456   -0.2410    0.4174  751.9711  751.9462  751.9189
   751.8847  751.8494  751.8081  751.7664  751.7193  751.6726  751.6213  751.5710  751.5167  751.4642  751.4083  751.3546  751.2984  751.2450  751.1896  751.1379  751.0848  751.0359  750.9864  750.9419  750.8972  750.8583  750.8202  750.7884  750.7583  750.7357  750.7158
     0.0000    0.4174  751.9715  751.9472  751.9206  751.8871  751.8523  751.8114  751.7701  751.7233  751.6769  751.6256  751.5753  751.5210  751.4683  751.4121  751.3582  751.3016  751.2478  751.1919  751.1397  751.0861  751.0367  750.9866  750.9414  750.8962  750.8566
   750.8177  750.7854  750.7547  750.7315  750.7112    0.2410    0.4174  751.9712  751.9464  751.9193  751.8853  751.8501  751.8088  751.7671  751.7201  751.6734  751.6221  751.5717  751.5174  751.4647  751.4087  751.3550  751.2986  751.2451  751.1896  751.1377  751.0845
   751.0356  750.9859  750.9413  750.8966  750.8576  750.8195  750.7878  750.7578  750.7352  750.7155    0.4820    0.4174  751.9718  751.9480  751.9221  751.8892  751.8554  751.8155  751.7753  751.7296  751.6844  751.6344  751.5854  751.5324  751.4812  751.4265  751.3741
   751.3190  751.2668  751.2126  751.1620  751.1100  751.0623  751.0137  750.9701  750.9264  750.8882  750.8507  750.8194  750.7897  750.7671  750.7473    0.7230    0.4174  751.9722  751.9489  751.9237  751.8918  751.8590  751.8201  751.7813  751.7370  751.6934  751.6450
   751.5979  751.5468  751.4974  751.4446  751.3941  751.3409  751.2906  751.2381  751.1892  751.1388  751.0925  751.0453  751.0030  750.9604  750.9233  750.8867  750.8563  750.8272  750.8053  750.7860    0.9640    0.4174  751.9728  751.9501  751.9260  751.8952  751.8637
   751.8265  751.7893  751.7469  751.7051  751.6588  751.6138  751.5648  751.5176  751.4672  751.4190  751.3682  751.3203  751.2702  751.2237  751.1756  751.1314  751.0864  751.0460  751.0053  750.9698  750.9346  750.9055  750.8775  750.8563  750.8374    1.2050    0.4174
   751.9733  751.9515  751.9283  751.8987  751.8686  751.8330  751.7975  751.7570  751.7174  751.6733  751.6304  751.5837  751.5388  751.4906  751.4447  751.3960  751.3503  751.3023  751.2578  751.2116  751.1693  751.1261  751.0876  751.0485  751.0146  750.9810  750.9532
   750.9263  750.9062  750.8880    1.4460    0.4174  751.9744  751.9543  751.9331  751.9058  751.8781  751.8450  751.8121  751.7743  751.7373  751.6960  751.6559  751.6118  751.5696  751.5240  751.4807  751.4344  751.3910  751.3452  751.3026  751.2583  751.2177  751.1758
   751.1385  751.1003  751.0671  751.0340  751.0063  750.9795  750.9590  750.9404   -1.5665    0.2087  751.9742  751.9535  751.9316  751.9037  751.8754  751.8417  751.8082  751.7698  751.7323  751.6904  751.6499  751.6055  751.5630  751.5172  751.4737  751.4274  751.3840
   751.3383  751.2960  751.2520  751.2119  751.1706  751.1338  751.0964  751.0639  751.0315  751.0048  750.9789  750.9594  750.9416   -1.3255    0.2087  751.9734  751.9516  751.9285  751.8990  751.8690  751.8334  751.7978  751.7574  751.7176  751.6734  751.6304  751.5835
   751.5384  751.4902  751.4441  751.3952  751.3493  751.3012  751.2564  751.2101  751.1678  751.1243  751.0855  751.0463  751.0122  750.9784  750.9504  750.9234  750.9031  750.8850   -1.0845    0.2087  751.9730  751.9510  751.9273  751.8971  751.8661  751.8294  751.7927
   751.7507  751.7095  751.6636  751.6190  751.5704  751.5235  751.4732  751.4252  751.3745  751.3265  751.2764  751.2295  751.1812  751.1369  751.0914  751.0507  751.0096  750.9738  750.9383  750.9087  750.8803  750.8587  750.8393   -0.8435    0.2087  751.9722  751.9489
   751.9239  751.8919  751.8592  751.8205  751.7817  751.7376  751.6940  751.6458  751.5987  751.5476  751.4982  751.4454  751.3950  751.3417  751.2913  751.2388  751.1898  751.1393  751.0929  751.0457  751.0032  750.9605  750.9233  750.8866  750.8561  750.8269  750.8049
   750.7855   -0.6025    0.2087  751.9719  751.9482  751.9223  751.8896  751.8557  751.8158  751.7756  751.7300  751.6847  751.6349  751.5860  751.5331  751.4819  751.4272  751.3749  751.3199  751.2677  751.2134  751.1626  751.1104  751.0623  751.0135  750.9694  750.9252
   750.8866  750.8486  750.8169  750.7866  750.7637  750.7437   -0.3615    0.2087  751.9718  751.9480  751.9220  751.8890  751.8548  751.8144  751.7736  751.7273  751.6813  751.6306  751.5806  751.5266  751.4742  751.4183  751.3645  751.3080  751.2544  751.1987  751.1464
   751.0927  751.0432  750.9928  750.9474  750.9019  750.8622  750.8229  750.7902  750.7590  750.7353  750.7143   -0.1205    0.2087  751.9711  751.9461  751.9188  751.8844  751.8489  751.8071  751.7649  751.7172  751.6699  751.6179  751.5667  751.5114  751.4578  751.4008
   751.3460  751.2885  751.2340  751.1773  751.1244  751.0700  751.0200  750.9694  750.9237  750.8781  750.8383  750.7995  750.7671  750.7367  750.7137  750.6940    0.1205    0.2087  751.9713  751.9467  751.9199  751.8860  751.8509  751.8095  751.7676  751.7204  751.6734
   751.6214  751.5706  751.5155  751.4621  751.4053  751.3507  751.2934  751.2390  751.1826  751.1298  751.0755  751.0255  750.9748  750.9290  750.8833  750.8432  750.8038  750.7710  750.7399  750.7162  750.6956    0.3615    0.2087  751.9711  751.9460  751.9187  751.8844
   751.8490  751.8075  751.7657  751.7184  751.6716  751.6202  751.5697  751.5152  751.4624  751.4064  751.3527  751.2963  751.2428  751.1874  751.1356  751.0824  751.0336  750.9840  750.9394  750.8949  750.8561  750.8180  750.7864  750.7563  750.7337  750.7139    0.6025
     0.2087  751.9717  751.9474  751.9213  751.8881  751.8538  751.8136  751.7730  751.7272  751.6818  751.6316  751.5825  751.5293  751.4779  751.4231  751.3706  751.3154  751.2631  751.2088  751.1580  751.1059  751.0580  751.0094  750.9657  750.9220  750.8838  750.8464
   750.8154  750.7858  750.7637  750.7443    0.8435    0.2087  751.9720  751.9482  751.9224  751.8900  751.8567  751.8173  751.7780  751.7333  751.6892  751.6406  751.5931  751.5416  751.4919  751.4390  751.3884  751.3351  751.2848  751.2324  751.1835  751.1333  751.0871
   751.0402  750.9983  750.9561  750.9194  750.8834  750.8535  750.8251  750.8040  750.7854    1.0845    0.2087  751.9730  751.9509  751.9272  751.8969  751.8659  751.8290  751.7922  751.7501  751.7088  751.6627  751.6177  751.5689  751.5218  751.4713  751.4230  751.3720
   751.3238  751.2733  751.2264  751.1779  751.1334  751.0880  751.0472  751.0061  750.9704  750.9350  750.9056  750.8775  750.8561  750.8372    1.3255    0.2087  751.9732  751.9510  751.9276  751.8977  751.8674  751.8315  751.7957  751.7549  751.7151  751.6707  751.6277
   751.5808  751.5358  751.4876  751.4417  751.3931  751.3475  751.2997  751.2553  751.2094  751.1675  751.1245  751.0861  751.0474  751.0137  750.9803  750.9526  750.9260  750.9060  750.8880    1.5665    0.2087  751.9742  751.9537  751.9321  751.9043  751.8763  751.8426
   751.8094  751.7712  751.7339  751.6922  751.6519  751.6077  751.5654  751.5197  751.4764  751.4302  751.3868  751.3412  751.2988  751.2547  751.2143  751.1729  751.1356  751.0979  751.0650  751.0321  751.0048  750.9783  750.9581  750.9397   -1.4460    0.0000  751.9738
   751.9529  751.9305  751.9018  751.8726  751.8375  751.8026  751.7627  751.7233  751.6795  751.6369  751.5902  751.5455  751.4972  751.4512  751.4026  751.3567  751.3086  751.2638  751.2174  751.1751  751.1315  751.0926  751.0533  751.0191  750.9851  750.9571  750.9298
   750.9094  750.8909   -1.2050    0.0000  751.9730  751.9508  751.9270  751.8965  751.8653  751.8283  751.7913  751.7492  751.7076  751.6615  751.6165  751.5677  751.5207  751.4702  751.4221  751.3713  751.3234  751.2733  751.2268  751.1786  751.1345  751.0895  751.0491
   751.0085  750.9732  750.9383  750.9094  750.8817  750.8609  750.8426   -0.9640    0.0000  751.9722  751.9487  751.9235  751.8915  751.8588  751.8200  751.7812  751.7370  751.6936  751.6454  751.5985  751.5476  751.4982  751.4457  751.3954  751.3424  751.2923  751.2400
   751.1911  751.1409  751.0947  751.0476  751.0054  750.9630  750.9260  750.8895  750.8592  750.8303  750.8086  750.7895   -0.7230    0.0000  751.9720  751.9482  751.9225  751.8898  751.8561  751.8163  751.7763  751.7310  751.6861  751.6364  751.5878  751.5351  751.4842
   751.4298  751.3777  751.3227  751.2708  751.2167  751.1661  751.1140  751.0662  751.0175  750.9736  750.9297  750.8913  750.8535  750.8221  750.7921  750.7694  750.7495   -0.4820    0.0000  751.9712  751.9462  751.9191  751.8849  751.8496  751.8081  751.7663  751.7191
   751.6723  751.6206  751.5700  751.5155  751.4627  751.4066  751.3528  751.2964  751.2430  751.1875  751.1358  751.0828  751.0339  750.9846  750.9400  750.8956  750.8569  750.8189  750.7874  750.7574  750.7349  750.7154   -0.2410    0.0000  751.9711  751.9458  751.9185
   751.8839  751.8480  751.8060  751.7635  751.7156  751.6679  751.6155  751.5641  751.5087  751.4549  751.3978  751.3431  751.2857  751.2312  751.1749  751.1222  751.0681  751.0185  750.9681  750.9228  750.8775  750.8380  750.7992  750.7669  750.7363  750.7133  750.6933
     0.0000    0.0000  751.9711  751.9463  751.9192  751.8848  751.8492  751.8072  751.7648  751.7168  751.6691  751.6165  751.5648  751.5090  751.4549  751.3973  751.3420  751.2841  751.2290  751.1720  751.1186  751.0638  751.0133  750.9622  750.9162  750.8702  750.8301
   750.7906  750.7579  750.7269  750.7034  750.6831    0.2410    0.0000  751.9712  751.9465  751.9195  751.8854  751.8500  751.8086  751.7666  751.7193  751.6724  751.6206  751.5698  751.5149  751.4616  751.4049  751.3505  751.2933  751.2390  751.1826  751.1298  751.0755
   751.0256  750.9749  750.9293  750.8835  750.8435  750.8042  750.7715  750.7404  750.7168  750.6962    0.4820    0.0000  751.9712  751.9463  751.9193  751.8852  751.8500  751.8086  751.7668  751.7196  751.6728  751.6213  751.5708  751.5163  751.4634  751.4072  751.3533
   751.2967  751.2430  751.1874  751.1354  751.0821  751.0331  750.9834  750.9388  750.8942  750.8554  750.8174  750.7858  750.7560  750.7337  750.7143    0.7230    0.0000  751.9720  751.9483  751.9227  751.8902  751.8567  751.8171  751.7772  751.7320  751.6872  751.6377
   751.5891  751.5365  751.4855  751.4311  751.3789  751.3241  751.2720  751.2178  751.1671  751.1150  751.0669  751.0182  750.9743  750.9303  750.8919  750.8540  750.8226  750.7927  750.7700  750.7500    0.9640    0.0000  751.9724  751.9495  751.9247  751.8931  751.8607
   751.8222  751.7836  751.7397  751.6963  751.6481  751.6011  751.5500  751.5006  751.4478  751.3972  751.3439  751.2934  751.2409  751.1919  751.1414  751.0950  751.0478  751.0055  750.9631  750.9261  750.8897  750.8597  750.8309  750.8093  750.7902    1.2050    0.0000
   751.9730  751.9508  751.9271  751.8967  751.8657  751.8288  751.7920  751.7501  751.7088  751.6629  751.6181  751.5695  751.5226  751.4723  751.4242  751.3735  751.3256  751.2754  751.2288  751.1804  751.1362  751.0909  751.0504  751.0095  750.9740  750.9387  750.9094
   750.8814  750.8603  750.8416    1.4460    0.0000  751.9733  751.9516  751.9284  751.8989  751.8688  751.8332  751.7976  751.7570  751.7172  751.6730  751.6300  751.5832  751.5382  751.4899  751.4439  751.3953  751.3496  751.3016  751.2571  751.2110  751.1691  751.1260
   751.0875  751.0486  751.0149  750.9814  750.9537  750.9271  750.9072  750.8893   -1.5665   -0.2087  751.9743  751.9538  751.9324  751.9046  751.8765  751.8431  751.8099  751.7717  751.7344  751.6927  751.6524  751.6082  751.5658  751.5201  751.4767  751.4305  751.3872
   751.3415  751.2991  751.2549  751.2147  751.1733  751.1362  751.0986  751.0659  751.0332  751.0062  750.9799  750.9600  750.9420   -1.3255   -0.2087  751.9735  751.9520  751.9292  751.9000  751.8703  751.8350  751.7997  751.7595  751.7200  751.6761  751.6332  751.5866
   751.5416  751.4934  751.4473  751.3985  751.3525  751.3042  751.2592  751.2126  751.1700  751.1264  751.0872  751.0478  751.0134  750.9793  750.9511  750.9239  750.9033  750.8849   -1.0845   -0.2087  751.9730  751.9508  751.9271  751.8969  751.8658  751.8290  751.7923
   751.7503  751.7090  751.6630  751.6182  751.5695  751.5224  751.4718  751.4236  751.3726  751.3245  751.2741  751.2272  751.1787  751.1343  751.0889  751.0480  751.0070  750.9713  750.9358  750.9064  750.8781  750.8567  750.8376   -0.8435   -0.2087  751.9722  751.9489
   751.9236  751.8916  751.8586  751.8198  751.7807  751.7364  751.6926  751.6442  751.5969  751.5456  751.4960  751.4431  751.3925  751.3392  751.2888  751.2363  751.1874  751.1370  751.0906  751.0436  751.0011  750.9587  750.9217  750.8851  750.8550  750.8260  750.8043
   750.7851   -0.6025   -0.2087  751.9720  751.9484  751.9228  751.8902  751.8565  751.8168  751.7767  751.7311  751.6859  751.6359  751.5870  751.5339  751.4826  751.4278  751.3753  751.3202  751.2679  751.2135  751.1626  751.1104  751.0624  751.0136  750.9697  750.9256
   750.8871  750.8492  750.8177  750.7877  750.7650  750.7452   -0.3615   -0.2087  751.9717  751.9477  751.9215  751.8883  751.8539  751.8134  751.7724  751.7259  751.6798  751.6288  751.5788  751.5245  751.4720  751.4159  751.3620  751.3055  751.2517  751.1957  751.1435
   751.0897  751.0401  750.9898  750.9444  750.8989  750.8592  750.8202  750.7877  750.7567  750.7333  750.7128   -0.1205   -0.2087  751.9711  751.9460  751.9186  751.8842  751.8485  751.8067  751.7645  751.7168  751.6695  751.6175  751.5664  751.5113  751.4577  751.4008
   751.3462  751.2889  751.2345  751.1781  751.1252  751.0711  751.0212  750.9707  750.9252  750.8798  750.8401  750.8011  750.7687  750.7380  750.7149  750.6948    0.1205   -0.2087  751.9712  751.9463  751.9193  751.8850  751.8496  751.8079  751.7659  751.7183  751.6709
   751.6190  751.5679  751.5127  751.4591  751.4021  751.3475  751.2900  751.2356  751.1790  751.1260  751.0718  751.0219  750.9713  750.9257  750.8802  750.8406  750.8017  750.7694  750.7388  750.7158  750.6959    0.3615   -0.2087  751.9713  751.9466  751.9196  751.8856
   751.8507  751.8095  751.7680  751.7212  751.6747  751.6235  751.5735  751.5193  751.4668  751.4109  751.3573  751.3010  751.2475  751.1921  751.1401  751.0868  751.0377  750.9879  750.9429  750.8980  750.8586  750.8200  750.7879  750.7572  750.7341  750.7137    0.6025
    -0.2087  751.9717  751.9474  751.9212  751.8881  751.8539  751.8138  751.7734  751.7276  751.6823  751.6323  751.5835  751.5305  751.4792  751.4248  751.3724  751.3175  751.2654  751.2113  751.1607  751.1088  751.0610  751.0126  750.9689  750.9252  750.8871  750.8497
   750.8185  750.7889  750.7666  750.7471    0.8435   -0.2087  751.9722  751.9490  751.9239  751.8921  751.8591  751.8204  751.7814  751.7371  751.6934  751.6450  751.5976  751.5463  751.4967  751.4437  751.3929  751.3394  751.2889  751.2362  751.1871  751.1364  751.0901
   751.0428  751.0004  750.9579  750.9209  750.8845  750.8543  750.8255  750.8038  750.7848    1.0845   -0.2087  751.9730  751.9508  751.9270  751.8966  751.8656  751.8288  751.7919  751.7500  751.7086  751.6628  751.6180  751.5693  751.5223  751.4719  751.4238  751.3730
   751.3250  751.2748  751.2279  751.1796  751.1353  751.0901  751.0495  751.0085  750.9729  750.9376  750.9083  750.8802  750.8588  750.8399    1.3255   -0.2087  751.9736  751.9521  751.9293  751.8999  751.8701  751.8346  751.7993  751.7589  751.7191  751.6749  751.6321
   751.5852  751.5403  751.4919  751.4458  751.3971  751.3511  751.3030  751.2584  751.2121  751.1699  751.1266  751.0880  751.0489  751.0151  750.9815  750.9537  750.9269  750.9068  750.8887    1.5665   -0.2087  751.9741  751.9534  751.9316  751.9036  751.8754  751.8416
   751.8082  751.7700  751.7326  751.6908  751.6504  751.6061  751.5637  751.5180  751.4746  751.4284  751.3851  751.3394  751.2971  751.2531  751.2130  751.1716  751.1347  751.0972  751.0646  751.0321  751.0052  750.9790  750.9592  750.9411   -1.4460   -0.4174  751.9742
   751.9536  751.9320  751.9041  751.8758  751.8421  751.8086  751.7702  751.7326  751.6905  751.6499  751.6054  751.5627  751.5167  751.4730  751.4267  751.3831  751.3373  751.2950  751.2509  751.2109  751.1697  751.1328  751.0955  751.0632  751.0310  751.0044  750.9785
   750.9591  750.9415   -1.2050   -0.4174  751.9736  751.9524  751.9297  751.9006  751.8709  751.8357  751.8005  751.7605  751.7210  751.6771  751.6345  751.5879  751.5432  751.4950  751.4492  751.4006  751.3547  751.3066  751.2618  751.2154  751.1729  751.1293  751.0902
   751.0507  751.0164  750.9822  750.9540  750.9267  750.9061  750.8875   -0.9640   -0.4174  751.9728  751.9504  751.9263  751.8956  751.8642  751.8269  751.7896  751.7470  751.7051  751.6586  751.6133  751.5641  751.5165  751.4657  751.4172  751.3660  751.3177  751.2674
   751.2205  751.1721  751.1280  751.0829  751.0426  751.0019  750.9667  750.9318  750.9030  750.8754  750.8548  750.8364   -0.7230   -0.4174  751.9724  751.9494  751.9245  751.8929  751.8604  751.8219  751.7832  751.7392  751.6957  751.6476  751.6006  751.5494  751.5000
   751.4471  751.3966  751.3431  751.2927  751.2400  751.1908  751.1402  751.0935  751.0462  751.0036  750.9609  750.9236  750.8870  750.8565  750.8274  750.8055  750.7861   -0.4820   -0.4174  751.9717  751.9476  751.9215  751.8884  751.8542  751.8141  751.7736  751.7278
   751.6823  751.6322  751.5831  751.5300  751.4786  751.4238  751.3714  751.3161  751.2639  751.2096  751.1590  751.1069  751.0590  751.0104  750.9667  750.9230  750.8848  750.8472  750.8161  750.7864  750.7641  750.7444   -0.2410   -0.4174  751.9715  751.9468  751.9202
   751.8865  751.8516  751.8107  751.7693  751.7225  751.6761  751.6249  751.5747  751.5205  751.4679  751.4119  751.3582  751.3018  751.2483  751.1927  751.1408  751.0874  751.0384  750.9885  750.9437  750.8989  750.8597  750.8213  750.7894  750.7589  750.7360  750.7160
     0.0000   -0.4174  751.9714  751.9468  751.9200  751.8861  751.8511  751.8099  751.7683  751.7214  751.6746  751.6232  751.5727  751.5183  751.4655  751.4094  751.3555  751.2990  751.2455  751.1900  751.1381  751.0848  751.0358  750.9862  750.9414  750.8967  750.8576
   750.8193  750.7876  750.7573  750.7345  750.7147    0.2410   -0.4174  751.9714  751.9468  751.9202  751.8864  751.8515  751.8104  751.7690  751.7220  751.6755  751.6242  751.5738  751.5194  751.4666  751.4105  751.3567  751.3001  751.2464  751.1908  751.1387  751.0853
   751.0361  750.9863  750.9415  750.8967  750.8576  750.8193  750.7874  750.7573  750.7346  750.7148    0.4820   -0.4174  751.9717  751.9475  751.9214  751.8883  751.8542  751.8141  751.7737  751.7279  751.6826  751.6327  751.5836  751.5307  751.4793  751.4246  751.3722
   751.3170  751.2648  751.2105  751.1597  751.1076  751.0596  751.0109  750.9669  750.9231  750.8847  750.8470  750.8156  750.7858  750.7633  750.7437    0.7230   -0.4174  751.9722  751.9490  751.9240  751.8921  751.8595  751.8209  751.7822  751.7382  751.6947  751.6466
   751.5996  751.5486  751.4992  751.4464  751.3959  751.3426  751.2922  751.2396  751.1904  751.1398  751.0934  751.0461  751.0036  750.9608  750.9235  750.8869  750.8565  750.8274  750.8055  750.7861    0.9640   -0.4174  751.9728  751.9503  751.9260  751.8952  751.8637
   751.8264  751.7892  751.7467  751.7049  751.6586  751.6136  751.5645  751.5172  751.4668  751.4184  751.3675  751.3193  751.2691  751.2224  751.1741  751.1299  751.0848  751.0444  751.0036  750.9683  750.9333  750.9043  750.8765  750.8555  750.8370    1.2050   -0.4174
   751.9736  751.9524  751.9298  751.9008  751.8711  751.8359  751.8008  751.7605  751.7209  751.6767  751.6338  751.5869  751.5418  751.4933  751.4470  751.3979  751.3517  751.3032  751.2581  751.2114  751.1688  751.1251  751.0861  751.0466  751.0125  750.9787  750.9507
   750.9239  750.9037  750.8857    1.4460   -0.4174  751.9740  751.9532  751.9311  751.9029  751.8744  751.8405  751.8070  751.7686  751.7309  751.6890  751.6485  751.6041  751.5616  751.5159  751.4723  751.4261  751.3828  751.3372  751.2950  751.2511  751.2110  751.1699
   751.1332  751.0959  751.0637  751.0315  751.0049  750.9790  750.9598  750.9422   -1.3255   -0.6261  751.9739  751.9528  751.9305  751.9021  751.8734  751.8392  751.8054  751.7666  751.7286  751.6863  751.6455  751.6008  751.5579  751.5119  751.4681  751.4217  751.3782
   751.3325  751.2902  751.2463  751.2063  751.1653  751.1287  751.0916  751.0595  751.0275  751.0012  750.9757  750.9566  750.9394   -1.0845   -0.6261  751.9736  751.9522  751.9293  751.9002  751.8705  751.8351  751.7999  751.7597  751.7201  751.6761  751.6332  751.5865
   751.5416  751.4933  751.4472  751.3984  751.3524  751.3042  751.2593  751.2130  751.1704  751.1269  751.0880  751.0486  751.0145  750.9806  750.9526  750.9256  750.9052  750.8870   -0.8435   -0.6261  751.9728  751.9504  751.9263  751.8958  751.8644  751.8273  751.7901
   751.7478  751.7061  751.6598  751.6148  751.5658  751.5187  751.4681  751.4200  751.3691  751.3211  751.2710  751.2243  751.1761  751.1319  751.0868  751.0463  751.0055  750.9700  750.9349  750.9057  750.8776  750.8565  750.8376   -0.6025   -0.6261  751.9721  751.9485
   751.9233  751.8911  751.8580  751.8190  751.7800  751.7355  751.6918  751.6432  751.5959  751.5445  751.4950  751.4420  751.3914  751.3381  751.2877  751.2352  751.1862  751.1358  751.0896  751.0425  751.0003  750.9578  750.9209  750.8845  750.8543  750.8255  750.8038
   750.7849   -0.3615   -0.6261  751.9717  751.9474  751.9210  751.8877  751.8535  751.8130  751.7723  751.7263  751.6805  751.6302  751.5807  751.5274  751.4758  751.4207  751.3682  751.3128  751.2605  751.2062  751.1555  751.1035  751.0558  751.0074  750.9641  750.9207
   750.8829  750.8460  750.8154  750.7864  750.7649  750.7460   -0.1205   -0.6261  751.9719  751.9480  751.9222  751.8894  751.8554  751.8155  751.7751  751.7293  751.6840  751.6339  751.5849  751.5318  751.4805  751.4257  751.3734  751.3181  751.2660  751.2116  751.1609
   751.1087  751.0608  751.0120  750.9682  750.9242  750.8859  750.8481  750.8168  750.7870  750.7645  750.7448    0.1205   -0.6261  751.9720  751.9483  751.9225  751.8900  751.8561  751.8162  751.7759  751.7303  751.6849  751.6349  751.5858  751.5328  751.4812  751.4263
   751.3737  751.3185  751.2660  751.2115  751.1607  751.1083  751.0602  751.0115  750.9675  750.9235  750.8852  750.8476  750.8163  750.7865  750.7641  750.7444    0.3615   -0.6261  751.9717  751.9477  751.9217  751.8886  751.8546  751.8146  751.7743  751.7286  751.6834
   751.6334  751.5846  751.5317  751.4805  751.4259  751.3736  751.3186  751.2665  751.2124  751.1619  751.1099  751.0622  751.0138  750.9703  750.9267  750.8887  750.8514  750.8205  750.7910  750.7689  750.7496    0.6025   -0.6261  751.9723  751.9492  751.9242  751.8923
   751.8596  751.8209  751.7818  751.7375  751.6937  751.6452  751.5978  751.5463  751.4966  751.4436  751.3927  751.3392  751.2887  751.2361  751.1871  751.1365  751.0901  751.0430  751.0006  750.9582  750.9212  750.8848  750.8546  750.8256  750.8040  750.7850    0.8435
    -0.6261  751.9728  751.9501  751.9260  751.8951  751.8636  751.8263  751.7891  751.7467  751.7049  751.6586  751.6135  751.5645  751.5171  751.4664  751.4180  751.3668  751.3185  751.2681  751.2213  751.1728  751.1285  751.0832  751.0428  751.0021  750.9668  750.9320
   750.9033  750.8756  750.8550  750.8366    1.0845   -0.6261  751.9736  751.9521  751.9293  751.9002  751.8704  751.8351  751.7998  751.7595  751.7199  751.6758  751.6329  751.5862  751.5411  751.4928  751.4468  751.3980  751.3521  751.3040  751.2592  751.2130  751.1708
   751.1275  751.0889  751.0497  751.0159  750.9822  750.9545  750.9276  750.9073  750.8891    1.3255   -0.6261  751.9741  751.9533  751.9314  751.9034  751.8752  751.8413  751.8078  751.7693  751.7319  751.6899  751.6494  751.6050  751.5625  751.5167  751.4731  751.4269
   751.3835  751.3378  751.2955  751.2517  751.2116  751.1705  751.1338  751.0965  751.0642  751.0321  751.0054  750.9796  750.9602  750.9425   -1.2050   -0.8348  751.9741  751.9533  751.9315  751.9035  751.8752  751.8414  751.8078  751.7693  751.7318  751.6899  751.6492
   751.6048  751.5622  751.5163  751.4728  751.4265  751.3831  751.3376  751.2953  751.2515  751.2114  751.1703  751.1335  751.0962  751.0639  751.0316  751.0049  750.9790  750.9594  750.9415   -0.9640   -0.8348  751.9734  751.9518  751.9288  751.8993  751.8694  751.8336
   751.7980  751.7573  751.7172  751.6728  751.6295  751.5824  751.5371  751.4885  751.4423  751.3934  751.3475  751.2994  751.2548  751.2087  751.1666  751.1235  751.0850  751.0462  751.0126  750.9791  750.9516  750.9249  750.9049  750.8870   -0.7230   -0.8348  751.9727
   751.9499  751.9256  751.8946  751.8630  751.8255  751.7880  751.7454  751.7034  751.6569  751.6115  751.5624  751.5149  751.4642  751.4158  751.3647  751.3166  751.2664  751.2196  751.1714  751.1272  751.0822  751.0419  751.0012  750.9660  750.9312  750.9023  750.8746
   750.8540  750.8357   -0.4820   -0.8348  751.9725  751.9496  751.9249  751.8933  751.8609  751.8224  751.7838  751.7397  751.6961  751.6479  751.6008  751.5497  751.5002  751.4473  751.3968  751.3436  751.2933  751.2410  751.1921  751.1419  751.0959  751.0490  751.0069
   750.9647  750.9279  750.8916  750.8615  750.8327  750.8109  750.7917   -0.2410   -0.8348  751.9723  751.9491  751.9241  751.8924  751.8597  751.8211  751.7824  751.7384  751.6947  751.6465  751.5994  751.5482  751.4988  751.4459  751.3953  751.3420  751.2915  751.2389
   751.1899  751.1393  751.0929  751.0455  751.0031  750.9605  750.9234  750.8868  750.8564  750.8274  750.8054  750.7860    0.0000   -0.8348  751.9723  751.9493  751.9244  751.8927  751.8600  751.8215  751.7828  751.7388  751.6953  751.6471  751.6000  751.5489  751.4996
   751.4467  751.3962  751.3429  751.2924  751.2398  751.1908  751.1402  751.0937  751.0463  751.0038  750.9611  750.9238  750.8870  750.8565  750.8272  750.8051  750.7855    0.2410   -0.8348  751.9723  751.9491  751.9240  751.8922  751.8594  751.8207  751.7818  751.7376
   751.6940  751.6457  751.5985  751.5473  751.4978  751.4449  751.3945  751.3411  751.2907  751.2381  751.1890  751.1386  751.0922  751.0449  751.0025  750.9598  750.9228  750.8861  750.8556  750.8266  750.8047  750.7853    0.4820   -0.8348  751.9722  751.9487  751.9235
   751.8913  751.8584  751.8196  751.7805  751.7363  751.6924  751.6441  751.5969  751.5456  751.4961  751.4433  751.3929  751.3396  751.2894  751.2371  751.1884  751.1382  751.0922  751.0455  751.0036  750.9615  750.9249  750.8888  750.8590  750.8304  750.8091  750.7902
     0.7230   -0.8348  751.9728  751.9503  751.9261  751.8952  751.8636  751.8262  751.7887  751.7460  751.7040  751.6573  751.6119  751.5626  751.5150  751.4642  751.4157  751.3646  751.3164  751.2662  751.2195  751.1714  751.1274  751.0826  751.0423  751.0020  750.9669
   750.9323  750.9036  750.8761  750.8555  750.8374    0.9640   -0.8348  751.9735  751.9520  751.9291  751.8999  751.8702  751.8348  751.7994  751.7590  751.7193  751.6751  751.6321  751.5851  751.5399  751.4913  751.4450  751.3961  751.3499  751.3016  751.2567  751.2103
   751.1678  751.1245  751.0857  751.0465  751.0126  750.9790  750.9513  750.9245  750.9045  750.8867    1.2050   -0.8348  751.9741  751.9533  751.9314  751.9033  751.8750  751.8411  751.8076  751.7692  751.7315  751.6895  751.6488  751.6044  751.5618  751.5159  751.4723
   751.4259  751.3824  751.3367  751.2944  751.2505  751.2103  751.1691  751.1324  751.0951  751.0627  751.0306  751.0040  750.9782  750.9588  750.9413   -1.0845   -1.0436  751.9742  751.9536  751.9318  751.9039  751.8757  751.8420  751.8084  751.7701  751.7325  751.6905
   751.6498  751.6053  751.5626  751.5167  751.4731  751.4268  751.3833  751.3377  751.2954  751.2515  751.2114  751.1702  751.1334  751.0960  751.0637  751.0312  751.0045  750.9784  750.9587  750.9409   -0.8435   -1.0436  751.9735  751.9518  751.9288  751.8994  751.8694
   751.8338  751.7983  751.7579  751.7180  751.6739  751.6308  751.5841  751.5392  751.4909  751.4450  751.3964  751.3507  751.3029  751.2585  751.2125  751.1704  751.1273  751.0887  751.0497  751.0157  750.9820  750.9540  750.9269  750.9065  750.8882   -0.6025   -1.0436
   751.9728  751.9503  751.9262  751.8954  751.8641  751.8269  751.7896  751.7473  751.7055  751.6592  751.6142  751.5652  751.5181  751.4676  751.4195  751.3688  751.3209  751.2710  751.2245  751.1766  751.1327  751.0880  751.0479  751.0074  750.9724  750.9377  750.9089
   750.8813  750.8607  750.8422   -0.3615   -1.0436  751.9728  751.9505  751.9266  751.8960  751.8647  751.8276  751.7904  751.7481  751.7064  751.6603  751.6153  751.5663  751.5192  751.4686  751.4205  751.3696  751.3216  751.2714  751.2247  751.1765  751.1322  751.0870
   751.0464  751.0055  750.9699  750.9346  750.9054  750.8773  750.8561  750.8374   -0.1205   -1.0436  751.9728  751.9504  751.9262  751.8956  751.8642  751.8269  751.7897  751.7473  751.7054  751.6591  751.6139  751.5649  751.5176  751.4671  751.4190  751.3681  751.3202
   751.2701  751.2235  751.1755  751.1314  751.0864  751.0461  751.0053  750.9700  750.9348  750.9056  750.8776  750.8563  750.8372    0.1205   -1.0436  751.9730  751.9506  751.9266  751.8961  751.8648  751.8277  751.7906  751.7483  751.7065  751.6601  751.6150  751.5659
   751.5186  751.4679  751.4196  751.3686  751.3203  751.2700  751.2232  751.1749  751.1306  751.0854  751.0449  751.0040  750.9684  750.9332  750.9041  750.8761  750.8550  750.8364    0.3615   -1.0436  751.9728  751.9503  751.9260  751.8952  751.8637  751.8263  751.7890
   751.7465  751.7045  751.6581  751.6129  751.5637  751.5162  751.4655  751.4171  751.3660  751.3179  751.2676  751.2208  751.1725  751.1283  751.0833  751.0430  751.0025  750.9671  750.9323  750.9034  750.8757  750.8549  750.8364    0.6025   -1.0436  751.9727  751.9501
   751.9258  751.8950  751.8636  751.8263  751.7891  751.7468  751.7051  751.6588  751.6139  751.5651  751.5178  751.4673  751.4191  751.3682  751.3202  751.2700  751.2235  751.1752  751.1312  751.0864  751.0463  751.0059  750.9709  750.9365  750.9081  750.8809  750.8607
   750.8428    0.8435   -1.0436  751.9734  751.9518  751.9288  751.8993  751.8694  751.8338  751.7984  751.7578  751.7180  751.6738  751.6307  751.5839  751.5387  751.4903  751.4442  751.3953  751.3493  751.3011  751.2564  751.2101  751.1679  751.1246  751.0860  751.0469
   751.0132  750.9796  750.9520  750.9253  750.9054  750.8874    1.0845   -1.0436  751.9742  751.9535  751.9316  751.9037  751.8754  751.8417  751.8082  751.7698  751.7322  751.6903  751.6496  751.6050  751.5624  751.5163  751.4727  751.4261  751.3825  751.3366  751.2940
   751.2499  751.2096  751.1683  751.1315  751.0941  751.0618  751.0296  751.0031  750.9773  750.9580  750.9405   -0.9640   -1.2523  751.9742  751.9537  751.9322  751.9045  751.8764  751.8429  751.8095  751.7713  751.7339  751.6922  751.6517  751.6075  751.5652  751.5195
   751.4761  751.4301  751.3868  751.3413  751.2992  751.2553  751.2152  751.1739  751.1370  751.0995  751.0667  751.0339  751.0067  750.9801  750.9599  750.9414   -0.7230   -1.2523  751.9732  751.9513  751.9280  751.8982  751.8679  751.8319  751.7960  751.7551  751.7149
   751.6703  751.6269  751.5798  751.5345  751.4859  751.4397  751.3909  751.3450  751.2971  751.2526  751.2066  751.1647  751.1218  751.0835  751.0448  751.0114  750.9782  750.9509  750.9245  750.9049  750.8875   -0.4820   -1.2523  751.9735  751.9519  751.9291  751.8997
   751.8700  751.8345  751.7992  751.7588  751.7191  751.6750  751.6322  751.5854  751.5405  751.4923  751.4464  751.3977  751.3519  751.3040  751.2595  751.2133  751.1710  751.1278  751.0891  751.0499  751.0157  750.9818  750.9536  750.9263  750.9056  750.8870   -0.2410
    -1.2523  751.9735  751.9520  751.9292  751.8999  751.8700  751.8345  751.7990  751.7584  751.7185  751.6741  751.6310  751.5840  751.5387  751.4903  751.4441  751.3953  751.3493  751.3013  751.2566  751.2105  751.1683  751.1251  751.0866  751.0476  751.0138  750.9801
   750.9524  750.9256  750.9054  750.8872    0.0000   -1.2523  751.9734  751.9517  751.9286  751.8990  751.8690  751.8332  751.7977  751.7570  751.7172  751.6728  751.6298  751.5828  751.5377  751.4893  751.4432  751.3945  751.3486  751.3006  751.2560  751.2099  751.1677
   751.1246  751.0861  751.0471  751.0134  750.9799  750.9523  750.9255  750.9054  750.8874    0.2410   -1.2523  751.9736  751.9521  751.9293  751.9002  751.8705  751.8351  751.7998  751.7595  751.7199  751.6757  751.6327  751.5859  751.5409  751.4924  751.4462  751.3974
   751.3514  751.3032  751.2585  751.2121  751.1698  751.1264  751.0877  751.0486  751.0148  750.9812  750.9534  750.9266  750.9065  750.8886    0.4820   -1.2523  751.9735  751.9517  751.9287  751.8992  751.8692  751.8336  751.7981  751.7575  751.7176  751.6733  751.6302
   751.5832  751.5381  751.4896  751.4434  751.3945  751.3485  751.3003  751.2555  751.2093  751.1671  751.1239  751.0853  751.0463  751.0126  750.9790  750.9514  750.9247  750.9049  750.8870    0.7230   -1.2523  751.9732  751.9511  751.9277  751.8979  751.8675  751.8315
   751.7959  751.7551  751.7151  751.6708  751.6277  751.5810  751.5359  751.4877  751.4417  751.3931  751.3475  751.2997  751.2553  751.2094  751.1676  751.1246  751.0863  751.0476  751.0141  750.9808  750.9534  750.9268  750.9070  750.8893    0.9640   -1.2523  751.9742
   751.9536  751.9319  751.9041  751.8759  751.8423  751.8089  751.7707  751.7332  751.6914  751.6509  751.6065  751.5641  751.5182  751.4747  751.4284  751.3850  751.3393  751.2971  751.2531  751.2130  751.1718  751.1350  751.0976  751.0652  751.0329  751.0061  750.9800
   750.9604  750.9425   -0.6025   -1.4610  751.9742  751.9535  751.9316  751.9038  751.8755  751.8417  751.8082  751.7698  751.7322  751.6904  751.6498  751.6054  751.5629  751.5170  751.4735  751.4272  751.3839  751.3382  751.2959  751.2520  751.2118  751.1706  751.1338
   751.0964  751.0639  751.0315  751.0047  750.9786  750.9589  750.9412   -0.3615   -1.4610  751.9739  751.9529  751.9307  751.9023  751.8736  751.8394  751.8055  751.7667  751.7289  751.6867  751.6459  751.6013  751.5587  751.5128  751.4693  751.4232  751.3799  751.3345
   751.2925  751.2488  751.2090  751.1682  751.1317  751.0946  751.0625  751.0304  751.0038  750.9779  750.9584  750.9407   -0.1205   -1.4610  751.9742  751.9535  751.9318  751.9039  751.8757  751.8419  751.8084  751.7701  751.7326  751.6907  751.6502  751.6060  751.5635
   751.5178  751.4745  751.4284  751.3852  751.3397  751.2975  751.2537  751.2136  751.1724  751.1356  751.0981  751.0656  751.0330  751.0061  750.9797  750.9598  750.9417    0.1205   -1.4610  751.9738  751.9526  751.9302  751.9016  751.8727  751.8384  751.8044  751.7655
   751.7275  751.6853  751.6444  751.5999  751.5572  751.5112  751.4676  751.4214  751.3781  751.3325  751.2905  751.2467  751.2070  751.1661  751.1297  751.0928  751.0608  751.0289  751.0026  750.9770  750.9579  750.9407    0.3615   -1.4610  751.9743  751.9540  751.9324
   751.9048  751.8768  751.8432  751.8099  751.7717  751.7343  751.6924  751.6518  751.6074  751.5647  751.5188  751.4752  751.4288  751.3852  751.3396  751.2972  751.2532  751.2131  751.1719  751.1351  751.0979  751.0654  751.0331  751.0065  750.9805  750.9608  750.9430
     0.6025   -1.4610  751.9742  751.9537  751.9321  751.9042  751.8760  751.8425  751.8089  751.7706  751.7330  751.6910  751.6503  751.6058  751.5631  751.5171  751.4735  751.4271  751.3835  751.3377  751.2953  751.2512  751.2110  751.1698  751.1329  751.0956  751.0634
   751.0311  751.0046  750.9787  750.9593  750.9416
