    -0.602500    1.460985    4.320210    4.319767    4.318431    4.316164    4.312988    4.309053    4.304455    4.299342    4.293853    4.288110    4.282269    4.276401    4.270658    4.265059    4.259737    4.254662    4.249946    4.245520    4.241473    4.237726    4.234350    4.231268    4.228533    4.226093    4.223980    4.222169    4.220670    4.219487    4.218593    4.218009
     4.217707   -0.361500    1.460985    4.318700    4.318260    4.316774    4.314416    4.311083    4.307051    4.302298    4.297115    4.291516    4.285770    4.279897    4.274118    4.268447    4.263034    4.257882    4.253076    4.248612    4.244510    4.240775    4.237381    4.234353    4.231627    4.229260    4.227158    4.225409    4.223897    4.222736    4.221795    4.221201
     4.220803    4.220671   -0.120500    1.460985    4.319747    4.319317    4.317749    4.315301    4.311838    4.307689    4.302787    4.297486    4.291755    4.285919    4.279960    4.274137    4.268428    4.263012    4.257863    4.253079    4.248642    4.244572    4.240876    4.237510    4.234521    4.231815    4.229483    4.227397    4.225683    4.224185    4.223058    4.222123
     4.221557    4.221173    4.221134    0.120500    1.460985    4.321689    4.321243    4.319673    4.317198    4.313715    4.309536    4.304614    4.299270    4.293498    4.287585    4.281543    4.275595    4.269756    4.264168    4.258847    4.253851    4.249209    4.244897    4.240971    4.237343    4.234107    4.231128    4.228546    4.226195    4.224256    4.222538    4.221250
     4.220180    4.219549    4.219114    4.219031    0.361500    1.460985    4.323380    4.322911    4.321306    4.318757    4.315187    4.310887    4.305836    4.300336    4.294406    4.288322    4.282114    4.275996    4.269995    4.264244    4.258766    4.253615    4.248819    4.244363    4.240290    4.236537    4.233172    4.230100    4.227424    4.225025    4.223034    4.221309
     4.220003    4.218953    4.218318    4.217905    4.217825    0.602500    1.460985    4.325842    4.325375    4.323810    4.321255    4.317675    4.313308    4.308185    4.302558    4.296492    4.290219    4.283810    4.277447    4.271189    4.265151    4.259374    4.253913    4.248795    4.244020    4.239617    4.235546    4.231848    4.228461    4.225450    4.222740    4.220419
     4.218402    4.216794    4.215501    4.214629    4.214071    4.213921   -0.964000    1.252273    4.321484    4.321021    4.319453    4.316987    4.313529    4.309375    4.304486    4.299172    4.293421    4.287518    4.281459    4.275473    4.269558    4.263880    4.258433    4.253312    4.248511    4.244061    4.239968    4.236210    4.232815    4.229728    4.227002    4.224564
     4.222498    4.220717    4.219330    4.218242    4.217565    4.217182    4.217125   -0.723000    1.252273    4.322545    4.322123    4.320706    4.318361    4.315082    4.311019    4.306251    4.300953    4.295246    4.289286    4.283198    4.277104    4.271109    4.265293    4.259732    4.254463    4.249530    4.244940    4.240709    4.236830    4.233306    4.230123    4.227278
     4.224765    4.222578    4.220725    4.219201    4.218020    4.217171    4.216670    4.216525   -0.482000    1.252273    4.321765    4.321307    4.319807    4.317364    4.313951    4.309788    4.304919    4.299567    4.293825    4.287884    4.281853    4.275865    4.270029    4.264404    4.259087    4.254066    4.249424    4.245095    4.241156    4.237508    4.234234    4.231223
     4.228566    4.226159    4.224096    4.222290    4.220831    4.219646    4.218810    4.218268    4.218079   -0.241000    1.252273    4.323018    4.322600    4.321117    4.318692    4.315286    4.311106    4.306192    4.300781    4.294951    4.288923    4.282777    4.276689    4.270716    4.264975    4.259500    4.254345    4.249529    4.245051    4.240935    4.237141    4.233711
     4.230579    4.227815    4.225334    4.223232    4.221403    4.219964    4.218795    4.218032    4.217559    4.217492    0.000000    1.252273    4.321930    4.321471    4.319884    4.317391    4.313875    4.309658    4.304694    4.299306    4.293491    4.287531    4.281443    4.275438    4.269535    4.263871    4.258459    4.253370    4.248613    4.244206    4.240164    4.236465
     4.233143    4.230149    4.227545    4.225250    4.223356    4.221745    4.220534    4.219567    4.218989    4.218611    4.218552    0.241000    1.252273    4.324308    4.323894    4.322276    4.319731    4.316155    4.311834    4.306752    4.301221    4.295271    4.289181    4.282990    4.276906    4.270955    4.265267    4.259861    4.254782    4.250055    4.245651    4.241616
     4.237867    4.234484    4.231349    4.228589    4.226059    4.223927    4.222018    4.220528    4.219259    4.218426    4.217861    4.217817    0.482000    1.252273    4.325851    4.325389    4.323740    4.321135    4.317483    4.313071    4.307879    4.302210    4.296090    4.289798    4.283369    4.277025    4.270789    4.264810    4.259096    4.253726    4.248701    4.244037
     4.239746    4.235792    4.232212    4.228938    4.226046    4.223439    4.221232    4.219307    4.217805    4.216585    4.215802    4.215296    4.215209    0.723000    1.252273    4.325483    4.325055    4.323526    4.321074    4.317611    4.313386    4.308389    4.302870    4.296885    4.290651    4.284256    4.277863    4.271563    4.265447    4.259594    4.254029    4.248818
     4.243934    4.239439    4.235270    4.231498    4.228045    4.224993    4.222260    4.219937    4.217940    4.216367    4.215122    4.214298    4.213778    4.213629    0.964000    1.252273    4.323898    4.323450    4.321907    4.319448    4.315960    4.311741    4.306751    4.301279    4.295341    4.289186    4.282867    4.276571    4.270360    4.264351    4.258599    4.253153
     4.248057    4.243307    4.238942    4.234920    4.231289    4.227986    4.225072    4.222475    4.220272    4.218386    4.216902    4.215727    4.214938    4.214421    4.214216   -1.084500    1.043561    4.325554    4.325103    4.323700    4.321292    4.317970    4.313804    4.308961    4.303516    4.297674    4.291499    4.285203    4.278820    4.272549    4.266392    4.260512
     4.254883    4.249623    4.244693    4.240168    4.236005    4.232244    4.228856    4.225848    4.223214    4.220940    4.219041    4.217483    4.216300    4.215430    4.214905    4.214673   -0.843500    1.043561    4.324834    4.324362    4.322806    4.320260    4.316720    4.312400    4.307350    4.301796    4.295826    4.289639    4.283336    4.277066    4.270922    4.264989
     4.259345    4.254007    4.249044    4.244413    4.240186    4.236275    4.232770    4.229556    4.226739    4.224198    4.222054    4.220184    4.218720    4.217535    4.216761    4.216271    4.216156   -0.602500    1.043561    4.323260    4.322835    4.321391    4.318992    4.315611    4.311445    4.306548    4.301144    4.295326    4.289297    4.283157    4.277052    4.271074
     4.265299    4.259807    4.254603    4.249758    4.245221    4.241060    4.237194    4.233695    4.230467    4.227589    4.224975    4.222700    4.220701    4.219040    4.217681    4.216663    4.215977    4.215664   -0.361500    1.043561    4.322539    4.322098    4.320560    4.318122    4.314664    4.310480    4.305539    4.300160    4.294343    4.288376    4.282265    4.276238
     4.270296    4.264595    4.259121    4.253969    4.249110    4.244597    4.240392    4.236526    4.232970    4.229744    4.226830    4.224252    4.222000    4.220096    4.218540    4.217343    4.216516    4.216045    4.215926   -0.120500    1.043561    4.323836    4.323416    4.321896    4.319433    4.316002    4.311799    4.306880    4.301452    4.295638    4.289609    4.283508
     4.277439    4.271541    4.265842    4.260468    4.255370    4.250667    4.246244    4.242226    4.238448    4.235061    4.231871    4.229060    4.226428    4.224178    4.222117    4.220456    4.219023    4.218030    4.217357    4.217201    0.120500    1.043561    4.324984    4.324484    4.322784    4.320110    4.316353    4.311852    4.306560    4.300846    4.294676    4.288403
     4.281977    4.275697    4.269495    4.263604    4.257942    4.252672    4.247708    4.243148    4.238916    4.235062    4.231534    4.228352    4.225505    4.222990    4.220836    4.219013    4.217580    4.216475    4.215776    4.215380    4.215313    0.361500    1.043561    4.325935    4.325509    4.323972    4.321484    4.318011    4.313746    4.308743    4.303196    4.297229
     4.291005    4.284670    4.278328    4.272117    4.266078    4.260327    4.254852    4.249742    4.244946    4.240534    4.236436    4.232714    4.229300    4.226259    4.223536    4.221200    4.219200    4.217604    4.216355    4.215509    4.214995    4.214872    0.602500    1.043561    4.326496    4.326022    4.324332    4.321696    4.317979    4.313518    4.308247    4.302531
     4.296337    4.289999    4.283494    4.277093    4.270770    4.264715    4.258902    4.253439    4.248303    4.243532    4.239117    4.235045    4.231335    4.227946    4.224929    4.222229    4.219930    4.217965    4.216437    4.215248    4.214508    4.214078    4.214033    0.843500    1.043561    4.328526    4.328025    4.326416    4.323766    4.320086    4.315577    4.310318
     4.304505    4.298259    4.291750    4.285120    4.278486    4.271983    4.265666    4.259644    4.253919    4.248574    4.243569    4.238974    4.234723    4.230880    4.227372    4.224265    4.221485    4.219107    4.217064    4.215434    4.214154    4.213282    4.212725    4.212516    1.084500    1.043561    4.326901    4.326439    4.324924    4.322422    4.318924    4.314620
     4.309575    4.303984    4.297954    4.291654    4.285212    4.278748    4.272389    4.266191    4.260266    4.254609    4.249315    4.244329    4.239739    4.235460    4.231577    4.228001    4.224815    4.221943    4.219469    4.217339    4.215625    4.214282    4.213348    4.212755    4.212532   -1.205000    0.834848    4.325176    4.324721    4.323147    4.320652    4.317166
     4.312944    4.307975    4.302515    4.296597    4.290441    4.284107    4.277762    4.271480    4.265368    4.259508    4.253939    4.248742    4.243897    4.239481    4.235428    4.231815    4.228548    4.225712    4.223200    4.221107    4.219323    4.217948    4.216869    4.216183    4.215770    4.215671   -0.964000    0.834848    4.325770    4.325282    4.323717    4.321159
     4.317586    4.313220    4.308109    4.302492    4.296437    4.290160    4.283729    4.277317    4.270984    4.264856    4.258973    4.253414    4.248197    4.243360    4.238903    4.234840    4.231159    4.227862    4.224940    4.222389    4.220206    4.218386    4.216929    4.215818    4.215046    4.214581    4.214409   -0.723000    0.834848    4.325999    4.325545    4.323963
     4.321380    4.317768    4.313344    4.308155    4.302456    4.296331    4.290011    4.283581    4.277215    4.270986    4.264999    4.259310    4.253949    4.248964    4.244323    4.240077    4.236152    4.232614    4.229367    4.226493    4.223893    4.221664    4.219713    4.218140    4.216862    4.215980    4.215438    4.215319   -0.482000    0.834848    4.325549    4.325057
     4.323485    4.320891    4.317284    4.312864    4.307717    4.302048    4.295984    4.289701    4.283337    4.277011    4.270853    4.264912    4.259292    4.253983    4.249064    4.244477    4.240291    4.236421    4.232936    4.229746    4.226929    4.224399    4.222240    4.220372    4.218878    4.217680    4.216858    4.216336    4.216170   -0.241000    0.834848    4.325144
     4.324712    4.323069    4.320498    4.316885    4.312528    4.307391    4.301804    4.295780    4.289617    4.283338    4.277167    4.271129    4.265351    4.259866    4.254700    4.249900    4.245412    4.241308    4.237471    4.234017    4.230791    4.227948    4.225316    4.223079    4.221055    4.219443    4.218065    4.217142    4.216549    4.216480    0.000000    0.834848
     4.327647    4.327144    4.325506    4.322808    4.319049    4.314462    4.309110    4.303245    4.296957    4.290475    4.283885    4.277366    4.270981    4.264850    4.259009    4.253515    4.248384    4.243623    4.239237    4.235206    4.231537    4.228201    4.225223    4.222573    4.220297    4.218354    4.216801    4.215575    4.214735    4.214200    4.214018    0.241000
     0.834848    4.327253    4.326802    4.325191    4.322604    4.318978    4.314550    4.309357    4.303648    4.297518    4.291172    4.284724    4.278310    4.272046    4.265988    4.260249    4.254803    4.249761    4.245029    4.240718    4.236690    4.233070    4.229705    4.226739    4.224027    4.221724    4.219694    4.218083    4.216754    4.215836    4.215218    4.215047
     0.482000    0.834848    4.328881    4.328378    4.326706    4.323970    4.320179    4.315556    4.310175    4.304264    4.297937    4.291393    4.284754    4.278165    4.271735    4.265539    4.259670    4.254131    4.249000    4.244221    4.239870    4.235841    4.232231    4.228903    4.225983    4.223327    4.221090    4.219124    4.217598    4.216352    4.215549    4.215020
     4.214879    0.723000    0.834848    4.328541    4.328072    4.326371    4.323672    4.319903    4.315336    4.309969    4.304095    4.297751    4.291214    4.284530    4.277924    4.271428    4.265200    4.259254    4.253675    4.248467    4.243647    4.239229    4.235171    4.231515    4.228174    4.225233    4.222575    4.220331    4.218368    4.216853    4.215635    4.214892
     4.214453    4.214447    0.964000    0.834848    4.327349    4.326900    4.325257    4.322668    4.319036    4.314645    4.309470    4.303804    4.297664    4.291315    4.284798    4.278320    4.271925    4.265747    4.259824    4.254216    4.248960    4.244049    4.239531    4.235352    4.231580    4.228124    4.225081    4.222338    4.220022    4.218005    4.216439    4.215177
     4.214368    4.213848    4.213749    1.205000    0.834848    4.324523    4.324094    4.322512    4.320055    4.316577    4.312406    4.307455    4.302050    4.296151    4.290053    4.283746    4.277476    4.271248    4.265238    4.259456    4.254000    4.248886    4.244139    4.239788    4.235796    4.232219    4.228967    4.226134    4.223589    4.221474    4.219630    4.218238
     4.217112    4.216445    4.216018    4.215983   -1.325500    0.626136    4.330034    4.329556    4.327977    4.325366    4.321731    4.317251    4.312005    4.306182    4.299901    4.293322    4.286582    4.279789    4.273084    4.266521    4.260229    4.254212    4.248581    4.243298    4.238456    4.233995    4.229993    4.226375    4.223213    4.220430    4.218089    4.216111
     4.214549    4.213322    4.212468    4.211918    4.211728   -1.084500    0.626136    4.329015    4.328543    4.326896    4.324219    4.320475    4.315906    4.310547    4.304653    4.298298    4.291711    4.284975    4.278268    4.271666    4.265286    4.259190    4.253427    4.248046    4.243040    4.238457    4.234243    4.230458    4.227020    4.224006    4.221323    4.219065
     4.217135    4.215632    4.214443    4.213660    4.213174    4.213080   -0.843500    0.626136    4.328021    4.327535    4.325938    4.323296    4.319580    4.315013    4.309663    4.303780    4.297459    4.290927    4.284268    4.277663    4.271175    4.264929    4.258962    4.253341    4.248083    4.243205    4.238714    4.234596    4.230858    4.227473    4.224455    4.221784
     4.219483    4.217538    4.215966    4.214745    4.213868    4.213300    4.213069   -0.602500    0.626136    4.328491    4.327991    4.326362    4.323688    4.319945    4.315372    4.310009    4.304102    4.297738    4.291140    4.284403    4.277699    4.271114    4.264760    4.258699    4.252985    4.247660    4.242726    4.238218    4.234098    4.230407    4.227076    4.224167
     4.221588    4.219424    4.217565    4.216117    4.214956    4.214198    4.213710    4.213563   -0.361500    0.626136    4.325611    4.325179    4.323498    4.320880    4.317163    4.312693    4.307387    4.301623    4.295372    4.288988    4.282450    4.276051    4.269761    4.263790    4.258098    4.252804    4.247868    4.243331    4.239168    4.235361    4.231919    4.228787
     4.226014    4.223530    4.221416    4.219591    4.218162    4.217027    4.216309    4.215896    4.215876   -0.120500    0.626136    4.327427    4.326937    4.325324    4.322686    4.318992    4.314477    4.309189    4.303363    4.297094    4.290593    4.283966    4.277379    4.270923    4.264707    4.258795    4.253237    4.248064    4.243279    4.238894    4.234879    4.231246
     4.227952    4.225024    4.222420    4.220186    4.218284    4.216767    4.215588    4.214797    4.214314    4.214137    0.120500    0.626136    4.327504    4.327065    4.325423    4.322805    4.319111    4.314617    4.309324    4.303521    4.297268    4.290816    4.284242    4.277731    4.271365    4.265242    4.259437    4.253966    4.248897    4.244172    4.239860    4.235857
     4.232246    4.228906    4.225944    4.223247    4.220940    4.218925    4.217323    4.216034    4.215167    4.214631    4.214507    0.361500    0.626136    4.326660    4.326195    4.324626    4.322090    4.318512    4.314149    4.309006    4.303345    4.297216    4.290847    4.284308    4.277775    4.271322    4.265072    4.259080    4.253425    4.248131    4.243235    4.238738
     4.234651    4.230959    4.227666    4.224759    4.222239    4.220102    4.218336    4.216936    4.215861    4.215111    4.214643    4.214488    0.602500    0.626136    4.326703    4.326259    4.324687    4.322165    4.318631    4.314312    4.309248    4.303655    4.297642    4.291368    4.284987    4.278584    4.272330    4.266231    4.260455    4.254934    4.249823    4.245001
     4.240608    4.236500    4.232809    4.229393    4.226382    4.223660    4.221351    4.219362    4.217793    4.216555    4.215707    4.215152    4.214956    0.843500    0.626136    4.327598    4.327123    4.325403    4.322678    4.318861    4.314259    4.308835    4.302926    4.296522    4.289958    4.283218    4.276600    4.270065    4.263850    4.257884    4.252337    4.247124
     4.242350    4.237936    4.233936    4.230297    4.227031    4.224126    4.221565    4.219386    4.217552    4.216146    4.215096    4.214502    4.214218    4.214256    1.084500    0.626136    4.327307    4.326858    4.325255    4.322708    4.319151    4.314834    4.309764    4.304187    4.298148    4.291864    4.285410    4.278957    4.272587    4.266407    4.260490    4.254873
     4.249624    4.244716    4.240226    4.236072    4.232352    4.228939    4.225961    4.223260    4.221002    4.219013    4.217498    4.216261    4.215517    4.215040    4.215006    1.325500    0.626136    4.323926    4.323492    4.321932    4.319488    4.316050    4.311922    4.307040    4.301703    4.295893    4.289877    4.283673    4.277495    4.271377    4.265465    4.259796
     4.254435    4.249429    4.244766    4.240510    4.236589    4.233093    4.229900    4.227132    4.224638    4.222576    4.220777    4.219430    4.218347    4.217727    4.217346    4.217328   -1.446000    0.417424    4.329533    4.329061    4.327463    4.324872    4.321235    4.316792    4.311559    4.305775    4.299505    4.292957    4.286223    4.279454    4.272754    4.266214
     4.259932    4.253937    4.248321    4.243056    4.238235    4.233787    4.229808    4.226201    4.223065    4.220290    4.217974    4.215999    4.214460    4.213237    4.212426    4.211920    4.211794   -1.205000    0.417424    4.329311    4.328857    4.327216    4.324589    4.320847    4.316285    4.310865    4.304918    4.298441    4.291752    4.284848    4.278006    4.271213
     4.264689    4.258406    4.252513    4.246979    4.241880    4.237194    4.232939    4.229115    4.225694    4.222706    4.220087    4.217897    4.216042    4.214592    4.213430    4.212629    4.212085    4.211918   -0.964000    0.417424    4.329484    4.328994    4.327287    4.324578    4.320785    4.316196    4.310813    4.304921    4.298576    4.292013    4.285318    4.278651
     4.272111    4.265774    4.259745    4.254016    4.248697    4.243709    4.239176    4.234967    4.231225    4.227782    4.224807    4.222110    4.219885    4.217925    4.216435    4.215193    4.214398    4.213843    4.213703   -0.723000    0.417424    4.330223    4.329759    4.328130    4.325489    4.321791    4.317248    4.311912    4.306019    4.299666    4.293061    4.286310
     4.279565    4.272922    4.266472    4.260290    4.254412    4.248891    4.243724    4.238953    4.234549    4.230555    4.226930    4.223726    4.220892    4.218498    4.216475    4.214900    4.213668    4.212868    4.212387    4.212326   -0.482000    0.417424    4.331382    4.330869    4.329147    4.326335    4.322384    4.317567    4.311912    4.305733    4.299072    4.292225
     4.285222    4.278316    4.271506    4.264990    4.258740    4.252889    4.247396    4.242333    4.237664    4.233409    4.229557    4.226083    4.223018    4.220301    4.218007    4.216043    4.214518    4.213303    4.212531    4.212055    4.211995   -0.241000    0.417424    4.327895    4.327428    4.325740    4.323059    4.319312    4.314773    4.309453    4.303625    4.297367
     4.290906    4.284349    4.277846    4.271507    4.265397    4.259621    4.254159    4.249110    4.244388    4.240094    4.236099    4.232519    4.229203    4.226296    4.223643    4.221413    4.219455    4.217946    4.216727    4.215977    4.215529    4.215485    0.000000    0.417424    4.329327    4.328818    4.327083    4.324286    4.320396    4.315680    4.310183    4.304186
     4.297765    4.291167    4.284472    4.277861    4.271408    4.265218    4.259349    4.253830    4.248706    4.243944    4.239587    4.235563    4.231927    4.228594    4.225642    4.222989    4.220736    4.218795    4.217270    4.216050    4.215242    4.214741    4.214656    0.241000    0.417424    4.328274    4.327775    4.326100    4.323380    4.319571    4.314930    4.309493
     4.303535    4.297136    4.290540    4.283838    4.277215    4.270758    4.264572    4.258734    4.253261    4.248225    4.243561    4.239352    4.235469    4.232022    4.228844    4.226084    4.223564    4.221460    4.219594    4.218147    4.216936    4.216127    4.215563    4.215410    0.482000    0.417424    4.328171    4.327697    4.326105    4.323475    4.319783    4.315239
     4.309915    4.304035    4.297711    4.291143    4.284449    4.277788    4.271259    4.264964    4.258972    4.253328    4.248068    4.243198    4.238725    4.234637    4.230929    4.227593    4.224621    4.222020    4.219784    4.217931    4.216441    4.215324    4.214537    4.214067    4.213888    0.723000    0.417424    4.327531    4.327021    4.325395    4.322746    4.319050
     4.314552    4.309291    4.303514    4.297292    4.290844    4.284256    4.277700    4.271261    4.265046    4.259122    4.253530    4.248319    4.243474    4.239040    4.234958    4.231285    4.227941    4.224995    4.222362    4.220128    4.218210    4.216697    4.215498    4.214693    4.214172    4.213985    0.964000    0.417424    4.326605    4.326112    4.324440    4.321772
     4.318047    4.313555    4.308285    4.302530    4.296310    4.289896    4.283321    4.276816    4.270406    4.264261    4.258387    4.252887    4.247750    4.243021    4.238686    4.234745    4.231199    4.228010    4.225205    4.222724    4.220633    4.218854    4.217489    4.216433    4.215805    4.215449    4.215420    1.205000    0.417424    4.326894    4.326423    4.324837
     4.322256    4.318652    4.314268    4.309120    4.303460    4.297334    4.290979    4.284452    4.277952    4.271535    4.265339    4.259408    4.253812    4.248585    4.243737    4.239304    4.235247    4.231616    4.228333    4.225466    4.222917    4.220777    4.218944    4.217533    4.216432    4.215758    4.215364    4.215299    1.446000    0.417424    4.325259    4.324830
     4.323281    4.320823    4.317346    4.313130    4.308129    4.302649    4.296672    4.290490    4.284098    4.277749    4.271440    4.265365    4.259514    4.254010    4.248844    4.244068    4.239693    4.235701    4.232135    4.228917    4.226126    4.223641    4.221580    4.219790    4.218430    4.217324    4.216652    4.216229    4.216215   -1.566500    0.208712    4.325422
     4.325010    4.323364    4.320874    4.317294    4.313041    4.307945    4.302419    4.296360    4.290140    4.283700    4.277332    4.271012    4.264934    4.259103    4.253603    4.248474    4.243698    4.239363    4.235361    4.231832    4.228597    4.225850    4.223351    4.221341    4.219538    4.218214    4.217070    4.216408    4.215936    4.215906   -1.325500    0.208712
     4.329703    4.329208    4.327470    4.324732    4.320850    4.316179    4.310649    4.304636    4.298105    4.291401    4.284507    4.277703    4.270979    4.264528    4.258347    4.252536    4.247107    4.242076    4.237481    4.233272    4.229522    4.226136    4.223213    4.220627    4.218503    4.216685    4.215311    4.214205    4.213514    4.213056    4.212970   -1.084500
     0.208712    4.332408    4.331918    4.330142    4.327311    4.323333    4.318497    4.312794    4.306541    4.299766    4.292772    4.285587    4.278471    4.271436    4.264684    4.258202    4.252128    4.246434    4.241195    4.236389    4.232041    4.228148    4.224688    4.221694    4.219102    4.216981    4.215231    4.213952    4.212989    4.212473    4.212211    4.212278
    -0.843500    0.208712    4.332510    4.332011    4.330259    4.327428    4.323465    4.318643    4.312997    4.306814    4.300174    4.293326    4.286361    4.279455    4.272699    4.266183    4.259993    4.254130    4.248684    4.243584    4.238933    4.234607    4.230735    4.227161    4.224038    4.221198    4.218814    4.216716    4.215076    4.213723    4.212811    4.212190
     4.212028   -0.602500    0.208712    4.329201    4.328714    4.326958    4.324242    4.320437    4.315855    4.310462    4.304569    4.298208    4.291642    4.284936    4.278280    4.271750    4.265450    4.259455    4.253787    4.248522    4.243611    4.239142    4.235009    4.231327    4.227948    4.225022    4.222372    4.220186    4.218261    4.216809    4.215608    4.214885
     4.214428    4.214417   -0.361500    0.208712    4.330574    4.330060    4.328264    4.325397    4.321371    4.316516    4.310812    4.304616    4.297935    4.291108    4.284134    4.277303    4.270586    4.264203    4.258099    4.252417    4.247091    4.242195    4.237670    4.233542    4.229776    4.226369    4.223322    4.220621    4.218301    4.216337    4.214789    4.213608
     4.212860    4.212440    4.212363   -0.120500    0.208712    4.328981    4.328472    4.326740    4.323963    4.320102    4.315421    4.309960    4.303993    4.297603    4.291027    4.284357    4.277767    4.271343    4.265182    4.259355    4.253881    4.248823    4.244127    4.239864    4.235927    4.232408    4.229167    4.226331    4.223742    4.221561    4.219622    4.218098
     4.216825    4.215975    4.215407    4.215265    0.120500    0.208712    4.328777    4.328265    4.326549    4.323747    4.319829    4.315069    4.309505    4.303434    4.296912    4.290220    4.283397    4.276684    4.270093    4.263810    4.257812    4.252232    4.247015    4.242250    4.237864    4.233917    4.230335    4.227162    4.224342    4.221905    4.219826    4.218114
     4.216758    4.215735    4.215041    4.214625    4.214497    0.361500    0.208712    4.327169    4.326684    4.324992    4.322266    4.318447    4.313813    4.308386    4.302462    4.296098    4.289562    4.282917    4.276381    4.269998    4.263917    4.258160    4.252798    4.247836    4.243281    4.239133    4.235353    4.231959    4.228887    4.226185    4.223788    4.221769
     4.220060    4.218740    4.217716    4.217068    4.216694    4.216649    0.602500    0.208712    4.327684    4.327186    4.325542    4.322833    4.319074    4.314482    4.309135    4.303265    4.296980    4.290491    4.283911    4.277394    4.271045    4.264941    4.259171    4.253733    4.248714    4.244042    4.239811    4.235903    4.232433    4.229255    4.226506    4.224032
     4.221986    4.220206    4.218846    4.217732    4.217004    4.216503    4.216349    0.843500    0.208712    4.327691    4.327206    4.325529    4.322827    4.319066    4.314491    4.309139    4.303266    4.296949    4.290422    4.283776    4.277200    4.270770    4.264608    4.258765    4.253294    4.248227    4.243558    4.239318    4.235455    4.232012    4.228906    4.226199
     4.223790    4.221767    4.220022    4.218662    4.217576    4.216878    4.216454    4.216402    1.084500    0.208712    4.326874    4.326420    4.324820    4.322225    4.318618    4.314218    4.309062    4.303381    4.297254    4.290895    4.284402    4.277940    4.271607    4.265495    4.259695    4.254219    4.249153    4.244442    4.240181    4.236259    4.232791    4.229625
     4.226894    4.224428    4.222381    4.220585    4.219210    4.218097    4.217419    4.217010    4.216964    1.325500    0.208712    4.324012    4.323575    4.322061    4.319632    4.316215    4.312046    4.307130    4.301711    4.295830    4.289714    4.283423    4.277145    4.270942    4.264948    4.259208    4.253801    4.248753    4.244091    4.239832    4.235965    4.232506
     4.229411    4.226703    4.224322    4.222310    4.220605    4.219268    4.218232    4.217564    4.217168    4.217072    1.566500    0.208712    4.324768    4.324358    4.322980    4.320684    4.317467    4.313490    4.308809    4.303582    4.297912    4.291933    4.285779    4.279542    4.273366    4.267292    4.261457    4.255853    4.250605    4.245657    4.241125    4.236922
     4.233154    4.229712    4.226698    4.223995    4.221704    4.219717    4.218136    4.216860    4.215985    4.215412    4.215212   -1.446000    0.000000    4.331235    4.330764    4.329065    4.326347    4.322500    4.317816    4.312276    4.306196    4.299600    4.292778    4.285772    4.278816    4.271951    4.265336    4.259004    4.253031    4.247452    4.242267    4.237525
     4.233172    4.229280    4.225755    4.222692    4.219969    4.217695    4.215735    4.214201    4.212956    4.212117    4.211563    4.211419   -1.205000    0.000000    4.332440    4.331950    4.330276    4.327526    4.323680    4.318958    4.313426    4.307301    4.300710    4.293833    4.286823    4.279800    4.272918    4.266223    4.259856    4.253795    4.248168    4.242896
     4.238104    4.233676    4.229742    4.226160    4.223069    4.220308    4.218022    4.216043    4.214514    4.213266    4.212440    4.211884    4.211735   -0.964000    0.000000    4.329890    4.329388    4.327539    4.324724    4.320738    4.315974    4.310331    4.304227    4.297604    4.290846    4.283913    4.277118    4.270428    4.264060    4.257988    4.252327    4.247065
     4.242225    4.237829    4.233825    4.230276    4.227073    4.224325    4.221877    4.219876    4.218135    4.216830    4.215753    4.215096    4.214659    4.214635   -0.723000    0.000000    4.334184    4.333641    4.331834    4.328866    4.324743    4.319707    4.313827    4.307370    4.300431    4.293272    4.285979    4.278773    4.271700    4.264929    4.258459    4.252404
     4.246731    4.241509    4.236692    4.232317    4.228347    4.224793    4.221641    4.218882    4.216531    4.214561    4.213008    4.211824    4.211057    4.210620    4.210522   -0.482000    0.000000    4.329838    4.329334    4.327512    4.324668    4.320670    4.315884    4.310262    4.304177    4.297634    4.290960    4.284172    4.277516    4.271008    4.264798    4.258898
     4.253361    4.248205    4.243410    4.239013    4.234939    4.231260    4.227870    4.224881    4.222165    4.219873    4.217859    4.216297    4.215019    4.214212    4.213695    4.213593   -0.241000    0.000000    4.330376    4.329841    4.328060    4.325184    4.321224    4.316438    4.310904    4.304862    4.298450    4.291841    4.285205    4.278624    4.272274    4.266138
     4.260386    4.254915    4.249886    4.245134    4.240821    4.236751    4.233098    4.229663    4.226634    4.223829    4.221447    4.219322    4.217649    4.216268    4.215363    4.214781    4.214654    0.000000    0.000000    4.328788    4.328287    4.326458    4.323574    4.319554    4.314719    4.309062    4.302938    4.296365    4.289682    4.282894    4.276290    4.269848
     4.263781    4.258040    4.252749    4.247850    4.243387    4.239313    4.235610    4.232267    4.229226    4.226529    4.224098    4.222029    4.220231    4.218833    4.217724    4.217051    4.216677    4.216705    0.241000    0.000000    4.326665    4.326220    4.324639    4.322087    4.318524    4.314163    4.309063    4.303430    4.297393    4.291105    4.284733    4.278356
     4.272154    4.266124    4.260438    4.255018    4.250025    4.245325    4.241070    4.237102    4.233565    4.230304    4.227457    4.224888    4.222723    4.220842    4.219350    4.218137    4.217286    4.216725    4.216561    0.482000    0.000000    4.326207    4.325718    4.324062    4.321386    4.317651    4.313117    4.307820    4.302034    4.295831    4.289454    4.282986
     4.276607    4.270395    4.264448    4.258835    4.253569    4.248715    4.244219    4.240152    4.236411    4.233088    4.230053    4.227421    4.225056    4.223089    4.221383    4.220071    4.219012    4.218331    4.217896    4.217803    0.723000    0.000000    4.327116    4.326587    4.324900    4.322140    4.318291    4.313609    4.308137    4.302167    4.295743    4.289158
     4.282441    4.275845    4.269372    4.263213    4.257340    4.251878    4.246783    4.242123    4.237854    4.234007    4.230548    4.227488    4.224803    4.222502    4.220568    4.219008    4.217802    4.216944    4.216406    4.216131    4.216028    0.964000    0.000000    4.324668    4.324227    4.322630    4.320089    4.316538    4.312224    4.307161    4.301608    4.295626
     4.289451    4.283160    4.276933    4.270846    4.265000    4.259463    4.254255    4.249443    4.244980    4.240940    4.237228    4.233933    4.230929    4.228322    4.225975    4.224011    4.222300    4.220969    4.219896    4.219204    4.218785    4.218736    1.205000    0.000000    4.323633    4.323162    4.321517    4.318941    4.315309    4.310959    4.305818    4.300255
     4.294212    4.288045    4.281701    4.275490    4.269347    4.263514    4.257922    4.252728    4.247869    4.243428    4.239365    4.235697    4.232419    4.229491    4.226947    4.224709    4.222849    4.221265    4.220066    4.219129    4.218586    4.218281    4.218279    1.446000    0.000000    4.324262    4.323816    4.322286    4.319812    4.316313    4.312073    4.307061
     4.301587    4.295639    4.289516    4.283208    4.276973    4.270794    4.264861    4.259155    4.253794    4.248761    4.244107    4.239833    4.235933    4.232434    4.229282    4.226531    4.224090    4.222043    4.220275    4.218900    4.217786    4.217069    4.216614    4.216541   -1.566500   -0.208712    4.329549    4.329092    4.327490    4.324907    4.321255    4.316771
     4.311461    4.305585    4.299201    4.292545    4.285697    4.278844    4.272069    4.265489    4.259177    4.253183    4.247575    4.242340    4.237544    4.233139    4.229194    4.225631    4.222524    4.219782    4.217470    4.215498    4.213925    4.212671    4.211788    4.211217    4.211029   -1.325500   -0.208712    4.330901    4.330415    4.328762    4.326083    4.322305
     4.317695    4.312260    4.306274    4.299799    4.293073    4.286187    4.279311    4.272551    4.265988    4.259730    4.253770    4.248224    4.243009    4.238255    4.233831    4.229885    4.226254    4.223096    4.220236    4.217831    4.215714    4.214036    4.212652    4.211700    4.211051    4.210828   -1.084500   -0.208712    4.331981    4.331466    4.329651    4.326769
     4.322693    4.317753    4.311910    4.305542    4.298635    4.291565    4.284314    4.277214    4.270217    4.263585    4.257241    4.251359    4.245858    4.240831    4.236217    4.232050    4.228304    4.224966    4.222050    4.219500    4.217366    4.215561    4.214164    4.213072    4.212382    4.211970    4.211917   -0.843500   -0.208712    4.332411    4.331930    4.330161
     4.327323    4.323367    4.318553    4.312918    4.306720    4.300073    4.293188    4.286212    4.279272    4.272522    4.265993    4.259829    4.253974    4.248567    4.243488    4.238882    4.234589    4.230768    4.227242    4.224180    4.221403    4.219084    4.217051    4.215479    4.214204    4.213397    4.212897    4.212816   -0.602500   -0.208712    4.331368    4.330849
     4.329022    4.326114    4.322046    4.317126    4.311370    4.305098    4.298376    4.291487    4.284512    4.277657    4.270992    4.264634    4.258630    4.253011    4.247817    4.243005    4.238627    4.234588    4.230970    4.227644    4.224726    4.222068    4.219817    4.217814    4.216230    4.214902    4.214010    4.213403    4.213243   -0.361500   -0.208712    4.330514
     4.330008    4.328289    4.325498    4.321591    4.316834    4.311259    4.305152    4.298588    4.291826    4.284946    4.278151    4.271503    4.265132    4.259074    4.253386    4.248086    4.243174    4.238664    4.234518    4.230762    4.227340    4.224294    4.221566    4.219213    4.217179    4.215531    4.214213    4.213296    4.212724    4.212561   -0.120500   -0.208712
     4.328604    4.328131    4.326399    4.323625    4.319748    4.315043    4.309539    4.303531    4.297095    4.290492    4.283811    4.277244    4.270876    4.264805    4.259101    4.253768    4.248868    4.244331    4.240222    4.236422    4.233014    4.229859    4.227065    4.224498    4.222285    4.220315    4.218719    4.217405    4.216490    4.215905    4.215763    0.120500
    -0.208712    4.326806    4.326330    4.324591    4.321846    4.317984    4.313330    4.307858    4.301918    4.295519    4.288990    4.282349    4.275866    4.269546    4.263576    4.257942    4.252738    4.247946    4.243574    4.239618    4.236020    4.232814    4.229894    4.227343    4.225034    4.223096    4.221390    4.220078    4.219003    4.218344    4.217938    4.217919
     0.361500   -0.208712    4.325368    4.324904    4.323354    4.320833    4.317287    4.312955    4.307866    4.302253    4.296203    4.289908    4.283487    4.277079    4.270803    4.264738    4.258981    4.253552    4.248520    4.243862    4.239624    4.235759    4.232303    4.229203    4.226493    4.224125    4.222133    4.220471    4.219169    4.218170    4.217498    4.217092
     4.216977    0.602500   -0.208712    4.326567    4.326070    4.324434    4.321738    4.317962    4.313346    4.307939    4.302017    4.295649    4.289102    4.282427    4.275854    4.269405    4.263254    4.257392    4.251937    4.246855    4.242216    4.237981    4.234179    4.230779    4.227779    4.225167    4.222919    4.221047    4.219505    4.218320    4.217416    4.216826
     4.216467    4.216374    0.843500   -0.208712    4.323129    4.322692    4.321139    4.318674    4.315230    4.311056    4.306167    4.300795    4.295025    4.289040    4.282967    4.276912    4.271025    4.265315    4.259943    4.254830    4.250147    4.245739    4.241791    4.238099    4.234860    4.231846    4.229263    4.226889    4.224926    4.223175    4.221820    4.220688
     4.219932    4.219420    4.219290    1.084500   -0.208712    4.325621    4.325171    4.323567    4.320972    4.317346    4.312937    4.307753    4.302078    4.295943    4.289627    4.283155    4.276767    4.270472    4.264446    4.258684    4.253294    4.248268    4.243648    4.239440    4.235632    4.232244    4.229227    4.226621    4.224351    4.222479    4.220914    4.219737
     4.218838    4.218311    4.218028    4.218055    1.325500   -0.208712    4.322917    4.322508    4.321061    4.318728    4.315473    4.311495    4.306826    4.301647    4.296060    4.290208    4.284237    4.278221    4.272331    4.266556    4.261082    4.255817    4.250958    4.246343    4.242184    4.238270    4.234818    4.231597    4.228818    4.226261    4.224124    4.222219
     4.220731    4.219509    4.218711    4.218200    4.218060    1.566500   -0.208712    4.322581    4.322160    4.320727    4.318413    4.315142    4.311159    4.306442    4.301248    4.295591    4.289706    4.283631    4.277556    4.271527    4.265672    4.260040    4.254690    4.249678    4.244998    4.240715    4.236770    4.233238    4.230026    4.227216    4.224701    4.222574
     4.220731    4.219275    4.218116    4.217353    4.216887    4.216770   -1.446000   -0.417424    4.329771    4.329263    4.327511    4.324735    4.320815    4.316089    4.310511    4.304426    4.297836    4.291054    4.284104    4.277235    4.270476    4.263991    4.257803    4.251989    4.246572    4.241556    4.236982    4.232794    4.229064    4.225693    4.222777    4.220190
     4.218043    4.216194    4.214769    4.213619    4.212880    4.212399    4.212259   -1.205000   -0.417424    4.331216    4.330765    4.329022    4.326288    4.322428    4.317749    4.312210    4.306132    4.299536    4.292712    4.285709    4.278755    4.271901    4.265298    4.258985    4.253032    4.247473    4.242312    4.237591    4.233266    4.229397    4.225900    4.222857
     4.220150    4.217884    4.215921    4.214390    4.213151    4.212359    4.211881    4.211843   -0.964000   -0.417424    4.330122    4.329587    4.327768    4.324894    4.320863    4.316013    4.310330    4.304156    4.297531    4.290749    4.283880    4.277131    4.270578    4.264319    4.258432    4.252906    4.247827    4.243096    4.238825    4.234856    4.231332    4.228066
     4.225229    4.222623    4.220437    4.218479    4.216942    4.215647    4.214782    4.214192    4.214044   -0.723000   -0.417424    4.331355    4.330844    4.329004    4.326069    4.321957    4.316967    4.311107    4.304721    4.297856    4.290845    4.283728    4.276784    4.270017    4.263627    4.257582    4.251998    4.246822    4.242098    4.237784    4.233865    4.230333
     4.227134    4.224299    4.221752    4.219559    4.217639    4.216088    4.214832    4.213990    4.213497    4.213454   -0.482000   -0.417424    4.329664    4.329174    4.327385    4.324559    4.320592    4.315799    4.310181    4.304053    4.297490    4.290753    4.283946    4.277240    4.270742    4.264521    4.258669    4.253168    4.248096    4.243375    4.239083    4.235107
     4.231534    4.228243    4.225330    4.222679    4.220399    4.218390    4.216768    4.215450    4.214553    4.213996    4.213850   -0.241000   -0.417424    4.329493    4.328978    4.327295    4.324492    4.320585    4.315804    4.310233    4.304111    4.297572    4.290823    4.284007    4.277270    4.270736    4.264474    4.258579    4.253046    4.247946    4.243219    4.238926
     4.234975    4.231431    4.228189    4.225326    4.222743    4.220531    4.218606    4.217063    4.215826    4.214979    4.214434    4.214237    0.000000   -0.417424    4.324705    4.324194    4.322438    4.319704    4.315842    4.311235    4.305808    4.299958    4.293646    4.287238    4.280704    4.274348    4.268132    4.262276    4.256727    4.251621    4.246891    4.242604
     4.238696    4.235181    4.232017    4.229186    4.226680    4.224466    4.222575    4.220967    4.219709    4.218742    4.218142    4.217806    4.217729    0.241000   -0.417424    4.326136    4.325677    4.324096    4.321505    4.317880    4.313438    4.308246    4.302525    4.296402    4.290056    4.283647    4.277279    4.271117    4.265179    4.259620    4.254370    4.249575
     4.245100    4.241086    4.237358    4.234063    4.231013    4.228359    4.225928    4.223879    4.222062    4.220634    4.219459    4.218671    4.218143    4.217997    0.482000   -0.417424    4.324777    4.324314    4.322709    4.320122    4.316479    4.312050    4.306845    4.301153    4.295019    4.288710    4.282278    4.275939    4.269731    4.263800    4.258167    4.252909
     4.248027    4.243544    4.239461    4.235756    4.232439    4.229465    4.226862    4.224573    4.222647    4.221022    4.219761    4.218786    4.218165    4.217803    4.217745    0.723000   -0.417424    4.324716    4.324241    4.322673    4.320093    4.316478    4.312052    4.306867    4.301180    4.295058    4.288750    4.282313    4.275960    4.269722    4.263760    4.258071
     4.252765    4.247813    4.243283    4.239133    4.235399    4.232037    4.229064    4.226443    4.224184    4.222266    4.220689    4.219442    4.218506    4.217870    4.217488    4.217367    0.964000   -0.417424    4.324161    4.323711    4.322172    4.319647    4.316134    4.311836    4.306810    4.301265    4.295298    4.289100    4.282781    4.276484    4.270312    4.264351
     4.258686    4.253345    4.248396    4.243821    4.239677    4.235912    4.232578    4.229602    4.227034    4.224799    4.222949    4.221414    4.220244    4.219363    4.218805    4.218469    4.218348    1.205000   -0.417424    4.323079    4.322613    4.321047    4.318524    4.314983    4.310694    4.305645    4.300142    4.294181    4.288063    4.281778    4.275590    4.269475
     4.263637    4.258047    4.252836    4.247981    4.243542    4.239511    4.235885    4.232675    4.229829    4.227378    4.225243    4.223472    4.221976    4.220821    4.219913    4.219318    4.218931    4.218806    1.446000   -0.417424    4.322061    4.321667    4.320206    4.317891    4.314633    4.310677    4.305988    4.300813    4.295177    4.289301    4.283241    4.277169
     4.271153    4.265302    4.259688    4.254354    4.249375    4.244739    4.240520    4.236662    4.233241    4.230167    4.227519    4.225189    4.223267    4.221638    4.220406    4.219458    4.218899    4.218592    4.218571   -1.325500   -0.626136    4.327152    4.326694    4.325043    4.322435    4.318746    4.314279    4.308997    4.303211    4.296945    4.290477    4.283865
     4.277314    4.270895    4.264721    4.258861    4.253335    4.248218    4.243449    4.239117    4.235110    4.231537    4.228256    4.225393    4.222796    4.220603    4.218666    4.217127    4.215855    4.214987    4.214416    4.214263   -1.084500   -0.626136    4.331184    4.330684    4.329025    4.326264    4.322417    4.317680    4.312142    4.306011    4.299431    4.292582
     4.285631    4.278699    4.271947    4.265418    4.259254    4.253416    4.248031    4.242997    4.238438    4.234212    4.230450    4.226992    4.223973    4.221233    4.218908    4.216852    4.215199    4.213828    4.212859    4.212202    4.211955   -0.843500   -0.626136    4.329120    4.328592    4.326826    4.324000    4.320043    4.315251    4.309637    4.303514    4.296934
     4.290179    4.283307    4.276540    4.269922    4.263599    4.257592    4.251975    4.246747    4.241933    4.237521    4.233506    4.229882    4.226626    4.223742    4.221197    4.219016    4.217161    4.215677    4.214522    4.213751    4.213293    4.213144   -0.602500   -0.626136    4.329953    4.329439    4.327739    4.324906    4.320981    4.316149    4.310529    4.304326
     4.297710    4.290868    4.283966    4.277143    4.270530    4.264202    4.258242    4.252670    4.247523    4.242782    4.238463    4.234524    4.230980    4.227779    4.224949    4.222431    4.220276    4.218422    4.216942    4.215763    4.214973    4.214480    4.214340   -0.361500   -0.626136    4.327138    4.326607    4.324843    4.322027    4.318095    4.313346    4.307802
     4.301776    4.295336    4.288758    4.282118    4.275623    4.269332    4.263367    4.257763    4.252562    4.247779    4.243390    4.239409    4.235772    4.232506    4.229525    4.226881    4.224486    4.222420    4.220604    4.219135    4.217943    4.217125    4.216608    4.216466   -0.120500   -0.626136    4.326881    4.326407    4.324665    4.321899    4.318035    4.313349
     4.307870    4.301896    4.295508    4.288970    4.282375    4.275918    4.269674    4.263755    4.258211    4.253068    4.248363    4.244049    4.240169    4.236623    4.233477    4.230598    4.228086    4.225788    4.223850    4.222112    4.220756    4.219620    4.218904    4.218449    4.218418    0.120500   -0.626136    4.325743    4.325243    4.323520    4.320789    4.316961
     4.312347    4.306957    4.301113    4.294861    4.288481    4.282037    4.275735    4.269638    4.263855    4.258444    4.253411    4.248816    4.244582    4.240783    4.237281    4.234179    4.231301    4.228787    4.226453    4.224473    4.222675    4.221254    4.220051    4.219243    4.218682    4.218522    0.361500   -0.626136    4.325046    4.324561    4.322847    4.320140
     4.316347    4.311789    4.306441    4.300645    4.294405    4.288044    4.281569    4.275250    4.269075    4.263239    4.257708    4.252596    4.247860    4.243543    4.239616    4.236061    4.232879    4.230005    4.227484    4.225222    4.223311    4.221645    4.220359    4.219328    4.218704    4.218337    4.218313    0.602500   -0.626136    4.324443    4.323998    4.322450
     4.319924    4.316413    4.312118    4.307098    4.301568    4.295633    4.289480    4.283229    4.277017    4.270954    4.265112    4.259580    4.254367    4.249545    4.245072    4.241017    4.237296    4.233984    4.230972    4.228351    4.225997    4.224025    4.222307    4.220972    4.219885    4.219180    4.218724    4.218646    0.843500   -0.626136    4.321641    4.321202
     4.319718    4.317347    4.314044    4.310031    4.305335    4.300165    4.294604    4.288819    4.282934    4.277046    4.271298    4.265705    4.260415    4.255360    4.250692    4.246284    4.242292    4.238557    4.235231    4.232154    4.229465    4.227028    4.224964    4.223172    4.221746    4.220614    4.219833    4.219340    4.219170    1.084500   -0.626136    4.320819
     4.320399    4.318869    4.316465    4.313085    4.308998    4.304182    4.298918    4.293233    4.287375    4.281394    4.275472    4.269665    4.264075    4.258758    4.253739    4.249078    4.244739    4.240791    4.237158    4.233911    4.230963    4.228384    4.226093    4.224162    4.222527    4.221251    4.220280    4.219656    4.219308    4.219236    1.325500   -0.626136
     4.322216    4.321752    4.320271    4.317822    4.314402    4.310202    4.305285    4.299860    4.294016    4.287954    4.281765    4.275610    4.269567    4.263742    4.258196    4.252978    4.248133    4.243664    4.239607    4.235929    4.232663    4.229756    4.227237    4.225052    4.223226    4.221714    4.220537    4.219651    4.219062    4.218707    4.218567   -1.205000
    -0.834848    4.327891    4.327402    4.325720    4.323022    4.319219    4.314599    4.309162    4.303216    4.296809    4.290215    4.283496    4.276865    4.270378    4.264165    4.258268    4.252733    4.247592    4.242825    4.238466    4.234452    4.230834    4.227523    4.224588    4.221935    4.219648    4.217638    4.216000    4.214657    4.213703    4.213079    4.212868
    -0.964000   -0.834848    4.326705    4.326213    4.324514    4.321809    4.318001    4.313393    4.307970    4.302061    4.295692    4.289165    4.282518    4.275992    4.269609    4.263534    4.257769    4.252392    4.247392    4.242784    4.238555    4.234681    4.231165    4.227965    4.225107    4.222547    4.220335    4.218429    4.216898    4.215698    4.214900    4.214434
     4.214328   -0.723000   -0.834848    4.326457    4.325972    4.324238    4.321534    4.317749    4.313190    4.307836    4.301997    4.295716    4.289261    4.282701    4.276236    4.269932    4.263907    4.258211    4.252887    4.247963    4.243428    4.239306    4.235543    4.232179    4.229129    4.226462    4.224065    4.222050    4.220284    4.218919    4.217803    4.217119
     4.216709    4.216696   -0.482000   -0.834848    4.327859    4.327378    4.325624    4.322837    4.318948    4.314230    4.308709    4.302684    4.296237    4.289635    4.282967    4.276431    4.270097    4.264075    4.258412    4.253133    4.248270    4.243779    4.239697    4.235937    4.232555    4.229443    4.226686    4.224174    4.222020    4.220122    4.218614    4.217398
     4.216621    4.216172    4.216139   -0.241000   -0.834848    4.327236    4.326715    4.325035    4.322264    4.318393    4.313677    4.308180    4.302188    4.295787    4.289238    4.282619    4.276131    4.269827    4.263829    4.258162    4.252874    4.247970    4.243440    4.239291    4.235478    4.232019    4.228856    4.226025    4.223471    4.221247    4.219309    4.217718
     4.216440    4.215523    4.214926    4.214680    0.000000   -0.834848    4.325359    4.324897    4.323196    4.320535    4.316786    4.312273    4.306964    4.301195    4.294982    4.288629    4.282167    4.275836    4.269657    4.263788    4.258229    4.253054    4.248253    4.243833    4.239789    4.236085    4.232734    4.229674    4.226949    4.224488    4.222370    4.220525
     4.219056    4.217878    4.217093    4.216605    4.216515    0.241000   -0.834848    4.326555    4.326082    4.324572    4.321997    4.318440    4.314030    4.308926    4.303254    4.297216    4.290908    4.284552    4.278188    4.272026    4.266043    4.260415    4.255062    4.250128    4.245495    4.241284    4.237361    4.233832    4.230570    4.227667    4.225026    4.222730
     4.220723    4.219078    4.217762    4.216812    4.216188    4.215925    0.482000   -0.834848    4.322800    4.322296    4.320641    4.318018    4.314367    4.309991    4.304873    4.299334    4.293369    4.287281    4.281071    4.274997    4.269044    4.263402    4.258032    4.253049    4.248403    4.244148    4.240237    4.236685    4.233458    4.230544    4.227935    4.225614
     4.223605    4.221901    4.220557    4.219552    4.218950    4.218661    4.218634    0.723000   -0.834848    4.323167    4.322743    4.321268    4.318858    4.315543    4.311458    4.306718    4.301442    4.295815    4.289917    4.283973    4.277993    4.272211    4.266560    4.261260    4.256176    4.251516    4.247095    4.243112    4.239363    4.236030    4.232914    4.230181
     4.227660    4.225503    4.223581    4.222032    4.220764    4.219892    4.219345    4.219200    0.964000   -0.834848    4.321810    4.321348    4.319712    4.317152    4.313537    4.309206    4.304100    4.298605    4.292664    4.286655    4.280507    4.274544    4.268680    4.263153    4.257872    4.252988    4.248420    4.244242    4.240398    4.236906    4.233738    4.230875
     4.228321    4.226039    4.224062    4.222351    4.220963    4.219863    4.219119    4.218692    4.218621    1.205000   -0.834848    4.322726    4.322279    4.320801    4.318362    4.314958    4.310783    4.305889    4.300488    4.294671    4.288632    4.282471    4.276338    4.270324    4.264518    4.258998    4.253790    4.248961    4.244484    4.240422    4.236711    4.233413
     4.230439    4.227860    4.225571    4.223654    4.222002    4.220706    4.219661    4.218965    4.218522    4.218407   -1.084500   -1.043561    4.326436    4.325967    4.324337    4.321714    4.318052    4.313597    4.308371    4.302625    4.296441    4.290038    4.283520    4.277049    4.270722    4.264628    4.258843    4.253389    4.248317    4.243603    4.239284    4.235308
     4.231719    4.228444    4.225551    4.222951    4.220740    4.218817    4.217302    4.216076    4.215283    4.214797    4.214722   -0.843500   -1.043561    4.324980    4.324517    4.322941    4.320422    4.316896    4.312613    4.307589    4.302057    4.296097    4.289902    4.283586    4.277276    4.271095    4.265100    4.259396    4.253981    4.248940    4.244229    4.239916
     4.235934    4.232349    4.229082    4.226201    4.223624    4.221431    4.219540    4.218042    4.216854    4.216069    4.215582    4.215434   -0.602500   -1.043561    4.325824    4.325348    4.323739    4.321137    4.317518    4.313111    4.307956    4.302285    4.296198    4.289895    4.283496    4.277139    4.270938    4.264954    4.259281    4.253915    4.248931    4.244278
     4.240024    4.236094    4.232556    4.229324    4.226475    4.223919    4.221747    4.219865    4.218384    4.217206    4.216456    4.216015    4.215931   -0.361500   -1.043561    4.324214    4.323787    4.322202    4.319681    4.316140    4.311815    4.306730    4.301126    4.295104    4.288872    4.282553    4.276292    4.270195    4.264342    4.258801    4.253600    4.248770
     4.244305    4.240219    4.236481    4.233107    4.230048    4.227337    4.224904    4.222817    4.220985    4.219517    4.218308    4.217499    4.216981    4.216872   -0.120500   -1.043561    4.324443    4.323967    4.322396    4.319829    4.316258    4.311902    4.306832    4.301266    4.295327    4.289188    4.282989    4.276835    4.270856    4.265078    4.259609    4.254413
     4.249573    4.245021    4.240827    4.236912    4.233343    4.230048    4.227091    4.224417    4.222094    4.220081    4.218449    4.217158    4.216265    4.215709    4.215514    0.120500   -1.043561    4.324122    4.323658    4.322073    4.319498    4.315902    4.311528    4.306411    4.300815    4.294810    4.288637    4.282369    4.276195    4.270171    4.264413    4.258952
     4.253831    4.249064    4.244641    4.240579    4.236831    4.233431    4.230314    4.227536    4.225025    4.222865    4.220981    4.219479    4.218271    4.217463    4.216952    4.216814    0.361500   -1.043561    4.321677    4.321239    4.319687    4.317245    4.313834    4.309714    4.304887    4.299599    4.293913    4.288030    4.282050    4.276111    4.270317    4.264727
     4.259435    4.254428    4.249784    4.245444    4.241480    4.237806    4.234495    4.231453    4.228761    4.226329    4.224255    4.222455    4.221043    4.219927    4.219211    4.218780    4.218673    0.602500   -1.043561    4.322515    4.322055    4.320612    4.318194    4.314829    4.310691    4.305855    4.300513    4.294767    4.288795    4.282705    4.276639    4.270690
     4.264946    4.259476    4.254312    4.249500    4.245029    4.240934    4.237179    4.233786    4.230717    4.227984    4.225558    4.223447    4.221645    4.220158    4.219000    4.218165    4.217666    4.217475    0.843500   -1.043561    4.321276    4.320814    4.319329    4.316932    4.313579    4.309502    4.304709    4.299442    4.293743    4.287839    4.281789    4.275777
     4.269857    4.264153    4.258701    4.253564    4.248764    4.244318    4.240238    4.236514    4.233152    4.230126    4.227447    4.225082    4.223054    4.221335    4.219961    4.218907    4.218219    4.217842    4.217728    1.084500   -1.043561    4.321209    4.320786    4.319385    4.317073    4.313843    4.309866    4.305200    4.300025    4.294450    4.288637    4.282713
     4.276791    4.270995    4.265372    4.260031    4.254953    4.250239    4.245816    4.241785    4.238034    4.234668    4.231560    4.228820    4.226322    4.224180    4.222286    4.220755    4.219503    4.218642    4.218099    4.217935   -0.964000   -1.252273    4.325568    4.325100    4.323532    4.320979    4.317402    4.313036    4.307905    4.302264    4.296178    4.289885
     4.283451    4.277068    4.270787    4.264740    4.258950    4.253491    4.248366    4.243602    4.239197    4.235145    4.231453    4.228098    4.225106    4.222439    4.220148    4.218182    4.216611    4.215369    4.214538    4.214027    4.213883   -0.723000   -1.252273    4.323994    4.323541    4.321927    4.319371    4.315803    4.311492    4.306441    4.300925    4.295009
     4.288927    4.282766    4.276688    4.270779    4.265109    4.259761    4.254718    4.250066    4.245714    4.241766    4.238081    4.234791    4.231719    4.229036    4.226541    4.224443    4.222528    4.221038    4.219756    4.218950    4.218403    4.218326   -0.482000   -1.252273    4.323523    4.323048    4.321392    4.318777    4.315099    4.310673    4.305455    4.299806
     4.293705    4.287504    4.281165    4.274997    4.268929    4.263201    4.257712    4.252635    4.247854    4.243487    4.239422    4.235736    4.232346    4.229296    4.226544    4.224105    4.221984    4.220168    4.218713    4.217575    4.216857    4.216467    4.216449   -0.241000   -1.252273    4.323783    4.323293    4.321610    4.318957    4.315226    4.310752    4.305498
     4.299829    4.293734    4.287554    4.281274    4.275173    4.269209    4.263580    4.258223    4.253251    4.248596    4.244303    4.240326    4.236660    4.233294    4.230193    4.227393    4.224838    4.222611    4.220643    4.219058    4.217771    4.216937    4.216448    4.216404    0.000000   -1.252273    4.323597    4.323159    4.321747    4.319352    4.316012    4.311859
     4.307015    4.301616    4.295837    4.289794    4.283673    4.277545    4.271576    4.265781    4.260284    4.255056    4.250182    4.245609    4.241398    4.237488    4.233926    4.230658    4.227724    4.225081    4.222771    4.220767    4.219110    4.217785    4.216825    4.216212    4.215980    0.241000   -1.252273    4.320904    4.320469    4.318893    4.316427    4.312953
     4.308775    4.303851    4.298518    4.292759    4.286891    4.280902    4.275054    4.269327    4.263900    4.258741    4.253938    4.249466    4.245336    4.241544    4.238046    4.234870    4.231939    4.229314    4.226907    4.224813    4.222955    4.221443    4.220214    4.219378    4.218878    4.218793    0.482000   -1.252273    4.321973    4.321549    4.320075    4.317661
     4.314303    4.310181    4.305362    4.300043    4.294331    4.288410    4.282400    4.276438    4.270631    4.265048    4.259771    4.254796    4.250191    4.245893    4.241972    4.238328    4.235040    4.231996    4.229285    4.226807    4.224663    4.222772    4.221240    4.220001    4.219150    4.218628    4.218503    0.723000   -1.252273    4.320385    4.319959    4.318490
     4.316141    4.312833    4.308814    4.304072    4.298876    4.293249    4.287446    4.281505    4.275628    4.269852    4.264305    4.259009    4.254023    4.249360    4.245020    4.241024    4.237339    4.233991    4.230934    4.228207    4.225764    4.223657    4.221849    4.220400    4.219267    4.218514    4.218078    4.217974    0.964000   -1.252273    4.320402    4.320001
     4.318646    4.316411    4.313258    4.309372    4.304786    4.299701    4.294199    4.288458    4.282582    4.276699    4.270912    4.265285    4.259909    4.254784    4.249989    4.245481    4.241329    4.237469    4.233961    4.230739    4.227856    4.225262    4.222999    4.221044    4.219428    4.218150    4.217230    4.216673    4.216463   -0.602500   -1.460985    4.321798
     4.321341    4.319764    4.317259    4.313736    4.309482    4.304467    4.298993    4.293078    4.287010    4.280814    4.274728    4.268758    4.263078    4.257662    4.252626    4.247925    4.243622    4.239675    4.236102    4.232885    4.230002    4.227471    4.225232    4.223351    4.221727    4.220484    4.219490    4.218916    4.218579    4.218568   -0.361500   -1.460985
     4.322719    4.322246    4.320676    4.318139    4.314610    4.310334    4.305350    4.299910    4.294104    4.288145    4.282138    4.276223    4.270493    4.265000    4.259828    4.254940    4.250422    4.246171    4.242292    4.238634    4.235336    4.232222    4.229471    4.226893    4.224702    4.222702    4.221130    4.219793    4.218937    4.218352    4.218195   -0.120500
    -1.460985    4.322298    4.321882    4.320391    4.317986    4.314611    4.310499    4.305660    4.300349    4.294623    4.288716    4.282695    4.276744    4.270912    4.265314    4.259976    4.254949    4.250244    4.245863    4.241821    4.238082    4.234681    4.231553    4.228764    4.226223    4.224033    4.222083    4.220516    4.219209    4.218342    4.217789    4.217692
     0.120500   -1.460985    4.321051    4.320607    4.319144    4.316740    4.313389    4.309296    4.304518    4.299259    4.293623    4.287788    4.281874    4.276007    4.270295    4.264794    4.259591    4.254676    4.250117    4.245859    4.241968    4.238360    4.235109    4.232117    4.229472    4.227070    4.225019    4.223209    4.221766    4.220574    4.219769    4.219236
     4.219079    0.361500   -1.460985    4.319351    4.318914    4.317422    4.315040    4.311680    4.307616    4.302828    4.297612    4.291976    4.286198    4.280292    4.274489    4.268788    4.263354    4.258164    4.253319    4.248781    4.244599    4.240736    4.237205    4.233983    4.231066    4.228449    4.226127    4.224117    4.222410    4.221043    4.219999    4.219317
     4.218943    4.218872    0.602500   -1.460985    4.319321    4.318901    4.317456    4.315140    4.311885    4.307950    4.303322    4.298266    4.292811    4.287192    4.281462    4.275792    4.270245    4.264910    4.259852    4.255074    4.250652    4.246511    4.242749    4.239236    4.236094    4.233162    4.230588    4.228202    4.226175    4.224344    4.222893    4.221672
     4.220864    4.220330    4.220197
