       0.00      0.00  33802.89  33925.09  34079.93  34233.09  34403.38  34589.10  34790.16  35006.18  35237.14  35482.36  35741.61  36013.93  36298.82  36595.08  36901.38  37222.64  37502.53  37782.52  38065.14  38346.72  38626.20  38901.35  39170.98  39432.76  39685.60  39927.24  40156.89  40372.30  40574.14  40746.71
       0.00      0.00  33790.92  33913.36  34068.75  34222.75  34394.04  34580.89  34783.21  35000.55  35232.92  35479.62  35740.40  36014.24  36300.70  36598.47  36906.23  37228.85  37509.69  37790.62  38073.92  38355.97  38635.75  38911.00  39180.54  39442.05  39694.47  39935.58  40164.64  40379.53  40581.02  40753.67
       0.00      0.00  33790.38  33912.83  34068.05  34221.86  34393.00  34579.68  34781.80  34998.94  35231.09  35477.59  35738.20  36011.96  36298.40  36596.27  36904.22  37227.10  37508.42  37789.79  38073.64  38356.32  38636.78  38912.79  39183.17  39445.54  39698.85  39940.83  40170.71  40386.34  40588.50  40761.77
       0.00      0.00  33786.35  33908.90  34064.32  34218.10  34388.98  34575.25  34776.90  34993.51  35225.14  35471.13  35731.31  36004.70  36290.92  36588.69  36896.74  37219.86  37501.81  37783.80  38068.43  38351.98  38633.39  38910.30  39181.51  39444.58  39698.47  39940.85  40171.05  40386.87  40589.03  40761.95
       0.00      0.00  33773.20  33895.60  34050.95  34204.81  34375.95  34562.67  34764.89  34982.19  35214.59  35461.42  35722.47  35996.76  36283.88  36582.57  36891.54  37215.59  37498.76  37781.78  38067.53  38352.25  38634.89  38913.08  39185.62  39450.07  39705.40  39949.22  40180.77  40397.78  40600.84  40774.26
       0.00      0.00  33776.43  33898.93  34054.38  34208.25  34379.28  34565.78  34767.72  34984.67  35216.74  35463.19  35723.91  35997.88  36284.71  36583.13  36891.90  37215.80  37498.82  37781.93  38067.86  38352.79  38635.68  38914.08  39186.82  39451.41  39706.81  39950.61  40182.07  40398.93  40601.80  40775.05
       0.00      0.00  33802.39  33924.64  34079.64  34233.13  34403.91  34590.27  34792.11  35008.97  35240.82  35486.95  35747.10  36020.23  36305.84  36602.67  36909.40  37230.93  37510.61  37790.44  38072.61  38353.53  38632.16  38906.26  39174.69  39435.12  39686.61  39926.87  40155.24  40369.57  40570.57  40742.71
       0.00      0.00  33791.07  33916.26  34074.60  34233.07  34410.54  34604.94  34816.30  35044.19  35288.58  35548.74  35824.29  36114.05  36417.19  36731.80  37060.48  37373.78  37662.88  37961.49  38261.72  38560.84  38857.25  39148.36  39432.73  39707.80  39972.40  40224.06  40461.95  40683.84  40890.19  41066.43
       0.00      0.00  33806.27  33932.14  34091.13  34249.78  34426.99  34620.72  34831.02  35057.50  35300.24  35558.53  35832.14  36119.91  36421.25  36734.30  37061.82  37373.62  37662.00  37959.71  38259.25  38557.94  38854.20  39145.38  39430.04  39705.54  39970.67  40222.98  40461.60  40684.40  40891.71  41069.07
       0.00      0.00  33786.30  33911.46  34069.78  34228.12  34405.35  34599.46  34810.44  35037.94  35281.94  35541.72  35817.01  36106.68  36410.06  36725.32  37055.21  37369.23  37659.90  37959.76  38261.33  38561.97  38860.07  39153.01  39439.33  39716.42  39983.11  40236.99  40477.25  40701.82  40910.92  41089.67
       0.00      0.00  33765.39  33890.87  34049.69  34208.75  34386.84  34581.87  34793.84  35022.34  35267.42  35528.33  35804.84  36095.79  36400.57  36717.31  37048.74  37364.65  37657.00  37958.61  38262.02  38564.60  38864.77  39159.91  39448.56  39728.10  39997.27  40253.68  40496.38  40723.24  40934.34  41114.73
       0.00      0.00  33757.49  33882.71  34041.21  34199.99  34377.85  34572.70  34784.61  35013.21  35258.54  35519.88  35796.94  36088.60  36394.16  36711.79  37044.15  37361.19  37654.52  37957.08  38261.39  38564.78  38865.63  39161.31  39450.35  39730.14  39999.43  40255.81  40498.40  40725.08  40936.01  41116.27
       0.00      0.00  33776.94  33902.73  34061.82  34220.94  34398.99  34593.91  34805.73  35034.01  35278.84  35539.48  35815.70  36106.37  36410.88  36727.38  37058.66  37374.24  37666.82  37968.92  38273.02  38576.33  38877.21  39172.90  39461.82  39741.25  40009.86  40265.08  40506.05  40730.52  40938.78  41116.40
       0.00      0.00  33763.39  33888.73  34047.44  34206.67  34385.21  34580.96  34793.81  35023.35  35269.50  35531.57  35809.20  36101.24  36406.94  36724.36  37056.20  37372.81  37665.69  37968.36  38272.95  38576.63  38877.73  39173.49  39462.40  39741.72  40010.17  40265.19  40505.87  40729.89  40937.71  41114.58
       0.00      0.00  33775.16  33897.22  34052.00  34205.23  34375.71  34561.74  34763.30  34979.99  35211.85  35458.25  35718.97  35993.08  36280.12  36578.88  36888.05  37212.45  37495.99  37779.69  38066.22  38351.73  38635.13  38914.01  39187.14  39452.06  39707.71  39951.75  40183.43  40400.55  40603.78  40777.39
       0.00      0.00  33797.92  33920.35  34075.67  34229.39  34400.31  34586.72  34788.57  35005.42  35237.29  35483.46  35743.73  36017.07  36303.02  36600.30  36907.60  37229.79  37510.03  37790.61  38073.60  38355.39  38634.95  38910.01  39179.45  39440.90  39693.36  39934.56  40163.71  40378.69  40580.18  40752.74
       0.00      0.00  33806.71  33932.68  34091.79  34250.50  34427.69  34621.31  34831.45  35057.69  35300.16  35558.08  35831.26  36118.52  36419.27  36731.66  37058.49  37369.75  37657.46  37954.57  38253.60  38551.89  38847.92  39139.11  39423.97  39699.99  39965.84  40219.09  40458.69  40682.41  40890.30  41067.90
       0.00      0.00  33784.33  33912.34  34073.92  34236.95  34420.29  34621.60  34840.95  35077.96  35332.62  35604.17  35892.22  36195.55  36513.24  36843.16  37190.26  37489.74  37798.36  38112.72  38429.10  38744.51  39057.10  39363.95  39663.42  39952.66  40230.29  40493.72  40741.86  40971.63  41186.31  41339.14
       0.00      0.00  33775.56  33904.13  34066.46  34230.08  34413.94  34615.77  34835.70  35073.37  35328.85  35601.41  35890.74  36195.66  36515.42  36848.19  37197.35  37500.05  37812.01  38129.26  38448.55  38766.92  39082.55  39392.46  39694.98  39987.20  40267.73  40533.96  40784.83  41016.91  41234.55  41378.69
       0.00      0.00  33774.50  33902.97  34065.09  34228.36  34411.76  34613.07  34832.43  35069.51  35324.37  35596.28  35884.98  36189.32  36508.59  36840.95  37189.99  37492.52  37804.26  38121.26  38440.34  38758.57  39074.18  39384.20  39686.97  39979.63  40260.83  40528.07  40780.26  41013.97  41233.31  41378.29
       0.00      0.00  33772.05  33900.93  34063.64  34227.63  34411.80  34613.86  34833.86  35071.45  35326.67  35598.82  35887.65  36192.02  36511.32  36843.68  37192.69  37495.31  37807.25  38124.56  38444.07  38762.86  39079.13  39389.84  39693.36  39986.69  40268.52  40536.23  40788.79  41022.72  41242.21  41386.86
       0.00      0.00  33767.20  33895.88  34058.35  34222.30  34406.61  34608.99  34829.50  35067.78  35323.85  35597.05  35887.08  36192.81  36513.54  36847.48  37197.94  37502.27  37816.21  38135.71  38457.46  38778.46  39096.75  39409.24  39714.13  40008.37  40290.50  40557.84  40809.39  41041.63  41259.24  41401.51
       0.00      0.00  33767.94  33896.00  34057.61  34220.19  34402.78  34603.15  34821.51  35057.50  35311.25  35581.98  35869.49  36172.49  36490.25  36820.52  37168.84  37469.71  37780.03  38096.41  38415.21  38733.30  39048.85  39358.87  39661.67  39954.36  40235.49  40502.36  40753.82  40986.71  41203.65  41360.30
       0.00      0.00  33775.66  33901.52  34060.64  34219.56  34397.16  34591.43  34802.48  35029.92  35273.91  35533.71  35809.17  36099.14  36403.03  36719.01  37049.86  37365.54  37657.96  37960.05  38264.29  38567.88  38869.22  39165.52  39455.25  39735.67  40005.43  40261.96  40504.24  40729.98  40939.34  41117.80
       0.00      0.00  33783.18  33905.80  34061.34  34215.22  34386.18  34572.48  34774.14  34990.72  35222.36  35468.34  35728.57  36002.06  36288.42  36586.43  36894.81  37218.40  37500.90  37783.63  38069.16  38353.71  38636.25  38914.35  39186.83  39451.16  39706.33  39949.91  40181.13  40397.71  40600.33  40773.45
       0.00      0.00  33788.95  33911.60  34067.15  34221.16  34392.36  34578.99  34781.03  34998.05  35230.11  35476.52  35737.09  36010.81  36297.23  36595.09  36903.05  37225.94  37507.32  37788.69  38072.56  38355.25  38635.75  38911.82  39182.30  39444.85  39698.42  39940.75  40171.00  40386.99  40589.36  40762.67
       0.00      0.00  33785.09  33910.83  34069.91  34229.04  34407.05  34601.85  34813.44  35041.35  35285.65  35545.55  35820.78  36110.20  36413.18  36727.84  37056.99  37370.33  37660.03  37958.80  38259.26  38558.75  38855.74  39147.64  39433.03  39709.37  39975.47  40228.94  40468.96  40693.38  40902.32  41081.00
       0.00      0.00  33777.21  33905.57  34067.57  34231.13  34415.13  34617.23  34837.53  35075.67  35331.64  35604.74  35894.56  36199.92  36520.03  36853.06  37202.20  37504.80  37816.56  38133.47  38452.22  38769.95  39084.77  39393.77  39695.29  39986.47  40265.98  40531.31  40781.45  41013.07  41230.73  41374.46
       0.00      0.00  33775.66  33907.33  34073.17  34241.45  34431.26  34640.05  34868.05  35114.92  35380.74  35664.73  35966.55  36284.79  36618.37  36969.25  37309.28  37622.78  37951.07  38283.96  38619.17  38953.49  39284.80  39609.86  39926.69  40232.03  40524.11  40799.10  41057.29  41272.20  41439.27  41570.06
       0.00      0.00  33759.30  33891.38  34057.87  34227.08  34418.00  34628.04  34857.42  35105.77  35373.16  35658.80  35962.39  36282.59  36618.46  36972.20  37313.96  37630.61  37961.29  38296.27  38633.51  38969.81  39303.12  39630.13  39948.91  40256.19  40550.42  40827.73  41089.64  41300.78  41472.44  41604.20
       0.00      0.00  33749.41  33881.03  34046.86  34215.59  34406.15  34615.97  34845.21  35093.55  35361.08  35647.07  35951.21  36272.29  36609.32  36964.56  37308.08  37626.65  37959.28  38296.28  38635.56  38973.93  39309.26  39638.26  39958.92  40267.98  40563.91  40842.76  41106.19  41317.16  41489.86  41621.98
       0.00      0.00  33753.20  33884.32  34049.37  34216.64  34405.34  34613.04  34840.15  35086.39  35351.94  35636.07  35938.55  36258.08  36593.73  36947.61  37290.47  37608.15  37940.25  38276.98  38616.25  38954.83  39290.65  39620.38  39942.05  40252.39  40549.82  40830.36  41095.49  41308.86  41483.03  41615.94
       0.00      0.00  33754.57  33885.80  34051.18  34219.28  34409.17  34618.31  34846.89  35094.57  35361.39  35646.59  35949.80  36269.68  36605.07  36957.96  37300.32  37616.17  37946.94  38282.39  38620.20  38957.09  39290.94  39618.40  39937.50  40244.92  40538.96  40815.88  41075.82  41294.43  41463.34  41596.25
       0.00      0.00  33756.73  33885.39  34047.96  34212.08  34396.60  34599.19  34819.93  35058.45  35314.80  35588.25  35878.50  36184.38  36505.20  36839.10  37189.67  37493.89  37807.54  38126.63  38447.93  38768.39  39086.17  39398.22  39702.85  39997.06  40279.48  40547.54  40800.18  41033.94  41253.17  41398.40
       0.00      0.00  33770.08  33895.72  34054.65  34213.71  34391.76  34586.71  34798.58  35026.95  35271.83  35532.54  35808.80  36099.52  36404.06  36720.61  37051.92  37367.59  37659.98  37961.65  38265.18  38567.82  38868.00  39163.04  39451.47  39730.68  39999.47  40255.35  40497.48  40723.65  40933.98  41113.56
       0.00      0.00  33772.58  33894.95  34050.22  34203.96  34374.88  34561.28  34763.16  34980.08  35212.14  35458.63  35719.42  35993.51  36280.52  36579.20  36888.27  37212.53  37495.99  37779.40  38065.65  38350.95  38634.25  38913.21  39186.63  39452.03  39708.35  39953.18  40185.65  40403.48  40607.21  40781.17
       0.00      0.00  33788.98  33911.26  34066.42  34220.03  34390.86  34577.23  34779.03  34995.88  35227.75  35473.96  35734.26  36007.66  36293.70  36591.11  36898.56  37220.88  37501.75  37782.49  38065.68  38347.66  38627.43  38902.73  39172.46  39434.27  39687.21  39929.00  40158.87  40374.60  40576.79  40749.76
       0.00      0.00  33769.41  33894.82  34053.58  34212.72  34390.98  34586.29  34798.65  35027.61  35273.22  35534.72  35811.80  36103.32  36408.60  36725.78  37057.59  37373.34  37665.75  37967.24  38270.38  38572.50  38872.03  39166.36  39454.02  39732.43  40000.37  40255.43  40496.71  40722.12  40931.91  41111.40
       0.00      0.00  33763.01  33891.65  34054.21  34218.10  34402.20  34604.21  34824.26  35061.95  35317.35  35589.65  35878.60  36182.94  36502.06  36834.00  37182.70  37484.60  37795.48  38111.48  38429.54  38746.80  39061.53  39370.91  39673.32  39966.03  40247.73  40515.97  40769.62  41005.18  41226.53  41373.50
       0.00      0.00  33767.46  33899.49  34065.94  34235.33  34426.57  34637.05  34866.88  35115.73  35383.58  35669.70  35973.69  36294.29  36630.44  36984.43  37325.80  37642.36  37972.77  38307.32  38643.94  38979.45  39311.79  39637.65  39955.14  40261.01  40553.72  40829.31  41089.64  41296.70  41467.08  41597.30
       0.00      0.00  33749.50  33883.15  34051.20  34223.03  34417.79  34632.71  34868.09  35123.62  35399.40  35694.69  36009.13  36341.37  36690.07  37061.23  37392.98  37727.15  38072.59  38422.79  38775.32  39126.80  39474.79  39815.70  40147.18  40465.61  40767.92  41055.04  41279.05  41468.39  41638.37  41768.44
       0.00      0.00  33745.44  33879.86  34049.08  34222.15  34418.15  34634.30  34870.94  35127.75  35404.82  35701.43  36017.26  36351.04  36701.50  37074.87  37407.35  37743.57  38090.38  38441.67  38795.24  39147.57  39496.36  39837.98  40170.17  40489.50  40792.94  41082.54  41301.67  41494.11  41663.22  41793.61
       0.00      0.00  33744.86  33879.18  34048.13  34220.66  34415.91  34631.17  34866.80  35122.48  35398.37  35693.74  36008.33  36340.85  36690.17  37062.37  37394.45  37729.92  38076.25  38427.32  38780.94  39133.67  39483.18  39825.83  40159.33  40480.16  40785.21  41076.24  41297.95  41491.25  41661.41  41792.35
       0.00      0.00  33744.19  33878.59  34047.83  34221.11  34417.46  34634.03  34871.05  35128.17  35405.45  35702.13  36017.89  36351.37  36701.22  37073.54  37405.75  37740.98  38087.49  38438.74  38792.35  39144.82  39493.77  39835.55  40167.79  40486.80  40789.52  41076.87  41300.01  41489.06  41657.90  41786.67
       0.00      0.00  33757.65  33888.87  34054.03  34221.57  34410.62  34618.71  34846.12  35092.57  35358.21  35642.34  35944.69  36264.05  36599.51  36953.28  37295.88  37613.61  37945.90  38282.99  38622.76  38962.01  39298.54  39629.03  39951.40  40262.33  40560.11  40840.66  41105.59  41316.63  41490.15  41622.03
       0.00      0.00  33757.49  33886.05  34048.35  34212.00  34395.88  34597.66  34817.45  35054.86  35309.97  35582.06  35870.87  36175.26  36494.61  36827.03  37176.57  37479.58  37791.84  38109.53  38429.50  38748.81  39065.71  39377.21  39681.68  39976.23  40259.52  40529.04  40783.70  41020.04  41241.91  41390.88
       0.00      0.00  33771.87  33897.11  34055.57  34213.92  34391.12  34585.17  34796.16  35023.69  35267.82  35527.88  35803.61  36093.94  36398.23  36714.69  37046.07  37362.06  37654.84  37957.09  38261.33  38564.86  38866.03  39162.12  39451.62  39731.84  40001.50  40258.10  40500.76  40727.23  40937.64  41117.08
       0.00      0.00  33787.52  33909.99  34065.27  34218.96  34389.90  34576.32  34778.14  34994.95  35226.78  35472.97  35733.32  36006.85  36293.16  36591.01  36899.08  37222.24  37503.91  37785.87  38070.46  38354.01  38635.46  38912.49  39183.94  39447.37  39701.76  39944.76  40175.61  40392.08  40594.83  40768.30
       0.00      0.00  33779.45  33901.84  34057.21  34211.29  34382.78  34569.91  34772.60  34990.40  35223.32  35470.64  35732.11  36006.71  36293.97  36592.60  36901.28  37224.81  37506.88  37788.76  38073.08  38356.11  38636.81  38912.92  39183.26  39445.48  39698.58  39940.29  40169.89  40385.29  40587.25  40760.34
       0.00      0.00  33776.68  33902.42  34061.57  34220.69  34398.68  34593.48  34805.15  35033.29  35277.96  35538.40  35814.37  36104.71  36408.78  36724.75  37055.34  37370.24  37661.61  37962.21  38264.57  38566.02  38865.00  39158.85  39446.13  39724.20  39991.84  40246.57  40487.47  40712.35  40921.32  41099.71
       0.00      0.00  33777.42  33906.73  34070.09  34234.56  34419.08  34621.41  34841.64  35079.43  35334.83  35607.11  35896.00  36200.31  36519.42  36851.42  37199.79  37501.53  37812.37  38128.26  38446.09  38762.89  39076.91  39385.19  39686.13  39976.85  40256.14  40521.50  40771.99  41004.11  41222.00  41366.11
       0.00      0.00  33762.29  33893.81  34059.39  34227.34  34416.73  34625.04  34852.52  35098.83  35364.13  35647.71  35949.29  36267.69  36602.01  36954.45  37295.67  37611.68  37941.97  38276.85  38614.26  38951.04  39285.10  39613.15  39933.16  40241.93  40537.86  40817.09  41081.13  41293.42  41466.92  41599.54
       0.00      0.00  33746.94  33880.91  34049.42  34221.51  34416.32  34631.15  34866.40  35121.79  35397.48  35692.75  36007.32  36339.91  36689.28  37061.58  37393.71  37729.11  38075.19  38425.82  38778.77  39130.55  39478.84  39820.03  40151.88  40471.01  40774.39  41063.98  41284.54  41477.26  41647.09  41777.72
       0.00      0.00  33742.50  33879.10  34050.88  34227.53  34428.17  34649.78  34892.68  35156.54  35441.44  35746.59  36071.64  36415.13  36777.01  37154.73  37487.31  37835.66  38193.05  38555.02  38919.13  39281.66  39640.09  39990.43  40330.15  40654.61  40965.65  41219.41  41428.26  41613.11  41786.94  41920.60
       0.00      0.00  33738.84  33874.93  34045.88  34221.47  34420.88  34641.17  34882.78  35145.40  35429.18  35733.41  36057.78  36400.95  36762.94  37141.08  37474.62  37824.06  38182.55  38545.81  38911.42  39275.66  39635.96  39988.37  40330.34  40657.41  40971.84  41225.86  41439.08  41625.93  41801.99  41936.80
       0.00      0.00  33734.58  33869.96  34039.92  34214.50  34412.89  34632.21  34872.90  35134.74  35417.90  35721.71  36045.83  36388.90  36750.74  37129.55  37463.38  37813.33  38172.73  38537.12  38903.91  39269.39  39630.88  39984.34  40327.11  40654.53  40968.34  41224.84  41435.94  41622.71  41798.11  41932.56
       0.00      0.00  33751.81  33886.15  34055.11  34227.72  34423.07  34638.41  34874.09  35129.82  35405.71  35701.04  36015.54  36347.93  36697.03  37069.02  37400.38  37735.44  38081.23  38431.66  38784.55  39136.37  39484.88  39826.41  40158.75  40478.43  40782.49  41072.84  41293.33  41486.85  41657.23  41788.63
       0.00      0.00  33764.62  33896.09  34061.49  34229.24  34418.39  34626.42  34853.64  35099.77  35364.97  35648.55  35950.29  36268.97  36603.71  36956.73  37298.49  37615.29  37946.40  38282.11  38620.32  38957.80  39292.45  39620.93  39941.23  40250.15  40546.13  40825.33  41089.21  41301.81  41474.94  41607.59
       0.00      0.00  33765.44  33893.78  34055.87  34218.97  34402.14  34603.19  34822.37  35059.33  35314.21  35586.30  35875.35  36180.24  36500.31  36833.73  37184.13  37488.25  37801.78  38120.76  38441.95  38762.37  39080.17  39392.29  39697.02  39991.44  40274.15  40542.61  40795.71  41029.88  41249.34  41392.63
       0.00      0.00  33767.20  33892.90  34052.06  34211.65  34390.42  34586.27  34799.15  35028.64  35274.72  35536.61  35814.03  36105.80  36411.23  36728.45  37060.25  37375.88  37668.24  37969.62  38272.64  38574.61  38873.97  39168.09  39455.59  39733.85  40001.74  40256.80  40498.18  40723.71  40933.57  41112.99
       0.00      0.00  33784.47  33907.23  34062.94  34217.13  34388.52  34575.37  34777.59  34994.75  35226.90  35473.32  35733.89  36007.54  36293.97  36591.87  36900.00  37223.21  37505.13  37787.25  38072.08  38355.89  38637.61  38914.93  39186.60  39450.20  39704.64  39947.57  40178.22  40394.33  40596.62  40769.60
       0.00      0.00  33798.71  33921.42  34077.06  34231.06  34402.18  34588.68  34790.48  35007.15  35238.74  35484.49  35744.25  36017.00  36302.31  36598.91  36905.58  37227.13  37507.21  37787.42  38070.25  38351.95  38631.52  38906.61  39176.11  39437.60  39690.07  39931.21  40160.26  40374.98  40576.11  40748.20
       0.00      0.00  33781.47  33907.47  34066.98  34226.47  34404.83  34600.01  34812.09  35040.62  35285.65  35546.38  35822.58  36113.03  36417.09  36732.85  37063.13  37377.30  37668.24  37968.38  38270.26  38571.16  38869.54  39162.74  39449.33  39726.72  39993.72  40247.87  40488.21  40712.51  40920.84  41098.61
       0.00      0.00  33763.51  33891.67  34053.55  34216.81  34400.41  34602.07  34821.92  35059.56  35315.06  35587.64  35877.02  36181.98  36501.82  36834.67  37184.29  37487.37  37799.74  38117.53  38437.50  38756.74  39073.42  39384.56  39688.49  39982.32  40264.65  40532.88  40785.89  41020.11  41239.88  41383.88
       0.00      0.00  33745.22  33877.35  34044.08  34213.79  34405.34  34616.12  34846.34  35095.60  35364.01  35650.78  35955.60  36277.15  36614.43  36969.65  37312.90  37630.97  37963.01  38299.25  38637.64  38974.95  39309.15  39636.95  39956.43  40264.35  40559.20  40837.05  41099.59  41309.73  41481.87  41613.64
       0.00      0.00  33756.87  33891.29  34060.37  34233.07  34428.51  34643.94  34879.65  35135.36  35411.15  35706.32  36020.57  36352.67  36701.39  37072.94  37403.77  37738.30  38083.57  38433.50  38785.88  39137.25  39485.33  39826.47  40158.41  40477.67  40781.15  41070.80  41289.87  41482.08  41650.73  41780.70
       0.00      0.00  33739.98  33876.61  34048.40  34225.05  34425.63  34647.16  34889.91  35153.57  35438.21  35743.11  36067.95  36411.36  36773.42  37151.08  37484.13  37832.98  38190.78  38553.20  38917.90  39281.14  39640.40  39991.72  40332.63  40658.66  40972.11  41225.32  41437.88  41624.26  41800.00  41934.63
       0.00      0.00  33729.40  33866.73  34039.06  34216.58  34418.40  34641.47  34886.26  35152.53  35440.47  35749.37  36078.93  36427.69  36796.99  37173.87  37512.14  37868.65  38233.82  38603.81  38976.13  39346.88  39713.35  40071.37  40418.33  40748.90  41069.80  41292.54  41506.82  41698.21  41877.88  42015.50
       0.00      0.00  33740.69  33878.45  34051.51  34229.78  34432.47  34656.57  34902.45  35169.82  35458.78  35768.60  36098.95  36448.37  36818.36  37195.03  37533.48  37890.41  38256.04  38626.51  38999.34  39370.58  39737.51  40095.86  40442.92  40773.49  41092.22  41312.83  41525.75  41716.34  41894.65  42030.71
       0.00      0.00  33735.83  33872.15  34043.37  34219.65  34419.95  34641.24  34883.82  35147.39  35432.07  35737.18  36062.37  36406.34  36769.11  37147.84  37482.07  37832.26  38191.49  38555.51  38921.85  39286.78  39647.68  40000.54  40342.80  40669.95  40984.35  41237.57  41450.36  41636.58  41812.35  41947.44
       0.00      0.00  33751.37  33885.53  34054.23  34226.43  34421.31  34636.19  34871.43  35126.75  35402.31  35697.39  36011.73  36344.10  36693.29  37065.49  37397.33  37732.90  38079.34  38430.58  38784.36  39137.22  39486.81  39829.46  40162.93  40483.72  40788.70  41079.88  41300.16  41493.72  41663.35  41793.89
       0.00      0.00  33761.52  33893.48  34059.76  34228.95  34419.94  34630.07  34859.49  35107.80  35375.03  35660.48  35963.82  36283.79  36619.45  36973.11  37314.63  37631.45  37962.48  38298.03  38636.01  38973.16  39307.43  39635.44  39955.22  40263.45  40558.61  40836.68  41099.45  41309.03  41481.54  41613.20
       0.00      0.00  33777.70  33905.95  34067.65  34230.11  34412.42  34612.32  34830.03  35065.20  35317.95  35587.57  35873.86  36175.68  36492.43  36822.20  37169.32  37469.94  37780.09  38095.98  38414.42  38732.46  39048.29  39358.97  39662.77  39956.80  40239.62  40508.66  40762.73  40998.34  41219.32  41367.00
       0.00      0.00  33776.86  33902.18  34060.65  34219.22  34396.69  34590.95  34802.06  35029.62  35273.67  35533.51  35808.89  36098.68  36402.24  36717.81  37048.07  37363.20  37654.86  37956.13  38259.44  38562.08  38862.34  39157.56  39446.16  39725.46  39994.14  40249.67  40491.10  40716.25  40925.39  41103.93
       0.00      0.00  33781.40  33903.56  34058.51  34211.88  34382.46  34568.50  34770.00  34986.55  35218.23  35464.32  35724.69  35998.30  36284.76  36582.81  36891.17  37214.66  37497.23  37779.87  38065.29  38349.73  38632.12  38910.09  39182.46  39446.76  39701.91  39945.53  40176.84  40393.60  40596.48  40769.89
       0.00      0.00  33764.98  33890.26  34048.90  34207.86  34386.00  34581.22  34793.52  35022.43  35267.96  35529.33  35806.21  36097.38  36402.10  36718.42  37048.94  37364.56  37655.83  37956.77  38259.54  38561.35  38860.60  39154.66  39442.06  39720.20  39987.80  40242.40  40483.02  40707.39  40915.79  41093.27
       0.00      0.00  33770.29  33898.69  34060.94  34224.76  34409.04  34611.46  34832.02  35070.33  35326.34  35599.30  35888.84  36193.68  36512.95  36844.53  37193.08  37494.17  37804.49  38120.54  38438.62  38755.68  39069.88  39378.27  39679.18  39969.74  40248.58  40513.02  40762.03  40992.39  41207.41  41359.83
       0.00      0.00  33768.68  33900.41  34066.37  34234.62  34424.37  34633.11  34861.14  35108.09  35374.10  35658.37  35960.63  36279.48  36613.85  36965.71  37306.78  37621.58  37951.31  38285.76  38622.61  38958.53  39291.37  39617.79  39935.74  40241.89  40534.52  40809.79  41068.14  41283.20  41450.44  41581.29
       0.00      0.00  33745.38  33879.26  34047.79  34220.28  34415.75  34631.42  34867.52  35123.74  35400.17  35696.03  36010.97  36343.66  36692.74  37064.24  37396.11  37730.57  38076.32  38426.82  38779.71  39131.53  39479.92  39821.24  40153.17  40472.01  40774.68  41062.17  41284.87  41474.33  41643.44  41772.84
       0.00      0.00  33745.94  33881.81  34052.43  34227.23  34425.45  34644.20  34883.97  35144.48  35425.96  35727.68  36049.39  36389.69  36748.52  37124.29  37454.92  37801.49  38157.56  38518.69  38882.46  39245.16  39604.26  39955.76  40297.12  40623.69  40937.04  41195.23  41406.75  41594.71  41770.99  41906.00
       0.00      0.00  33731.58  33868.70  34040.77  34217.85  34419.21  34641.81  34886.12  35151.89  35439.34  35747.73  36076.84  36425.22  36794.31  37171.02  37509.39  37866.37  38232.31  38603.42  38977.14  39349.62  39718.07  40078.30  40427.45  40760.25  41082.29  41304.98  41520.14  41712.74  41893.07  42030.81
       0.00      0.00  33736.37  33874.31  34047.21  34225.53  34428.49  34652.99  34899.49  35167.79  35458.06  35769.65  36102.23  36454.32  36828.15  37203.66  37544.69  37905.83  38275.67  38650.59  39027.91  39403.65  39774.88  40137.22  40487.30  40823.09  41122.39  41350.05  41561.56  41755.98  41936.68  42074.71
       0.00      0.00  33730.49  33867.69  34039.95  34217.38  34419.15  34642.27  34887.21  35153.74  35442.03  35751.38  36081.48  36430.87  36800.97  37178.47  37517.61  37875.22  38241.61  38612.96  38986.70  39358.94  39726.91  40086.42  40434.71  40766.55  41087.57  41309.37  41523.73  41715.65  41895.43  42032.86
       0.00      0.00  33751.89  33887.49  34057.60  34231.83  34429.52  34647.82  34887.21  35147.46  35428.73  35730.32  36051.95  36392.24  36751.09  37126.74  37457.35  37804.01  38160.16  38521.33  38885.11  39247.78  39606.77  39958.14  40299.35  40625.88  40939.25  41198.31  41410.16  41598.81  41775.41  41910.53
       0.00      0.00  33743.38  33877.45  34046.18  34219.12  34415.21  34631.59  34868.47  35125.50  35402.73  35699.38  36015.08  36348.46  36698.17  37070.26  37402.35  37737.16  38083.11  38433.71  38786.54  39138.15  39486.18  39826.98  40158.27  40476.43  40778.45  41065.32  41288.16  41477.43  41646.96  41776.93
       0.00      0.00  33768.60  33899.52  34064.26  34231.27  34419.77  34627.25  34854.03  35099.80  35364.69  35647.96  35949.30  36267.40  36601.15  36952.54  37293.84  37608.57  37938.45  38273.24  38610.59  38947.19  39280.87  39608.27  39927.34  40234.73  40528.64  40805.23  41064.76  41280.93  41448.90  41580.26
       0.00      0.00  33772.49  33900.73  34062.59  34225.90  34409.52  34611.09  34830.67  35067.88  35322.73  35594.50  35882.86  36186.58  36504.83  36835.46  37183.58  37484.19  37794.13  38109.96  38427.99  38745.11  39059.46  39368.08  39669.26  39960.13  40239.29  40504.05  40753.37  40984.11  41199.54  41353.54
       0.00      0.00  33794.02  33919.73  34078.71  34237.31  34414.50  34608.28  34818.72  35045.41  35288.41  35547.00  35820.94  36109.09  36410.80  36724.16  37051.91  37364.78  37653.79  37952.74  38253.82  38554.18  38852.19  39145.13  39431.52  39708.62  39975.13  40228.49  40467.74  40690.48  40896.95  41072.44
       0.00      0.00  33798.80  33921.23  34076.46  34229.85  34400.21  34585.85  34786.78  35002.53  35233.22  35478.12  35737.10  36009.14  36293.86  36590.01  36896.36  37217.75  37498.08  37778.48  38061.65  38343.85  38624.05  38899.91  39170.27  39432.71  39686.19  39928.35  40158.42  40374.17  40576.21  40748.98
       0.00      0.00  33778.88  33904.15  34062.65  34221.39  34399.19  34594.00  34805.83  35034.28  35279.36  35540.33  35816.83  36107.77  36412.37  36728.83  37059.86  37374.78  37666.56  37967.58  38270.32  38572.08  38871.18  39164.99  39451.99  39729.52  39996.38  40250.07  40489.77  40713.34  40921.14  41098.74
       0.00      0.00  33782.29  33910.64  34072.62  34235.62  34418.69  34619.57  34838.36  35074.68  35328.60  35599.38  35886.75  36189.55  36507.14  36837.68  37184.81  37485.59  37795.83  38111.61  38429.75  38747.32  39062.55  39372.44  39675.36  39968.38  40250.12  40518.00  40770.85  41005.18  41225.12  41370.28
       0.00      0.00  33747.01  33878.66  34044.65  34213.65  34404.52  34614.62  34844.17  35092.79  35360.54  35646.67  35950.86  36271.80  36608.51  36963.25  37306.06  37623.91  37955.82  38292.09  38630.65  38968.27  39302.92  39631.32  39951.55  40260.44  40556.43  40835.66  41099.66  41312.35  41485.79  41618.73
       0.00      0.00  33756.38  33890.87  34060.00  34232.79  34428.35  34643.92  34879.82  35135.76  35411.89  35707.54  36022.41  36355.31  36705.01  37077.82  37409.67  37745.74  38092.64  38444.32  38798.49  39151.62  39501.32  39843.88  40176.96  40496.97  40800.75  41090.49  41306.74  41498.65  41665.96  41795.36
       0.00      0.00  33744.91  33881.20  34052.36  34228.24  34427.90  34648.43  34890.21  35152.98  35436.87  35741.24  36065.73  36409.06  36771.25  37149.34  37482.99  37832.67  38191.40  38554.93  38920.77  39285.19  39645.58  39997.92  40339.66  40666.26  40980.16  41232.02  41444.52  41629.96  41804.90  41938.88
       0.00      0.00  33731.87  33868.97  34041.02  34218.29  34419.86  34642.71  34887.28  35153.34  35441.06  35749.74  36079.05  36427.57  36796.67  37173.27  37511.40  37867.90  38233.17  38603.38  38975.99  39347.13  39714.09  40072.69  40420.28  40751.55  41073.43  41295.87  41510.87  41703.05  41883.20  42021.07
       0.00      0.00  33740.92  33878.05  34050.11  34227.34  34428.95  34651.96  34896.78  35163.21  35451.34  35760.55  36090.46  36439.70  36809.64  37186.77  37525.63  37883.06  38249.25  38620.33  38993.69  39365.38  39732.60  40091.08  40438.06  40768.30  41087.51  41307.42  41519.92  41709.80  41887.67  42023.68
       0.00      0.00  33733.57  33869.52  34040.28  34215.77  34415.02  34635.13  34876.47  35138.78  35422.23  35726.12  36050.14  36392.96  36754.63  37132.62  37466.03  37815.39  38173.92  38537.35  38903.27  39267.95  39628.83  39981.95  40324.77  40652.86  40968.42  41224.12  41438.64  41626.90  41804.26  41940.12
       0.00      0.00  33758.13  33892.32  34061.02  34233.40  34428.57  34643.80  34879.37  35135.03  35410.88  35706.24  36020.82  36353.43  36702.83  37075.32  37406.94  37742.71  38089.25  38440.53  38794.25  39146.88  39496.02  39837.99  40170.46  40489.93  40793.30  41082.67  41300.19  41492.12  41660.24  41789.99
       0.00      0.00  33767.49  33899.03  34064.58  34232.65  34422.26  34630.86  34858.67  35105.33  35370.94  35654.77  35956.54  36274.97  36609.16  36961.33  37301.94  37617.46  37947.24  38281.58  38618.44  38954.61  39288.05  39615.47  39934.91  40243.19  40538.73  40817.67  41081.50  41293.90  41467.49  41600.39
       0.00      0.00  33784.45  33913.29  34075.85  34239.52  34423.21  34624.65  34843.90  35080.58  35334.76  35605.70  35893.20  36196.07  36513.73  36844.31  37191.47  37492.22  37802.49  38118.25  38436.33  38753.71  39068.59  39377.96  39680.13  39972.19  40252.77  40519.35  40770.92  41004.09  41223.20  41367.95
       0.00      0.00  33776.37  33901.74  34060.44  34219.34  34397.25  34592.09  34803.90  35032.24  35277.13  35537.77  35813.93  36104.38  36408.49  36724.36  37054.84  37369.24  37660.58  37961.22  38263.72  38565.37  38864.58  39158.65  39446.15  39724.44  39992.29  40247.23  40488.43  40713.68  40923.16  41101.98
       0.00      0.00  33785.20  33907.65  34062.96  34216.72  34387.73  34574.24  34776.20  34993.12  35225.09  35471.36  35731.78  36005.33  36291.63  36589.39  36897.34  37220.37  37502.26  37784.26  38068.95  38352.60  38634.11  38911.12  39182.42  39445.55  39699.44  39941.79  40171.83  40387.43  40589.37  40762.16
       0.00      0.00  33796.80  33919.18  34074.32  34227.75  34398.28  34584.17  34785.42  35001.56  35232.71  35478.14  35737.68  36010.36  36295.74  36592.59  36899.60  37221.66  37502.24  37783.05  38066.49  38348.88  38629.19  38905.13  39175.53  39438.01  39691.53  39933.78  40164.00  40379.94  40582.18  40755.12
       0.00      0.00  33785.41  33910.93  34069.60  34228.20  34405.51  34599.46  34810.14  35037.13  35280.50  35539.57  35814.11  36103.00  36405.66  36720.28  37049.67  37363.47  37654.00  37953.91  38255.78  38556.94  38855.82  39149.76  39437.32  39715.85  39984.10  40239.62  40481.44  40707.39  40917.59  41097.29
       0.00      0.00  33781.09  33909.40  34071.14  34233.64  34415.94  34615.82  34833.55  35068.85  35321.89  35592.02  35879.04  36181.86  36499.88  36831.27  37179.68  37481.89  37793.63  38110.97  38430.65  38749.75  39066.37  39377.53  39681.51  39975.34  40257.69  40525.97  40779.09  41013.44  41233.36  41376.48
       0.00      0.00  33771.23  33902.62  34067.86  34235.43  34424.37  34632.16  34859.04  35104.72  35369.33  35652.23  35953.15  36270.92  36604.67  36956.70  37297.30  37613.08  37943.18  38277.96  38615.34  38952.16  39286.31  39614.46  39934.64  40243.65  40539.92  40819.58  41084.26  41296.28  41470.49  41603.38
       0.00      0.00  33762.69  33896.71  34065.06  34236.99  34431.60  34646.11  34880.78  35135.39  35410.04  35704.08  36017.22  36348.27  36696.01  37066.75  37396.85  37730.86  38075.71  38425.36  38777.58  39128.91  39477.06  39818.37  40150.60  40470.34  40774.51  41065.13  41285.72  41479.44  41649.90  41781.40
       0.00      0.00  33756.27  33892.10  34062.53  34237.33  34435.65  34654.60  34894.60  35155.40  35437.18  35739.27  36061.36  36402.12  36761.51  37137.43  37468.52  37815.82  38172.69  38534.72  38899.37  39262.95  39622.80  39974.93  40316.65  40643.26  40956.55  41211.65  41422.55  41608.80  41783.93  41918.23
       0.00      0.00  33755.13  33891.44  34062.43  34237.77  34436.58  34655.98  34896.41  35157.67  35439.96  35742.60  36065.31  36406.78  36767.11  37143.51  37475.48  37823.53  38180.80  38543.05  38907.84  39271.45  39631.28  39983.36  40325.13  40652.08  40966.56  41219.61  41432.93  41619.33  41795.04  41929.36
       0.00      0.00  33759.70  33895.53  34065.86  34240.28  34438.00  34656.16  34895.26  35155.08  35435.87  35736.95  36058.07  36397.89  36756.37  37131.62  37462.02  37808.63  38164.86  38526.31  38890.46  39253.60  39613.11  39964.98  40306.57  40633.23  40946.65  41202.84  41414.10  41600.99  41776.53  41910.87
       0.00      0.00  33762.69  33896.65  34064.85  34236.53  34430.78  34644.84  34879.11  35133.32  35407.63  35701.38  36014.29  36345.17  36692.80  37063.42  37393.80  37727.81  38072.70  38422.38  38774.57  39125.85  39473.84  39814.90  40146.78  40466.06  40769.71  41059.63  41280.67  41473.63  41643.89  41775.18
       0.00      0.00  33774.97  33906.87  34072.95  34241.77  34432.34  34642.09  34871.18  35119.25  35386.34  35671.73  35975.12  36295.29  36631.22  36985.34  37326.73  37643.86  37974.85  38310.11  38647.51  38983.78  39316.82  39643.24  39961.13  40267.23  40560.10  40835.88  41096.55  41303.59  41474.43  41604.88
       0.00      0.00  33771.82  33900.12  34062.09  34225.45  34409.09  34610.74  34830.46  35067.85  35322.95  35595.03  35883.78  36188.05  36507.19  36839.37  37188.11  37490.39  37801.85  38118.55  38437.36  38755.33  39070.66  39380.42  39682.97  39975.47  40256.64  40524.05  40776.68  41011.15  41231.57  41376.92
       0.00      0.00  33790.47  33915.83  34074.10  34231.87  34408.14  34600.90  34810.29  35035.96  35278.04  35535.82  35809.16  36096.96  36398.64  36712.47  37041.15  37354.93  37645.16  37945.05  38247.05  38548.50  38847.76  39142.14  39430.06  39708.85  39977.11  40232.39  40473.73  40698.95  40908.18  41086.74
       0.00      0.00  33786.93  33909.13  34064.09  34217.60  34388.37  34574.65  34776.32  34992.92  35224.49  35470.33  35730.25  36003.27  36288.95  36586.09  36893.36  37215.62  37496.83  37777.88  38061.60  38344.30  38624.93  38901.21  39171.99  39434.87  39688.82  39931.56  40162.33  40378.96  40582.14  40756.17
       0.00      0.00  33794.90  33917.07  34071.82  34224.95  34395.19  34580.83  34781.78  34997.69  35228.57  35473.81  35733.18  36005.78  36291.11  36588.01  36895.09  37217.25  37498.07  37778.98  38062.53  38345.01  38625.38  38901.37  39171.81  39434.33  39687.90  39930.26  40160.68  40377.01  40580.01  40754.05
       0.00      0.00  33788.74  33913.92  34072.12  34230.11  34406.79  34600.14  34810.21  35036.66  35279.56  35538.25  35812.50  36101.25  36403.90  36718.67  37048.36  37362.40  37653.45  37953.97  38256.52  38558.43  38858.07  39152.75  39440.99  39720.04  39988.66  40244.29  40486.00  40711.56  40921.05  41099.75
       0.00      0.00  33789.81  33918.27  34080.21  34242.91  34425.34  34625.30  34842.95  35077.96  35330.46  35599.77  35885.70  36187.15  36503.56  36833.12  37179.55  37479.70  37789.33  38104.47  38422.03  38739.06  39053.78  39363.24  39665.79  39958.57  40240.26  40508.37  40761.83  40997.14  41218.32  41364.23
       0.00      0.00  33758.29  33889.39  34054.44  34222.12  34411.39  34619.73  34847.44  35094.26  35360.28  35644.82  35947.59  36267.36  36603.14  36957.27  37299.78  37617.70  37950.02  38287.08  38626.75  38965.80  39302.08  39632.28  39954.36  40265.01  40562.54  40842.82  41107.61  41317.12  41490.41  41621.67
       0.00      0.00  33768.58  33902.27  34070.18  34241.57  34435.53  34649.35  34883.33  35137.20  35411.10  35704.34  36016.61  36346.65  36693.17  37062.27  37391.90  37724.38  38068.37  38417.33  38768.90  39119.54  39466.89  39807.28  40138.36  40456.53  40758.74  41045.96  41269.49  41459.11  41628.90  41758.86
       0.00      0.00  33764.38  33898.25  34066.41  34238.20  34432.67  34647.09  34881.73  35136.39  35411.16  35705.38  36018.79  36350.19  36698.36  37069.64  37400.20  37734.82  38080.33  38430.68  38783.58  39135.54  39484.21  39825.88  40158.34  40478.10  40782.05  41072.41  41290.96  41484.39  41653.96  41785.12
       0.00      0.00  33771.04  33904.75  34072.57  34243.71  34437.30  34650.59  34883.93  35137.08  35410.19  35702.61  36014.09  36343.45  36689.55  37058.60  37387.54  37720.08  38063.61  38412.04  38763.17  39113.56  39460.90  39801.56  40133.35  40452.82  40756.99  41047.68  41269.88  41463.85  41635.09  41766.98
       0.00      0.00  33765.66  33899.46  34067.54  34238.88  34432.68  34646.25  34879.95  35133.54  35407.20  35700.22  36012.29  36342.12  36688.40  37057.12  37386.64  37718.62  38062.08  38410.44  38761.41  39111.51  39458.41  39798.53  40129.55  40447.86  40750.40  41037.86  41263.50  41452.92  41622.82  41751.96
       0.00      0.00  33755.95  33887.04  34052.15  34220.34  34410.50  34620.10  34849.27  35097.73  35365.47  35651.80  35956.31  36277.77  36615.08  36970.57  37313.79  37632.37  37964.96  38301.87  38640.93  38978.93  39313.75  39642.11  39962.04  40270.32  40565.40  40843.36  41106.03  41315.21  41487.85  41619.86
       0.00      0.00  33777.06  33905.70  34067.97  34231.42  34415.02  34616.45  34835.84  35072.82  35327.48  35599.09  35887.41  36191.29  36510.13  36842.08  37190.67  37492.89  37804.41  38121.28  38440.35  38758.69  39074.48  39384.75  39687.79  39980.72  40262.14  40529.54  40781.83  41015.52  41234.82  41379.43
       0.00      0.00  33783.89  33909.28  34067.79  34226.47  34404.13  34598.64  34809.96  35037.68  35281.73  35541.46  35816.57  36105.98  36409.03  36723.95  37053.47  37367.18  37657.50  37957.00  38258.28  38558.69  38856.67  39149.57  39435.98  39713.32  39980.40  40234.87  40475.91  40701.46  40911.71  41091.73
       0.00      0.00  33800.95  33923.37  34078.47  34231.73  34401.96  34587.42  34788.11  35003.60  35233.96  35478.52  35737.12  36008.82  36293.23  36589.12  36895.20  37216.35  37496.24  37776.27  38059.04  38340.84  38620.64  38896.12  39166.16  39428.33  39681.62  39923.75  40153.95  40370.01  40572.53  40745.86
       0.00      0.00  33794.18  33916.25  34070.95  34223.84  34393.69  34578.82  34779.21  34994.49  35224.75  35469.34  35728.12  36000.14  36285.03  36581.58  36888.49  37210.64  37491.89  37773.21  38057.39  38340.71  38622.11  38899.28  39171.02  39434.91  39689.86  39933.52  40165.06  40382.17  40585.46  40759.16
       0.00      0.00  33798.74  33924.71  34083.89  34242.74  34420.12  34613.96  34824.37  35050.97  35293.86  35552.34  35826.21  36114.37  36416.26  36730.03  37058.58  37371.04  37660.63  37959.55  38260.46  38560.61  38858.48  39151.36  39437.85  39715.27  39982.38  40236.68  40477.25  40701.82  40910.43  41088.57
       0.00      0.00  33786.37  33914.50  34076.04  34238.75  34421.56  34622.21  34840.80  35077.01  35330.85  35601.70  35889.23  36192.38  36510.42  36841.64  37189.41  37491.04  37802.23  38119.05  38438.23  38756.79  39072.89  39383.50  39686.89  39980.13  40261.81  40529.30  40781.52  41014.91  41234.00  41377.04
       0.00      0.00  33793.33  33924.65  34089.71  34256.73  34444.91  34651.74  34877.54  35122.01  35385.32  35666.80  35966.18  36282.21  36613.84  36963.14  37301.80  37614.50  37942.41  38275.35  38610.96  38945.97  39278.19  39604.25  39922.12  40228.46  40521.46  40797.27  41056.24  41271.28  41439.02  41570.14
       0.00      0.00  33783.24  33914.61  34079.68  34246.63  34434.61  34641.18  34866.71  35110.95  35374.15  35655.64  35955.22  36271.70  36604.20  36954.97  37294.48  37609.18  37938.46  38272.53  38609.36  38945.69  39279.45  39607.30  39927.25  40236.00  40531.95  40811.14  41075.01  41286.94  41459.98  41592.15
       0.00      0.00  33777.47  33909.05  34074.64  34242.62  34432.01  34640.34  34867.89  35114.39  35379.94  35663.87  35965.91  36284.86  36619.78  36973.03  37314.05  37630.78  37961.66  38297.08  38634.95  38972.02  39306.17  39634.09  39953.77  40261.94  40557.02  40834.94  41097.61  41304.98  41476.58  41606.71
       0.00      0.00  33784.17  33915.70  34081.10  34248.55  34437.16  34644.48  34870.84  35115.99  35380.09  35662.48  35962.92  36280.23  36613.47  36964.95  37304.72  37619.95  37949.62  38284.00  38621.01  38957.35  39290.93  39618.36  39937.63  40245.43  40540.19  40817.89  41080.30  41289.27  41461.26  41592.18
       0.00      0.00  33764.10  33895.15  34060.16  34227.79  34417.07  34625.47  34853.21  35099.98  35365.87  35650.16  35952.49  36271.57  36606.23  36958.53  37300.24  37615.67  37946.09  38281.34  38619.03  38955.91  39289.80  39617.36  39936.60  40244.15  40538.26  40815.06  41075.01  41290.29  41459.07  41590.79
       0.00      0.00  33786.97  33915.60  34077.86  34240.93  34423.91  34624.55  34843.02  35078.94  35332.39  35602.67  35889.54  36191.86  36509.01  36839.16  37186.06  37486.63  37796.76  38112.49  38430.66  38748.27  39063.52  39373.39  39676.18  39968.94  40250.29  40517.67  40769.96  41003.69  41222.95  41367.71
       0.00      0.00  33796.28  33921.88  34080.60  34239.22  34416.63  34610.80  34821.75  35049.07  35292.80  35552.23  35827.07  36116.25  36419.11  36733.85  37063.27  37376.35  37666.56  37965.96  38267.20  38567.55  38865.46  39158.26  39444.52  39721.59  39988.25  40242.07  40482.12  40706.22  40914.55  41092.51
       0.00      0.00  33797.69  33919.68  34074.18  34226.89  34396.57  34581.50  34781.67  34996.68  35226.60  35470.79  35729.09  36000.56  36284.79  36580.60  36886.69  37207.90  37488.40  37768.70  38051.84  38334.12  38614.49  38890.66  39161.44  39424.40  39678.48  39921.34  40152.17  40368.75  40571.68  40745.24
       0.00      0.00  33789.29  33911.22  34065.70  34218.47  34388.31  34573.52  34774.09  34989.64  35220.22  35465.19  35724.36  35996.79  36282.04  36578.91  36886.06  37208.32  37489.91  37771.17  38055.18  38338.17  38619.11  38895.67  39166.69  39429.80  39683.95  39926.87  40157.79  40374.59  40577.95  40752.15
       0.00      0.00  33800.34  33925.59  34083.81  34241.81  34418.46  34611.75  34821.68  35047.88  35290.37  35548.50  35822.03  36109.91  36411.53  36725.12  37053.52  37366.25  37656.08  37955.54  38257.10  38557.99  38856.57  39150.12  39437.11  39714.84  39982.04  40236.21  40476.50  40700.72  40909.18  41087.23
       0.00      0.00  33785.82  33913.71  34074.91  34236.84  34418.52  34617.75  34834.74  35069.15  35321.13  35589.97  35875.44  36176.36  36492.00  36820.23  37166.44  37465.43  37774.11  38089.11  38406.72  38723.90  39038.76  39348.30  39650.79  39943.31  40224.33  40491.14  40742.53  40975.22  41192.19  41345.91
       0.00      0.00  33783.14  33911.37  34073.07  34235.98  34419.00  34619.86  34838.67  35075.10  35329.21  35600.34  35888.20  36191.71  36510.15  36841.82  37190.08  37492.22  37803.97  38121.31  38440.99  38759.98  39076.40  39387.22  39690.71  39983.92  40265.45  40532.73  40784.68  41017.82  41236.70  41380.18
       0.00      0.00  33781.73  33909.80  34071.25  34233.73  34416.20  34616.40  34834.45  35070.00  35323.15  35593.22  35879.96  36182.30  36499.64  36830.19  37177.65  37478.90  37789.64  38105.96  38424.71  38742.97  39058.93  39369.62  39673.34  39967.21  40249.85  40518.73  40772.77  41008.50  41229.98  41376.56
       0.00      0.00  33788.83  33916.80  34077.94  34239.82  34421.48  34620.68  34837.68  35072.16  35324.26  35593.34  35879.19  36180.75  36497.43  36827.42  37174.58  37475.53  37786.01  38102.13  38420.73  38738.87  39054.72  39365.32  39668.92  39962.65  40245.11  40513.82  40767.64  41003.04  41224.10  41369.89
       0.00      0.00  33780.44  33908.90  34070.96  34234.33  34417.86  34619.28  34838.66  35075.66  35330.36  35602.07  35890.49  36194.48  36513.37  36845.35  37193.70  37495.87  37807.59  38124.82  38444.34  38763.14  39079.37  39389.99  39693.31  39986.36  40267.73  40534.82  40786.58  41019.52  41238.16  41381.77
       0.00      0.00  33789.29  33916.97  34077.74  34239.26  34420.56  34619.39  34835.98  35070.01  35321.62  35590.17  35875.37  36176.08  36491.54  36819.57  37165.73  37464.52  37772.87  38087.50  38404.70  38721.42  39035.77  39344.84  39646.86  39938.94  40219.54  40485.97  40737.00  40969.38  41186.09  41340.74
       0.00      0.00  33791.27  33916.38  34074.47  34232.40  34409.09  34602.50  34812.69  35039.31  35282.41  35541.28  35815.68  36104.50  36407.11  36721.67  37050.99  37364.67  37655.28  37955.42  38257.60  38559.09  38858.26  39152.41  39440.05  39718.48  39986.39  40241.32  40482.32  40707.22  40916.25  41094.74
       0.00      0.00  33805.27  33927.45  34082.14  34234.98  34404.77  34589.81  34790.04  35005.08  35235.01  35479.18  35737.44  36008.86  36293.02  36588.74  36894.70  37215.79  37495.75  37775.85  38058.76  38340.72  38620.73  38896.42  39166.64  39428.97  39682.36  39924.51  40154.65  40370.64  40573.15  40746.64
       0.00      0.00  33794.94  33917.32  34072.41  34225.78  34396.23  34582.01  34783.07  34999.01  35229.90  35475.06  35734.34  36006.79  36292.02  36588.79  36895.86  37218.12  37499.28  37780.74  38065.01  38348.37  38629.70  38906.67  39178.04  39441.38  39695.61  39938.38  40168.93  40385.04  40587.36  40760.34
       0.00      0.00  33785.20  33910.12  34068.03  34225.65  34401.94  34594.91  34804.67  35030.84  35273.53  35532.03  35806.11  36094.61  36396.88  36710.98  37039.61  37353.76  37643.89  37944.09  38246.46  38548.21  38847.69  39142.23  39430.34  39709.34  39977.91  40233.48  40475.00  40700.02  40908.72  41086.15
       0.00      0.00  33789.24  33914.74  34073.34  34231.75  34408.85  34602.59  34813.05  35039.84  35283.02  35541.89  35816.29  36105.06  36407.63  36722.16  37051.50  37365.15  37655.87  37956.14  38258.51  38560.17  38859.54  39153.86  39441.67  39720.21  39988.23  40243.23  40484.32  40709.32  40918.46  41097.06
       0.00      0.00  33788.17  33913.40  34071.59  34229.48  34405.99  34599.13  34809.01  35035.25  35277.98  35536.52  35810.70  36099.46  36402.23  36717.23  37047.27  37361.85  37653.52  37954.83  38258.29  38561.21  38861.91  39157.72  39447.06  39727.20  39996.81  40253.33  40495.75  40721.77  40931.39  41109.77
       0.00      0.00  33786.62  33912.06  34070.56  34228.86  34405.87  34599.57  34810.05  35036.96  35280.36  35539.58  35814.41  36103.72  36406.95  36722.24  37052.46  37366.66  37658.05  37958.75  38261.39  38563.23  38862.70  39157.07  39444.91  39723.54  39991.78  40247.19  40488.96  40714.95  40925.31  41105.21
       0.00      0.00  33793.02  33918.94  34078.05  34236.82  34414.16  34608.03  34818.50  35045.18  35288.20  35546.84  35820.94  36109.42  36411.71  36725.99  37055.14  37368.47  37658.90  37958.74  38260.66  38561.93  38861.02  39155.20  39443.04  39721.85  39990.38  40246.08  40488.00  40713.78  40923.43  41102.26
       0.00      0.00  33789.87  33914.88  34072.87  34230.68  34407.23  34600.53  34810.64  35037.20  35280.26  35539.14  35813.59  36102.50  36405.25  36719.98  37049.56  37363.37  37654.37  37954.88  38257.48  38559.38  38858.98  39153.55  39441.60  39720.43  39988.75  40244.06  40485.48  40710.82  40920.26  41098.96
       0.00      0.00  33799.03  33924.41  34082.80  34240.82  34417.40  34610.54  34820.32  35046.37  35288.76  35546.84  35820.37  36108.25  36409.79  36723.11  37050.91  37363.76  37652.94  37952.14  38253.52  38554.24  38852.69  39146.12  39433.03  39710.73  39977.88  40231.91  40471.84  40695.31  40902.55  41078.89
       0.00      0.00  33792.18  33914.22  34068.85  34221.70  34391.55  34576.70  34777.14  34992.47  35222.79  35467.44  35726.27  35998.30  36283.13  36579.56  36886.30  37208.22  37489.53  37770.79  38054.99  38338.40  38619.94  38897.31  39169.27  39433.38  39688.54  39932.38  40164.04  40381.24  40584.58  40758.31
       0.00      0.00  33804.62  33926.72  34081.31  34233.89  34403.30  34587.86  34787.59  35002.10  35231.49  35475.15  35732.96  36004.01  36287.92  36583.51  36889.55  37210.88  37491.51  37772.38  38056.25  38339.30  38620.43  38897.27  39168.57  39431.85  39686.05  39928.79  40159.29  40375.31  40577.46  40750.10
       0.00      0.00  33780.17  33902.05  34056.56  34209.59  34379.83  34565.61  34766.86  34983.24  35214.79  35460.87  35721.30  35995.13  36281.92  36580.46  36889.41  37213.67  37496.81  37780.21  38066.33  38351.49  38634.55  38913.17  39186.10  39450.93  39706.56  39950.69  40182.50  40399.87  40603.47  40777.72
       0.00      0.00  33799.94  33922.22  34077.08  34229.81  34399.33  34584.01  34783.87  34998.51  35228.07  35471.87  35729.85  36001.03  36285.11  36580.86  36887.07  37208.51  37489.30  37770.11  38053.84  38336.72  38617.75  38894.55  39165.96  39429.56  39684.29  39927.83  40159.40  40376.65  40580.01  40753.55
       0.00      0.00  33764.86  33886.89  34041.67  34195.41  34366.78  34553.98  34756.88  34975.06  35208.54  35456.65  35719.14  35995.09  36284.01  36584.67  36895.68  37221.93  37506.82  37791.82  38079.31  38365.63  38649.61  38928.92  39202.29  39467.30  39722.90  39966.81  40198.36  40415.48  40619.07  40793.66
       0.00      0.00  33800.55  33922.79  34077.66  34230.66  34400.62  34585.90  34786.48  35001.98  35232.47  35477.28  35736.30  36008.55  36293.66  36590.42  36897.56  37219.98  37501.07  37782.68  38067.10  38350.60  38632.13  38909.33  39180.95  39444.55  39699.04  39942.03  40172.73  40388.86  40591.07  40763.85
       0.00      0.00  33806.08  33928.08  34082.44  34234.73  34403.80  34588.00  34787.36  35001.50  35230.56  35473.89  35731.38  36002.12  36285.73  36580.99  36886.68  37207.65  37488.06  37768.57  38052.12  38334.92  38615.86  38892.62  39163.99  39427.47  39682.02  39925.24  40156.32  40372.96  40575.76  40749.03
