104578.053 177040.552 247781.197 316111.983 381368.341 442915.603 500155.176 552530.362 599531.772 640702.282 675641.477 704009.549 725530.594 739995.306 747263.004 747263.004 739995.306 725530.594 704009.549 675641.477 640702.282 599531.772 552530.362 500155.176 442915.603 381368.341 316111.983 247781.197 177040.552 104578.053
104578.053 177040.552 247781.197 316111.983 381368.341 442915.603 500155.176 552530.362 599531.772 640702.282 675641.477 704009.549 725530.594 739995.306 747263.004 747263.004 739995.306 725530.594 704009.549 675641.477 640702.282 599531.772 552530.362 500155.176 442915.603 381368.341 316111.983 247781.197 177040.552 104578.053
104578.053 177040.552 247781.197 316111.983 381368.341 442915.603 500155.176 552530.362 599531.772 640702.282 675641.477 704009.549 725530.594 739995.306 747263.004 747263.004 739995.306 725530.594 704009.549 675641.477 640702.282 599531.772 552530.362 500155.176 442915.603 381368.341 316111.983 247781.197 177040.552 104578.053
104578.053 177040.552 247781.197 316111.983 381368.341 442915.603 500155.176 552530.362 599531.772 640702.282 675641.477 704009.549 725530.594 739995.306 747263.004 747263.004 739995.306 725530.594 704009.549 675641.477 640702.282 599531.772 552530.362 500155.176 442915.603 381368.341 316111.983 247781.197 177040.552 104578.053
104578.053 177040.552 247781.197 316111.983 381368.341 442915.603 500155.176 552530.362 599531.772 640702.282 675641.477 704009.549 725530.594 739995.306 747263.004 747263.004 739995.306 725530.594 704009.549 675641.477 640702.282 599531.772 552530.362 500155.176 442915.603 381368.341 316111.983 247781.197 177040.552 104578.053
104578.053 177040.552 247781.197 316111.983 381368.341 442915.603 500155.176 552530.362 599531.772 640702.282 675641.477 704009.549 725530.594 739995.306 747263.004 747263.004 739995.306 725530.594 704009.549 675641.477 640702.282 599531.772 552530.362 500155.176 442915.603 381368.341 316111.983 247781.197 177040.552 104578.053
104578.053 177040.552 247781.197 316111.983 381368.341 442915.603 500155.176 552530.362 599531.772 640702.282 675641.477 704009.549 725530.594 739995.306 747263.004 747263.004 739995.306 725530.594 704009.549 675641.477 640702.282 599531.772 552530.362 500155.176 442915.603 381368.341 316111.983 247781.197 177040.552 104578.053
115782.844 196009.182 274329.183 349981.124 422229.235 490370.847 553743.231 611730.044 663767.319 709348.955 748031.636 779439.143 803266.015 819280.518 827326.898 827326.898 819280.518 803266.015 779439.143 748031.636 709348.955 663767.319 611730.044 553743.231 490370.847 422229.235 349981.124 274329.183 196009.182 115782.844
115782.844 196009.182 274329.183 349981.124 422229.235 490370.847 553743.231 611730.044 663767.319 709348.955 748031.636 779439.143 803266.015 819280.518 827326.898 827326.898 819280.518 803266.015 779439.143 748031.636 709348.955 663767.319 611730.044 553743.231 490370.847 422229.235 349981.124 274329.183 196009.182 115782.844
115782.844 196009.182 274329.183 349981.124 422229.235 490370.847 553743.231 611730.044 663767.319 709348.955 748031.636 779439.143 803266.015 819280.518 827326.898 827326.898 819280.518 803266.015 779439.143 748031.636 709348.955 663767.319 611730.044 553743.231 490370.847 422229.235 349981.124 274329.183 196009.182 115782.844
115782.844 196009.182 274329.183 349981.124 422229.235 490370.847 553743.231 611730.044 663767.319 709348.955 748031.636 779439.143 803266.015 819280.518 827326.898 827326.898 819280.518 803266.015 779439.143 748031.636 709348.955 663767.319 611730.044 553743.231 490370.847 422229.235 349981.124 274329.183 196009.182 115782.844
115782.844 196009.182 274329.183 349981.124 422229.235 490370.847 553743.231 611730.044 663767.319 709348.955 748031.636 779439.143 803266.015 819280.518 827326.898 827326.898 819280.518 803266.015 779439.143 748031.636 709348.955 663767.319 611730.044 553743.231 490370.847 422229.235 349981.124 274329.183 196009.182 115782.844
115782.844 196009.182 274329.183 349981.124 422229.235 490370.847 553743.231 611730.044 663767.319 709348.955 748031.636 779439.143 803266.015 819280.518 827326.898 827326.898 819280.518 803266.015 779439.143 748031.636 709348.955 663767.319 611730.044 553743.231 490370.847 422229.235 349981.124 274329.183 196009.182 115782.844
115782.844 196009.182 274329.183 349981.124 422229.235 490370.847 553743.231 611730.044 663767.319 709348.955 748031.636 779439.143 803266.015 819280.518 827326.898 827326.898 819280.518 803266.015 779439.143 748031.636 709348.955 663767.319 611730.044 553743.231 490370.847 422229.235 349981.124 274329.183 196009.182 115782.844
104578.053 177040.552 247781.197 316111.983 381368.341 442915.603 500155.176 552530.362 599531.772 640702.282 675641.477 704009.549 725530.594 739995.306 747263.004 747263.004 739995.306 725530.594 704009.549 675641.477 640702.282 599531.772 552530.362 500155.176 442915.603 381368.341 316111.983 247781.197 177040.552 104578.053
104578.053 177040.552 247781.197 316111.983 381368.341 442915.603 500155.176 552530.362 599531.772 640702.282 675641.477 704009.549 725530.594 739995.306 747263.004 747263.004 739995.306 725530.594 704009.549 675641.477 640702.282 599531.772 552530.362 500155.176 442915.603 381368.341 316111.983 247781.197 177040.552 104578.053
115782.844 196009.182 274329.183 349981.124 422229.235 490370.847 553743.231 611730.044 663767.319 709348.955 748031.636 779439.143 803266.015 819280.518 827326.898 827326.898 819280.518 803266.015 779439.143 748031.636 709348.955 663767.319 611730.044 553743.231 490370.847 422229.235 349981.124 274329.183 196009.182 115782.844
124497.682 210762.561 294977.616 376323.789 454009.93 527280.48 595422.829 657774.24 713728.3 762740.812 804335.092 838106.606 863726.898 880946.793 889598.815 889598.815 880946.793 863726.898 838106.606 804335.092 762740.812 713728.3 657774.24 595422.829 527280.48 454009.93 376323.789 294977.616 210762.561 124497.682
124497.682 210762.561 294977.616 376323.789 454009.93 527280.48 595422.829 657774.24 713728.3 762740.812 804335.092 838106.606 863726.898 880946.793 889598.815 889598.815 880946.793 863726.898 838106.606 804335.092 762740.812 713728.3 657774.24 595422.829 527280.48 454009.93 376323.789 294977.616 210762.561 124497.682
124497.682 210762.561 294977.616 376323.789 454009.93 527280.48 595422.829 657774.24 713728.3 762740.812 804335.092 838106.606 863726.898 880946.793 889598.815 889598.815 880946.793 863726.898 838106.606 804335.092 762740.812 713728.3 657774.24 595422.829 527280.48 454009.93 376323.789 294977.616 210762.561 124497.682
124497.682 210762.561 294977.616 376323.789 454009.93 527280.48 595422.829 657774.24 713728.3 762740.812 804335.092 838106.606 863726.898 880946.793 889598.815 889598.815 880946.793 863726.898 838106.606 804335.092 762740.812 713728.3 657774.24 595422.829 527280.48 454009.93 376323.789 294977.616 210762.561 124497.682
124497.682 210762.561 294977.616 376323.789 454009.93 527280.48 595422.829 657774.24 713728.3 762740.812 804335.092 838106.606 863726.898 880946.793 889598.815 889598.815 880946.793 863726.898 838106.606 804335.092 762740.812 713728.3 657774.24 595422.829 527280.48 454009.93 376323.789 294977.616 210762.561 124497.682
124497.682 210762.561 294977.616 376323.789 454009.93 527280.48 595422.829 657774.24 713728.3 762740.812 804335.092 838106.606 863726.898 880946.793 889598.815 889598.815 880946.793 863726.898 838106.606 804335.092 762740.812 713728.3 657774.24 595422.829 527280.48 454009.93 376323.789 294977.616 210762.561 124497.682
115782.844 196009.182 274329.183 349981.124 422229.235 490370.847 553743.231 611730.044 663767.319 709348.955 748031.636 779439.143 803266.015 819280.518 827326.898 827326.898 819280.518 803266.015 779439.143 748031.636 709348.955 663767.319 611730.044 553743.231 490370.847 422229.235 349981.124 274329.183 196009.182 115782.844
104578.053 177040.552 247781.197 316111.983 381368.341 442915.603 500155.176 552530.362 599531.772 640702.282 675641.477 704009.549 725530.594 739995.306 747263.004 747263.004 739995.306 725530.594 704009.549 675641.477 640702.282 599531.772 552530.362 500155.176 442915.603 381368.341 316111.983 247781.197 177040.552 104578.053
104578.053 177040.552 247781.197 316111.983 381368.341 442915.603 500155.176 552530.362 599531.772 640702.282 675641.477 704009.549 725530.594 739995.306 747263.004 747263.004 739995.306 725530.594 704009.549 675641.477 640702.282 599531.772 552530.362 500155.176 442915.603 381368.341 316111.983 247781.197 177040.552 104578.053
115782.844 196009.182 274329.183 349981.124 422229.235 490370.847 553743.231 611730.044 663767.319 709348.955 748031.636 779439.143 803266.015 819280.518 827326.898 827326.898 819280.518 803266.015 779439.143 748031.636 709348.955 663767.319 611730.044 553743.231 490370.847 422229.235 349981.124 274329.183 196009.182 115782.844
124497.682 210762.561 294977.616 376323.789 454009.93 527280.48 595422.829 657774.24 713728.3 762740.812 804335.092 838106.606 863726.898 880946.793 889598.815 889598.815 880946.793 863726.898 838106.606 804335.092 762740.812 713728.3 657774.24 595422.829 527280.48 454009.93 376323.789 294977.616 210762.561 124497.682
134457.496 227623.566 318575.825 406429.693 490330.724 569462.919 643056.655 710396.18 770826.564 823760.077 868681.9 905155.134 932825.05 951422.537 960766.72 960766.72 951422.537 932825.05 905155.134 868681.9 823760.077 770826.564 710396.18 643056.655 569462.919 490330.724 406429.693 318575.825 227623.566 134457.496
134457.496 227623.566 318575.825 406429.693 490330.724 569462.919 643056.655 710396.18 770826.564 823760.077 868681.9 905155.134 932825.05 951422.537 960766.72 960766.72 951422.537 932825.05 905155.134 868681.9 823760.077 770826.564 710396.18 643056.655 569462.919 490330.724 406429.693 318575.825 227623.566 134457.496
134457.496 227623.566 318575.825 406429.693 490330.724 569462.919 643056.655 710396.18 770826.564 823760.077 868681.9 905155.134 932825.05 951422.537 960766.72 960766.72 951422.537 932825.05 905155.134 868681.9 823760.077 770826.564 710396.18 643056.655 569462.919 490330.724 406429.693 318575.825 227623.566 134457.496
134457.496 227623.566 318575.825 406429.693 490330.724 569462.919 643056.655 710396.18 770826.564 823760.077 868681.9 905155.134 932825.05 951422.537 960766.72 960766.72 951422.537 932825.05 905155.134 868681.9 823760.077 770826.564 710396.18 643056.655 569462.919 490330.724 406429.693 318575.825 227623.566 134457.496
134457.496 227623.566 318575.825 406429.693 490330.724 569462.919 643056.655 710396.18 770826.564 823760.077 868681.9 905155.134 932825.05 951422.537 960766.72 960766.72 951422.537 932825.05 905155.134 868681.9 823760.077 770826.564 710396.18 643056.655 569462.919 490330.724 406429.693 318575.825 227623.566 134457.496
124497.682 210762.561 294977.616 376323.789 454009.93 527280.48 595422.829 657774.24 713728.3 762740.812 804335.092 838106.606 863726.898 880946.793 889598.815 889598.815 880946.793 863726.898 838106.606 804335.092 762740.812 713728.3 657774.24 595422.829 527280.48 454009.93 376323.789 294977.616 210762.561 124497.682
115782.844 196009.182 274329.183 349981.124 422229.235 490370.847 553743.231 611730.044 663767.319 709348.955 748031.636 779439.143 803266.015 819280.518 827326.898 827326.898 819280.518 803266.015 779439.143 748031.636 709348.955 663767.319 611730.044 553743.231 490370.847 422229.235 349981.124 274329.183 196009.182 115782.844
104578.053 177040.552 247781.197 316111.983 381368.341 442915.603 500155.176 552530.362 599531.772 640702.282 675641.477 704009.549 725530.594 739995.306 747263.004 747263.004 739995.306 725530.594 704009.549 675641.477 640702.282 599531.772 552530.362 500155.176 442915.603 381368.341 316111.983 247781.197 177040.552 104578.053
104578.053 177040.552 247781.197 316111.983 381368.341 442915.603 500155.176 552530.362 599531.772 640702.282 675641.477 704009.549 725530.594 739995.306 747263.004 747263.004 739995.306 725530.594 704009.549 675641.477 640702.282 599531.772 552530.362 500155.176 442915.603 381368.341 316111.983 247781.197 177040.552 104578.053
115782.844 196009.182 274329.183 349981.124 422229.235 490370.847 553743.231 611730.044 663767.319 709348.955 748031.636 779439.143 803266.015 819280.518 827326.898 827326.898 819280.518 803266.015 779439.143 748031.636 709348.955 663767.319 611730.044 553743.231 490370.847 422229.235 349981.124 274329.183 196009.182 115782.844
124497.682 210762.561 294977.616 376323.789 454009.93 527280.48 595422.829 657774.24 713728.3 762740.812 804335.092 838106.606 863726.898 880946.793 889598.815 889598.815 880946.793 863726.898 838106.606 804335.092 762740.812 713728.3 657774.24 595422.829 527280.48 454009.93 376323.789 294977.616 210762.561 124497.682
134457.496 227623.566 318575.825 406429.693 490330.724 569462.919 643056.655 710396.18 770826.564 823760.077 868681.9 905155.134 932825.05 951422.537 960766.72 960766.72 951422.537 932825.05 905155.134 868681.9 823760.077 770826.564 710396.18 643056.655 569462.919 490330.724 406429.693 318575.825 227623.566 134457.496
141927.357 240269.32 336274.482 429009.12 517571.32 601099.747 678782.025 749862.634 813650.262 869524.525 916942.005 955441.53 984648.664 1004279.345 1014142.649 1014142.649 1004279.345 984648.664 955441.53 916942.005 869524.525 813650.262 749862.634 678782.025 601099.747 517571.32 429009.12 336274.482 240269.32 141927.357
141927.357 240269.32 336274.482 429009.12 517571.32 601099.747 678782.025 749862.634 813650.262 869524.525 916942.005 955441.53 984648.664 1004279.345 1014142.649 1014142.649 1004279.345 984648.664 955441.53 916942.005 869524.525 813650.262 749862.634 678782.025 601099.747 517571.32 429009.12 336274.482 240269.32 141927.357
141927.357 240269.32 336274.482 429009.12 517571.32 601099.747 678782.025 749862.634 813650.262 869524.525 916942.005 955441.53 984648.664 1004279.345 1014142.649 1014142.649 1004279.345 984648.664 955441.53 916942.005 869524.525 813650.262 749862.634 678782.025 601099.747 517571.32 429009.12 336274.482 240269.32 141927.357
141927.357 240269.32 336274.482 429009.12 517571.32 601099.747 678782.025 749862.634 813650.262 869524.525 916942.005 955441.53 984648.664 1004279.345 1014142.649 1014142.649 1004279.345 984648.664 955441.53 916942.005 869524.525 813650.262 749862.634 678782.025 601099.747 517571.32 429009.12 336274.482 240269.32 141927.357
134457.496 227623.566 318575.825 406429.693 490330.724 569462.919 643056.655 710396.18 770826.564 823760.077 868681.9 905155.134 932825.05 951422.537 960766.72 960766.72 951422.537 932825.05 905155.134 868681.9 823760.077 770826.564 710396.18 643056.655 569462.919 490330.724 406429.693 318575.825 227623.566 134457.496
124497.682 210762.561 294977.616 376323.789 454009.93 527280.48 595422.829 657774.24 713728.3 762740.812 804335.092 838106.606 863726.898 880946.793 889598.815 889598.815 880946.793 863726.898 838106.606 804335.092 762740.812 713728.3 657774.24 595422.829 527280.48 454009.93 376323.789 294977.616 210762.561 124497.682
115782.844 196009.182 274329.183 349981.124 422229.235 490370.847 553743.231 611730.044 663767.319 709348.955 748031.636 779439.143 803266.015 819280.518 827326.898 827326.898 819280.518 803266.015 779439.143 748031.636 709348.955 663767.319 611730.044 553743.231 490370.847 422229.235 349981.124 274329.183 196009.182 115782.844
104578.053 177040.552 247781.197 316111.983 381368.341 442915.603 500155.176 552530.362 599531.772 640702.282 675641.477 704009.549 725530.594 739995.306 747263.004 747263.004 739995.306 725530.594 704009.549 675641.477 640702.282 599531.772 552530.362 500155.176 442915.603 381368.341 316111.983 247781.197 177040.552 104578.053
104578.053 177040.552 247781.197 316111.983 381368.341 442915.603 500155.176 552530.362 599531.772 640702.282 675641.477 704009.549 725530.594 739995.306 747263.004 747263.004 739995.306 725530.594 704009.549 675641.477 640702.282 599531.772 552530.362 500155.176 442915.603 381368.341 316111.983 247781.197 177040.552 104578.053
115782.844 196009.182 274329.183 349981.124 422229.235 490370.847 553743.231 611730.044 663767.319 709348.955 748031.636 779439.143 803266.015 819280.518 827326.898 827326.898 819280.518 803266.015 779439.143 748031.636 709348.955 663767.319 611730.044 553743.231 490370.847 422229.235 349981.124 274329.183 196009.182 115782.844
124497.682 210762.561 294977.616 376323.789 454009.93 527280.48 595422.829 657774.24 713728.3 762740.812 804335.092 838106.606 863726.898 880946.793 889598.815 889598.815 880946.793 863726.898 838106.606 804335.092 762740.812 713728.3 657774.24 595422.829 527280.48 454009.93 376323.789 294977.616 210762.561 124497.682
134457.496 227623.566 318575.825 406429.693 490330.724 569462.919 643056.655 710396.18 770826.564 823760.077 868681.9 905155.134 932825.05 951422.537 960766.72 960766.72 951422.537 932825.05 905155.134 868681.9 823760.077 770826.564 710396.18 643056.655 569462.919 490330.724 406429.693 318575.825 227623.566 134457.496
141927.357 240269.32 336274.482 429009.12 517571.32 601099.747 678782.025 749862.634 813650.262 869524.525 916942.005 955441.53 984648.664 1004279.345 1014142.649 1014142.649 1004279.345 984648.664 955441.53 916942.005 869524.525 813650.262 749862.634 678782.025 601099.747 517571.32 429009.12 336274.482 240269.32 141927.357
148152.241 250807.448 351023.363 447825.309 540271.816 627463.771 708553.166 782751.346 849336.677 907661.566 957158.76 997346.861 1027835.009 1048326.684 1058622.59 1058622.59 1048326.684 1027835.009 997346.861 957158.76 907661.566 849336.677 782751.346 708553.166 627463.771 540271.816 447825.309 351023.363 250807.448 148152.241
148152.241 250807.448 351023.363 447825.309 540271.816 627463.771 708553.166 782751.346 849336.677 907661.566 957158.76 997346.861 1027835.009 1048326.684 1058622.59 1058622.59 1048326.684 1027835.009 997346.861 957158.76 907661.566 849336.677 782751.346 708553.166 627463.771 540271.816 447825.309 351023.363 250807.448 148152.241
148152.241 250807.448 351023.363 447825.309 540271.816 627463.771 708553.166 782751.346 849336.677 907661.566 957158.76 997346.861 1027835.009 1048326.684 1058622.59 1058622.59 1048326.684 1027835.009 997346.861 957158.76 907661.566 849336.677 782751.346 708553.166 627463.771 540271.816 447825.309 351023.363 250807.448 148152.241
141927.357 240269.32 336274.482 429009.12 517571.32 601099.747 678782.025 749862.634 813650.262 869524.525 916942.005 955441.53 984648.664 1004279.345 1014142.649 1014142.649 1004279.345 984648.664 955441.53 916942.005 869524.525 813650.262 749862.634 678782.025 601099.747 517571.32 429009.12 336274.482 240269.32 141927.357
134457.496 227623.566 318575.825 406429.693 490330.724 569462.919 643056.655 710396.18 770826.564 823760.077 868681.9 905155.134 932825.05 951422.537 960766.72 960766.72 951422.537 932825.05 905155.134 868681.9 823760.077 770826.564 710396.18 643056.655 569462.919 490330.724 406429.693 318575.825 227623.566 134457.496
124497.682 210762.561 294977.616 376323.789 454009.93 527280.48 595422.829 657774.24 713728.3 762740.812 804335.092 838106.606 863726.898 880946.793 889598.815 889598.815 880946.793 863726.898 838106.606 804335.092 762740.812 713728.3 657774.24 595422.829 527280.48 454009.93 376323.789 294977.616 210762.561 124497.682
115782.844 196009.182 274329.183 349981.124 422229.235 490370.847 553743.231 611730.044 663767.319 709348.955 748031.636 779439.143 803266.015 819280.518 827326.898 827326.898 819280.518 803266.015 779439.143 748031.636 709348.955 663767.319 611730.044 553743.231 490370.847 422229.235 349981.124 274329.183 196009.182 115782.844
104578.053 177040.552 247781.197 316111.983 381368.341 442915.603 500155.176 552530.362 599531.772 640702.282 675641.477 704009.549 725530.594 739995.306 747263.004 747263.004 739995.306 725530.594 704009.549 675641.477 640702.282 599531.772 552530.362 500155.176 442915.603 381368.341 316111.983 247781.197 177040.552 104578.053
104578.053 177040.552 247781.197 316111.983 381368.341 442915.603 500155.176 552530.362 599531.772 640702.282 675641.477 704009.549 725530.594 739995.306 747263.004 747263.004 739995.306 725530.594 704009.549 675641.477 640702.282 599531.772 552530.362 500155.176 442915.603 381368.341 316111.983 247781.197 177040.552 104578.053
115782.844 196009.182 274329.183 349981.124 422229.235 490370.847 553743.231 611730.044 663767.319 709348.955 748031.636 779439.143 803266.015 819280.518 827326.898 827326.898 819280.518 803266.015 779439.143 748031.636 709348.955 663767.319 611730.044 553743.231 490370.847 422229.235 349981.124 274329.183 196009.182 115782.844
124497.682 210762.561 294977.616 376323.789 454009.93 527280.48 595422.829 657774.24 713728.3 762740.812 804335.092 838106.606 863726.898 880946.793 889598.815 889598.815 880946.793 863726.898 838106.606 804335.092 762740.812 713728.3 657774.24 595422.829 527280.48 454009.93 376323.789 294977.616 210762.561 124497.682
134457.496 227623.566 318575.825 406429.693 490330.724 569462.919 643056.655 710396.18 770826.564 823760.077 868681.9 905155.134 932825.05 951422.537 960766.72 960766.72 951422.537 932825.05 905155.134 868681.9 823760.077 770826.564 710396.18 643056.655 569462.919 490330.724 406429.693 318575.825 227623.566 134457.496
141927.357 240269.32 336274.482 429009.12 517571.32 601099.747 678782.025 749862.634 813650.262 869524.525 916942.005 955441.53 984648.664 1004279.345 1014142.649 1014142.649 1004279.345 984648.664 955441.53 916942.005 869524.525 813650.262 749862.634 678782.025 601099.747 517571.32 429009.12 336274.482 240269.32 141927.357
148152.241 250807.448 351023.363 447825.309 540271.816 627463.771 708553.166 782751.346 849336.677 907661.566 957158.76 997346.861 1027835.009 1048326.684 1058622.59 1058622.59 1048326.684 1027835.009 997346.861 957158.76 907661.566 849336.677 782751.346 708553.166 627463.771 540271.816 447825.309 351023.363 250807.448 148152.241
151887.172 257130.325 359872.691 459115.023 553892.114 643282.186 726415.851 802484.573 870748.526 930543.79 981288.812 1022490.059 1053746.816 1074755.088 1085310.554 1085310.554 1074755.088 1053746.816 1022490.059 981288.812 930543.79 870748.526 802484.573 726415.851 643282.186 553892.114 459115.023 359872.691 257130.325 151887.172
151887.172 257130.325 359872.691 459115.023 553892.114 643282.186 726415.851 802484.573 870748.526 930543.79 981288.812 1022490.059 1053746.816 1074755.088 1085310.554 1085310.554 1074755.088 1053746.816 1022490.059 981288.812 930543.79 870748.526 802484.573 726415.851 643282.186 553892.114 459115.023 359872.691 257130.325 151887.172
148152.241 250807.448 351023.363 447825.309 540271.816 627463.771 708553.166 782751.346 849336.677 907661.566 957158.76 997346.861 1027835.009 1048326.684 1058622.59 1058622.59 1048326.684 1027835.009 997346.861 957158.76 907661.566 849336.677 782751.346 708553.166 627463.771 540271.816 447825.309 351023.363 250807.448 148152.241
141927.357 240269.32 336274.482 429009.12 517571.32 601099.747 678782.025 749862.634 813650.262 869524.525 916942.005 955441.53 984648.664 1004279.345 1014142.649 1014142.649 1004279.345 984648.664 955441.53 916942.005 869524.525 813650.262 749862.634 678782.025 601099.747 517571.32 429009.12 336274.482 240269.32 141927.357
134457.496 227623.566 318575.825 406429.693 490330.724 569462.919 643056.655 710396.18 770826.564 823760.077 868681.9 905155.134 932825.05 951422.537 960766.72 960766.72 951422.537 932825.05 905155.134 868681.9 823760.077 770826.564 710396.18 643056.655 569462.919 490330.724 406429.693 318575.825 227623.566 134457.496
124497.682 210762.561 294977.616 376323.789 454009.93 527280.48 595422.829 657774.24 713728.3 762740.812 804335.092 838106.606 863726.898 880946.793 889598.815 889598.815 880946.793 863726.898 838106.606 804335.092 762740.812 713728.3 657774.24 595422.829 527280.48 454009.93 376323.789 294977.616 210762.561 124497.682
115782.844 196009.182 274329.183 349981.124 422229.235 490370.847 553743.231 611730.044 663767.319 709348.955 748031.636 779439.143 803266.015 819280.518 827326.898 827326.898 819280.518 803266.015 779439.143 748031.636 709348.955 663767.319 611730.044 553743.231 490370.847 422229.235 349981.124 274329.183 196009.182 115782.844
104578.053 177040.552 247781.197 316111.983 381368.341 442915.603 500155.176 552530.362 599531.772 640702.282 675641.477 704009.549 725530.594 739995.306 747263.004 747263.004 739995.306 725530.594 704009.549 675641.477 640702.282 599531.772 552530.362 500155.176 442915.603 381368.341 316111.983 247781.197 177040.552 104578.053
115782.844 196009.182 274329.183 349981.124 422229.235 490370.847 553743.231 611730.044 663767.319 709348.955 748031.636 779439.143 803266.015 819280.518 827326.898 827326.898 819280.518 803266.015 779439.143 748031.636 709348.955 663767.319 611730.044 553743.231 490370.847 422229.235 349981.124 274329.183 196009.182 115782.844
124497.682 210762.561 294977.616 376323.789 454009.93 527280.48 595422.829 657774.24 713728.3 762740.812 804335.092 838106.606 863726.898 880946.793 889598.815 889598.815 880946.793 863726.898 838106.606 804335.092 762740.812 713728.3 657774.24 595422.829 527280.48 454009.93 376323.789 294977.616 210762.561 124497.682
134457.496 227623.566 318575.825 406429.693 490330.724 569462.919 643056.655 710396.18 770826.564 823760.077 868681.9 905155.134 932825.05 951422.537 960766.72 960766.72 951422.537 932825.05 905155.134 868681.9 823760.077 770826.564 710396.18 643056.655 569462.919 490330.724 406429.693 318575.825 227623.566 134457.496
141927.357 240269.32 336274.482 429009.12 517571.32 601099.747 678782.025 749862.634 813650.262 869524.525 916942.005 955441.53 984648.664 1004279.345 1014142.649 1014142.649 1004279.345 984648.664 955441.53 916942.005 869524.525 813650.262 749862.634 678782.025 601099.747 517571.32 429009.12 336274.482 240269.32 141927.357
148152.241 250807.448 351023.363 447825.309 540271.816 627463.771 708553.166 782751.346 849336.677 907661.566 957158.76 997346.861 1027835.009 1048326.684 1058622.59 1058622.59 1048326.684 1027835.009 997346.861 957158.76 907661.566 849336.677 782751.346 708553.166 627463.771 540271.816 447825.309 351023.363 250807.448 148152.241
151887.172 257130.325 359872.691 459115.023 553892.114 643282.186 726415.851 802484.573 870748.526 930543.79 981288.812 1022490.059 1053746.816 1074755.088 1085310.554 1085310.554 1074755.088 1053746.816 1022490.059 981288.812 930543.79 870748.526 802484.573 726415.851 643282.186 553892.114 459115.023 359872.691 257130.325 151887.172
154377.126 261345.576 365772.243 466641.499 562972.313 653827.795 738324.308 815640.058 885023.092 945798.606 997375.514 1039252.191 1071021.354 1092374.024 1103102.53 1103102.53 1092374.024 1071021.354 1039252.191 997375.514 945798.606 885023.092 815640.058 738324.308 653827.795 562972.313 466641.499 365772.243 261345.576 154377.126
151887.172 257130.325 359872.691 459115.023 553892.114 643282.186 726415.851 802484.573 870748.526 930543.79 981288.812 1022490.059 1053746.816 1074755.088 1085310.554 1085310.554 1074755.088 1053746.816 1022490.059 981288.812 930543.79 870748.526 802484.573 726415.851 643282.186 553892.114 459115.023 359872.691 257130.325 151887.172
148152.241 250807.448 351023.363 447825.309 540271.816 627463.771 708553.166 782751.346 849336.677 907661.566 957158.76 997346.861 1027835.009 1048326.684 1058622.59 1058622.59 1048326.684 1027835.009 997346.861 957158.76 907661.566 849336.677 782751.346 708553.166 627463.771 540271.816 447825.309 351023.363 250807.448 148152.241
141927.357 240269.32 336274.482 429009.12 517571.32 601099.747 678782.025 749862.634 813650.262 869524.525 916942.005 955441.53 984648.664 1004279.345 1014142.649 1014142.649 1004279.345 984648.664 955441.53 916942.005 869524.525 813650.262 749862.634 678782.025 601099.747 517571.32 429009.12 336274.482 240269.32 141927.357
134457.496 227623.566 318575.825 406429.693 490330.724 569462.919 643056.655 710396.18 770826.564 823760.077 868681.9 905155.134 932825.05 951422.537 960766.72 960766.72 951422.537 932825.05 905155.134 868681.9 823760.077 770826.564 710396.18 643056.655 569462.919 490330.724 406429.693 318575.825 227623.566 134457.496
124497.682 210762.561 294977.616 376323.789 454009.93 527280.48 595422.829 657774.24 713728.3 762740.812 804335.092 838106.606 863726.898 880946.793 889598.815 889598.815 880946.793 863726.898 838106.606 804335.092 762740.812 713728.3 657774.24 595422.829 527280.48 454009.93 376323.789 294977.616 210762.561 124497.682
115782.844 196009.182 274329.183 349981.124 422229.235 490370.847 553743.231 611730.044 663767.319 709348.955 748031.636 779439.143 803266.015 819280.518 827326.898 827326.898 819280.518 803266.015 779439.143 748031.636 709348.955 663767.319 611730.044 553743.231 490370.847 422229.235 349981.124 274329.183 196009.182 115782.844
104578.053 177040.552 247781.197 316111.983 381368.341 442915.603 500155.176 552530.362 599531.772 640702.282 675641.477 704009.549 725530.594 739995.306 747263.004 747263.004 739995.306 725530.594 704009.549 675641.477 640702.282 599531.772 552530.362 500155.176 442915.603 381368.341 316111.983 247781.197 177040.552 104578.053
115782.844 196009.182 274329.183 349981.124 422229.235 490370.847 553743.231 611730.044 663767.319 709348.955 748031.636 779439.143 803266.015 819280.518 827326.898 827326.898 819280.518 803266.015 779439.143 748031.636 709348.955 663767.319 611730.044 553743.231 490370.847 422229.235 349981.124 274329.183 196009.182 115782.844
124497.682 210762.561 294977.616 376323.789 454009.93 527280.48 595422.829 657774.24 713728.3 762740.812 804335.092 838106.606 863726.898 880946.793 889598.815 889598.815 880946.793 863726.898 838106.606 804335.092 762740.812 713728.3 657774.24 595422.829 527280.48 454009.93 376323.789 294977.616 210762.561 124497.682
134457.496 227623.566 318575.825 406429.693 490330.724 569462.919 643056.655 710396.18 770826.564 823760.077 868681.9 905155.134 932825.05 951422.537 960766.72 960766.72 951422.537 932825.05 905155.134 868681.9 823760.077 770826.564 710396.18 643056.655 569462.919 490330.724 406429.693 318575.825 227623.566 134457.496
141927.357 240269.32 336274.482 429009.12 517571.32 601099.747 678782.025 749862.634 813650.262 869524.525 916942.005 955441.53 984648.664 1004279.345 1014142.649 1014142.649 1004279.345 984648.664 955441.53 916942.005 869524.525 813650.262 749862.634 678782.025 601099.747 517571.32 429009.12 336274.482 240269.32 141927.357
148152.241 250807.448 351023.363 447825.309 540271.816 627463.771 708553.166 782751.346 849336.677 907661.566 957158.76 997346.861 1027835.009 1048326.684 1058622.59 1058622.59 1048326.684 1027835.009 997346.861 957158.76 907661.566 849336.677 782751.346 708553.166 627463.771 540271.816 447825.309 351023.363 250807.448 148152.241
151887.172 257130.325 359872.691 459115.023 553892.114 643282.186 726415.851 802484.573 870748.526 930543.79 981288.812 1022490.059 1053746.816 1074755.088 1085310.554 1085310.554 1074755.088 1053746.816 1022490.059 981288.812 930543.79 870748.526 802484.573 726415.851 643282.186 553892.114 459115.023 359872.691 257130.325 151887.172
151887.172 257130.325 359872.691 459115.023 553892.114 643282.186 726415.851 802484.573 870748.526 930543.79 981288.812 1022490.059 1053746.816 1074755.088 1085310.554 1085310.554 1074755.088 1053746.816 1022490.059 981288.812 930543.79 870748.526 802484.573 726415.851 643282.186 553892.114 459115.023 359872.691 257130.325 151887.172
148152.241 250807.448 351023.363 447825.309 540271.816 627463.771 708553.166 782751.346 849336.677 907661.566 957158.76 997346.861 1027835.009 1048326.684 1058622.59 1058622.59 1048326.684 1027835.009 997346.861 957158.76 907661.566 849336.677 782751.346 708553.166 627463.771 540271.816 447825.309 351023.363 250807.448 148152.241
141927.357 240269.32 336274.482 429009.12 517571.32 601099.747 678782.025 749862.634 813650.262 869524.525 916942.005 955441.53 984648.664 1004279.345 1014142.649 1014142.649 1004279.345 984648.664 955441.53 916942.005 869524.525 813650.262 749862.634 678782.025 601099.747 517571.32 429009.12 336274.482 240269.32 141927.357
134457.496 227623.566 318575.825 406429.693 490330.724 569462.919 643056.655 710396.18 770826.564 823760.077 868681.9 905155.134 932825.05 951422.537 960766.72 960766.72 951422.537 932825.05 905155.134 868681.9 823760.077 770826.564 710396.18 643056.655 569462.919 490330.724 406429.693 318575.825 227623.566 134457.496
124497.682 210762.561 294977.616 376323.789 454009.93 527280.48 595422.829 657774.24 713728.3 762740.812 804335.092 838106.606 863726.898 880946.793 889598.815 889598.815 880946.793 863726.898 838106.606 804335.092 762740.812 713728.3 657774.24 595422.829 527280.48 454009.93 376323.789 294977.616 210762.561 124497.682
115782.844 196009.182 274329.183 349981.124 422229.235 490370.847 553743.231 611730.044 663767.319 709348.955 748031.636 779439.143 803266.015 819280.518 827326.898 827326.898 819280.518 803266.015 779439.143 748031.636 709348.955 663767.319 611730.044 553743.231 490370.847 422229.235 349981.124 274329.183 196009.182 115782.844
104578.053 177040.552 247781.197 316111.983 381368.341 442915.603 500155.176 552530.362 599531.772 640702.282 675641.477 704009.549 725530.594 739995.306 747263.004 747263.004 739995.306 725530.594 704009.549 675641.477 640702.282 599531.772 552530.362 500155.176 442915.603 381368.341 316111.983 247781.197 177040.552 104578.053
104578.053 177040.552 247781.197 316111.983 381368.341 442915.603 500155.176 552530.362 599531.772 640702.282 675641.477 704009.549 725530.594 739995.306 747263.004 747263.004 739995.306 725530.594 704009.549 675641.477 640702.282 599531.772 552530.362 500155.176 442915.603 381368.341 316111.983 247781.197 177040.552 104578.053
115782.844 196009.182 274329.183 349981.124 422229.235 490370.847 553743.231 611730.044 663767.319 709348.955 748031.636 779439.143 803266.015 819280.518 827326.898 827326.898 819280.518 803266.015 779439.143 748031.636 709348.955 663767.319 611730.044 553743.231 490370.847 422229.235 349981.124 274329.183 196009.182 115782.844
124497.682 210762.561 294977.616 376323.789 454009.93 527280.48 595422.829 657774.24 713728.3 762740.812 804335.092 838106.606 863726.898 880946.793 889598.815 889598.815 880946.793 863726.898 838106.606 804335.092 762740.812 713728.3 657774.24 595422.829 527280.48 454009.93 376323.789 294977.616 210762.561 124497.682
134457.496 227623.566 318575.825 406429.693 490330.724 569462.919 643056.655 710396.18 770826.564 823760.077 868681.9 905155.134 932825.05 951422.537 960766.72 960766.72 951422.537 932825.05 905155.134 868681.9 823760.077 770826.564 710396.18 643056.655 569462.919 490330.724 406429.693 318575.825 227623.566 134457.496
141927.357 240269.32 336274.482 429009.12 517571.32 601099.747 678782.025 749862.634 813650.262 869524.525 916942.005 955441.53 984648.664 1004279.345 1014142.649 1014142.649 1004279.345 984648.664 955441.53 916942.005 869524.525 813650.262 749862.634 678782.025 601099.747 517571.32 429009.12 336274.482 240269.32 141927.357
148152.241 250807.448 351023.363 447825.309 540271.816 627463.771 708553.166 782751.346 849336.677 907661.566 957158.76 997346.861 1027835.009 1048326.684 1058622.59 1058622.59 1048326.684 1027835.009 997346.861 957158.76 907661.566 849336.677 782751.346 708553.166 627463.771 540271.816 447825.309 351023.363 250807.448 148152.241
148152.241 250807.448 351023.363 447825.309 540271.816 627463.771 708553.166 782751.346 849336.677 907661.566 957158.76 997346.861 1027835.009 1048326.684 1058622.59 1058622.59 1048326.684 1027835.009 997346.861 957158.76 907661.566 849336.677 782751.346 708553.166 627463.771 540271.816 447825.309 351023.363 250807.448 148152.241
148152.241 250807.448 351023.363 447825.309 540271.816 627463.771 708553.166 782751.346 849336.677 907661.566 957158.76 997346.861 1027835.009 1048326.684 1058622.59 1058622.59 1048326.684 1027835.009 997346.861 957158.76 907661.566 849336.677 782751.346 708553.166 627463.771 540271.816 447825.309 351023.363 250807.448 148152.241
141927.357 240269.32 336274.482 429009.12 517571.32 601099.747 678782.025 749862.634 813650.262 869524.525 916942.005 955441.53 984648.664 1004279.345 1014142.649 1014142.649 1004279.345 984648.664 955441.53 916942.005 869524.525 813650.262 749862.634 678782.025 601099.747 517571.32 429009.12 336274.482 240269.32 141927.357
134457.496 227623.566 318575.825 406429.693 490330.724 569462.919 643056.655 710396.18 770826.564 823760.077 868681.9 905155.134 932825.05 951422.537 960766.72 960766.72 951422.537 932825.05 905155.134 868681.9 823760.077 770826.564 710396.18 643056.655 569462.919 490330.724 406429.693 318575.825 227623.566 134457.496
124497.682 210762.561 294977.616 376323.789 454009.93 527280.48 595422.829 657774.24 713728.3 762740.812 804335.092 838106.606 863726.898 880946.793 889598.815 889598.815 880946.793 863726.898 838106.606 804335.092 762740.812 713728.3 657774.24 595422.829 527280.48 454009.93 376323.789 294977.616 210762.561 124497.682
115782.844 196009.182 274329.183 349981.124 422229.235 490370.847 553743.231 611730.044 663767.319 709348.955 748031.636 779439.143 803266.015 819280.518 827326.898 827326.898 819280.518 803266.015 779439.143 748031.636 709348.955 663767.319 611730.044 553743.231 490370.847 422229.235 349981.124 274329.183 196009.182 115782.844
104578.053 177040.552 247781.197 316111.983 381368.341 442915.603 500155.176 552530.362 599531.772 640702.282 675641.477 704009.549 725530.594 739995.306 747263.004 747263.004 739995.306 725530.594 704009.549 675641.477 640702.282 599531.772 552530.362 500155.176 442915.603 381368.341 316111.983 247781.197 177040.552 104578.053
104578.053 177040.552 247781.197 316111.983 381368.341 442915.603 500155.176 552530.362 599531.772 640702.282 675641.477 704009.549 725530.594 739995.306 747263.004 747263.004 739995.306 725530.594 704009.549 675641.477 640702.282 599531.772 552530.362 500155.176 442915.603 381368.341 316111.983 247781.197 177040.552 104578.053
115782.844 196009.182 274329.183 349981.124 422229.235 490370.847 553743.231 611730.044 663767.319 709348.955 748031.636 779439.143 803266.015 819280.518 827326.898 827326.898 819280.518 803266.015 779439.143 748031.636 709348.955 663767.319 611730.044 553743.231 490370.847 422229.235 349981.124 274329.183 196009.182 115782.844
124497.682 210762.561 294977.616 376323.789 454009.93 527280.48 595422.829 657774.24 713728.3 762740.812 804335.092 838106.606 863726.898 880946.793 889598.815 889598.815 880946.793 863726.898 838106.606 804335.092 762740.812 713728.3 657774.24 595422.829 527280.48 454009.93 376323.789 294977.616 210762.561 124497.682
134457.496 227623.566 318575.825 406429.693 490330.724 569462.919 643056.655 710396.18 770826.564 823760.077 868681.9 905155.134 932825.05 951422.537 960766.72 960766.72 951422.537 932825.05 905155.134 868681.9 823760.077 770826.564 710396.18 643056.655 569462.919 490330.724 406429.693 318575.825 227623.566 134457.496
141927.357 240269.32 336274.482 429009.12 517571.32 601099.747 678782.025 749862.634 813650.262 869524.525 916942.005 955441.53 984648.664 1004279.345 1014142.649 1014142.649 1004279.345 984648.664 955441.53 916942.005 869524.525 813650.262 749862.634 678782.025 601099.747 517571.32 429009.12 336274.482 240269.32 141927.357
141927.357 240269.32 336274.482 429009.12 517571.32 601099.747 678782.025 749862.634 813650.262 869524.525 916942.005 955441.53 984648.664 1004279.345 1014142.649 1014142.649 1004279.345 984648.664 955441.53 916942.005 869524.525 813650.262 749862.634 678782.025 601099.747 517571.32 429009.12 336274.482 240269.32 141927.357
141927.357 240269.32 336274.482 429009.12 517571.32 601099.747 678782.025 749862.634 813650.262 869524.525 916942.005 955441.53 984648.664 1004279.345 1014142.649 1014142.649 1004279.345 984648.664 955441.53 916942.005 869524.525 813650.262 749862.634 678782.025 601099.747 517571.32 429009.12 336274.482 240269.32 141927.357
141927.357 240269.32 336274.482 429009.12 517571.32 601099.747 678782.025 749862.634 813650.262 869524.525 916942.005 955441.53 984648.664 1004279.345 1014142.649 1014142.649 1004279.345 984648.664 955441.53 916942.005 869524.525 813650.262 749862.634 678782.025 601099.747 517571.32 429009.12 336274.482 240269.32 141927.357
134457.496 227623.566 318575.825 406429.693 490330.724 569462.919 643056.655 710396.18 770826.564 823760.077 868681.9 905155.134 932825.05 951422.537 960766.72 960766.72 951422.537 932825.05 905155.134 868681.9 823760.077 770826.564 710396.18 643056.655 569462.919 490330.724 406429.693 318575.825 227623.566 134457.496
124497.682 210762.561 294977.616 376323.789 454009.93 527280.48 595422.829 657774.24 713728.3 762740.812 804335.092 838106.606 863726.898 880946.793 889598.815 889598.815 880946.793 863726.898 838106.606 804335.092 762740.812 713728.3 657774.24 595422.829 527280.48 454009.93 376323.789 294977.616 210762.561 124497.682
115782.844 196009.182 274329.183 349981.124 422229.235 490370.847 553743.231 611730.044 663767.319 709348.955 748031.636 779439.143 803266.015 819280.518 827326.898 827326.898 819280.518 803266.015 779439.143 748031.636 709348.955 663767.319 611730.044 553743.231 490370.847 422229.235 349981.124 274329.183 196009.182 115782.844
104578.053 177040.552 247781.197 316111.983 381368.341 442915.603 500155.176 552530.362 599531.772 640702.282 675641.477 704009.549 725530.594 739995.306 747263.004 747263.004 739995.306 725530.594 704009.549 675641.477 640702.282 599531.772 552530.362 500155.176 442915.603 381368.341 316111.983 247781.197 177040.552 104578.053
104578.053 177040.552 247781.197 316111.983 381368.341 442915.603 500155.176 552530.362 599531.772 640702.282 675641.477 704009.549 725530.594 739995.306 747263.004 747263.004 739995.306 725530.594 704009.549 675641.477 640702.282 599531.772 552530.362 500155.176 442915.603 381368.341 316111.983 247781.197 177040.552 104578.053
115782.844 196009.182 274329.183 349981.124 422229.235 490370.847 553743.231 611730.044 663767.319 709348.955 748031.636 779439.143 803266.015 819280.518 827326.898 827326.898 819280.518 803266.015 779439.143 748031.636 709348.955 663767.319 611730.044 553743.231 490370.847 422229.235 349981.124 274329.183 196009.182 115782.844
124497.682 210762.561 294977.616 376323.789 454009.93 527280.48 595422.829 657774.24 713728.3 762740.812 804335.092 838106.606 863726.898 880946.793 889598.815 889598.815 880946.793 863726.898 838106.606 804335.092 762740.812 713728.3 657774.24 595422.829 527280.48 454009.93 376323.789 294977.616 210762.561 124497.682
134457.496 227623.566 318575.825 406429.693 490330.724 569462.919 643056.655 710396.18 770826.564 823760.077 868681.9 905155.134 932825.05 951422.537 960766.72 960766.72 951422.537 932825.05 905155.134 868681.9 823760.077 770826.564 710396.18 643056.655 569462.919 490330.724 406429.693 318575.825 227623.566 134457.496
134457.496 227623.566 318575.825 406429.693 490330.724 569462.919 643056.655 710396.18 770826.564 823760.077 868681.9 905155.134 932825.05 951422.537 960766.72 960766.72 951422.537 932825.05 905155.134 868681.9 823760.077 770826.564 710396.18 643056.655 569462.919 490330.724 406429.693 318575.825 227623.566 134457.496
134457.496 227623.566 318575.825 406429.693 490330.724 569462.919 643056.655 710396.18 770826.564 823760.077 868681.9 905155.134 932825.05 951422.537 960766.72 960766.72 951422.537 932825.05 905155.134 868681.9 823760.077 770826.564 710396.18 643056.655 569462.919 490330.724 406429.693 318575.825 227623.566 134457.496
134457.496 227623.566 318575.825 406429.693 490330.724 569462.919 643056.655 710396.18 770826.564 823760.077 868681.9 905155.134 932825.05 951422.537 960766.72 960766.72 951422.537 932825.05 905155.134 868681.9 823760.077 770826.564 710396.18 643056.655 569462.919 490330.724 406429.693 318575.825 227623.566 134457.496
134457.496 227623.566 318575.825 406429.693 490330.724 569462.919 643056.655 710396.18 770826.564 823760.077 868681.9 905155.134 932825.05 951422.537 960766.72 960766.72 951422.537 932825.05 905155.134 868681.9 823760.077 770826.564 710396.18 643056.655 569462.919 490330.724 406429.693 318575.825 227623.566 134457.496
124497.682 210762.561 294977.616 376323.789 454009.93 527280.48 595422.829 657774.24 713728.3 762740.812 804335.092 838106.606 863726.898 880946.793 889598.815 889598.815 880946.793 863726.898 838106.606 804335.092 762740.812 713728.3 657774.24 595422.829 527280.48 454009.93 376323.789 294977.616 210762.561 124497.682
115782.844 196009.182 274329.183 349981.124 422229.235 490370.847 553743.231 611730.044 663767.319 709348.955 748031.636 779439.143 803266.015 819280.518 827326.898 827326.898 819280.518 803266.015 779439.143 748031.636 709348.955 663767.319 611730.044 553743.231 490370.847 422229.235 349981.124 274329.183 196009.182 115782.844
104578.053 177040.552 247781.197 316111.983 381368.341 442915.603 500155.176 552530.362 599531.772 640702.282 675641.477 704009.549 725530.594 739995.306 747263.004 747263.004 739995.306 725530.594 704009.549 675641.477 640702.282 599531.772 552530.362 500155.176 442915.603 381368.341 316111.983 247781.197 177040.552 104578.053
104578.053 177040.552 247781.197 316111.983 381368.341 442915.603 500155.176 552530.362 599531.772 640702.282 675641.477 704009.549 725530.594 739995.306 747263.004 747263.004 739995.306 725530.594 704009.549 675641.477 640702.282 599531.772 552530.362 500155.176 442915.603 381368.341 316111.983 247781.197 177040.552 104578.053
115782.844 196009.182 274329.183 349981.124 422229.235 490370.847 553743.231 611730.044 663767.319 709348.955 748031.636 779439.143 803266.015 819280.518 827326.898 827326.898 819280.518 803266.015 779439.143 748031.636 709348.955 663767.319 611730.044 553743.231 490370.847 422229.235 349981.124 274329.183 196009.182 115782.844
124497.682 210762.561 294977.616 376323.789 454009.93 527280.48 595422.829 657774.24 713728.3 762740.812 804335.092 838106.606 863726.898 880946.793 889598.815 889598.815 880946.793 863726.898 838106.606 804335.092 762740.812 713728.3 657774.24 595422.829 527280.48 454009.93 376323.789 294977.616 210762.561 124497.682
124497.682 210762.561 294977.616 376323.789 454009.93 527280.48 595422.829 657774.24 713728.3 762740.812 804335.092 838106.606 863726.898 880946.793 889598.815 889598.815 880946.793 863726.898 838106.606 804335.092 762740.812 713728.3 657774.24 595422.829 527280.48 454009.93 376323.789 294977.616 210762.561 124497.682
124497.682 210762.561 294977.616 376323.789 454009.93 527280.48 595422.829 657774.24 713728.3 762740.812 804335.092 838106.606 863726.898 880946.793 889598.815 889598.815 880946.793 863726.898 838106.606 804335.092 762740.812 713728.3 657774.24 595422.829 527280.48 454009.93 376323.789 294977.616 210762.561 124497.682
124497.682 210762.561 294977.616 376323.789 454009.93 527280.48 595422.829 657774.24 713728.3 762740.812 804335.092 838106.606 863726.898 880946.793 889598.815 889598.815 880946.793 863726.898 838106.606 804335.092 762740.812 713728.3 657774.24 595422.829 527280.48 454009.93 376323.789 294977.616 210762.561 124497.682
124497.682 210762.561 294977.616 376323.789 454009.93 527280.48 595422.829 657774.24 713728.3 762740.812 804335.092 838106.606 863726.898 880946.793 889598.815 889598.815 880946.793 863726.898 838106.606 804335.092 762740.812 713728.3 657774.24 595422.829 527280.48 454009.93 376323.789 294977.616 210762.561 124497.682
124497.682 210762.561 294977.616 376323.789 454009.93 527280.48 595422.829 657774.24 713728.3 762740.812 804335.092 838106.606 863726.898 880946.793 889598.815 889598.815 880946.793 863726.898 838106.606 804335.092 762740.812 713728.3 657774.24 595422.829 527280.48 454009.93 376323.789 294977.616 210762.561 124497.682
115782.844 196009.182 274329.183 349981.124 422229.235 490370.847 553743.231 611730.044 663767.319 709348.955 748031.636 779439.143 803266.015 819280.518 827326.898 827326.898 819280.518 803266.015 779439.143 748031.636 709348.955 663767.319 611730.044 553743.231 490370.847 422229.235 349981.124 274329.183 196009.182 115782.844
104578.053 177040.552 247781.197 316111.983 381368.341 442915.603 500155.176 552530.362 599531.772 640702.282 675641.477 704009.549 725530.594 739995.306 747263.004 747263.004 739995.306 725530.594 704009.549 675641.477 640702.282 599531.772 552530.362 500155.176 442915.603 381368.341 316111.983 247781.197 177040.552 104578.053
104578.053 177040.552 247781.197 316111.983 381368.341 442915.603 500155.176 552530.362 599531.772 640702.282 675641.477 704009.549 725530.594 739995.306 747263.004 747263.004 739995.306 725530.594 704009.549 675641.477 640702.282 599531.772 552530.362 500155.176 442915.603 381368.341 316111.983 247781.197 177040.552 104578.053
115782.844 196009.182 274329.183 349981.124 422229.235 490370.847 553743.231 611730.044 663767.319 709348.955 748031.636 779439.143 803266.015 819280.518 827326.898 827326.898 819280.518 803266.015 779439.143 748031.636 709348.955 663767.319 611730.044 553743.231 490370.847 422229.235 349981.124 274329.183 196009.182 115782.844
115782.844 196009.182 274329.183 349981.124 422229.235 490370.847 553743.231 611730.044 663767.319 709348.955 748031.636 779439.143 803266.015 819280.518 827326.898 827326.898 819280.518 803266.015 779439.143 748031.636 709348.955 663767.319 611730.044 553743.231 490370.847 422229.235 349981.124 274329.183 196009.182 115782.844
115782.844 196009.182 274329.183 349981.124 422229.235 490370.847 553743.231 611730.044 663767.319 709348.955 748031.636 779439.143 803266.015 819280.518 827326.898 827326.898 819280.518 803266.015 779439.143 748031.636 709348.955 663767.319 611730.044 553743.231 490370.847 422229.235 349981.124 274329.183 196009.182 115782.844
115782.844 196009.182 274329.183 349981.124 422229.235 490370.847 553743.231 611730.044 663767.319 709348.955 748031.636 779439.143 803266.015 819280.518 827326.898 827326.898 819280.518 803266.015 779439.143 748031.636 709348.955 663767.319 611730.044 553743.231 490370.847 422229.235 349981.124 274329.183 196009.182 115782.844
115782.844 196009.182 274329.183 349981.124 422229.235 490370.847 553743.231 611730.044 663767.319 709348.955 748031.636 779439.143 803266.015 819280.518 827326.898 827326.898 819280.518 803266.015 779439.143 748031.636 709348.955 663767.319 611730.044 553743.231 490370.847 422229.235 349981.124 274329.183 196009.182 115782.844
115782.844 196009.182 274329.183 349981.124 422229.235 490370.847 553743.231 611730.044 663767.319 709348.955 748031.636 779439.143 803266.015 819280.518 827326.898 827326.898 819280.518 803266.015 779439.143 748031.636 709348.955 663767.319 611730.044 553743.231 490370.847 422229.235 349981.124 274329.183 196009.182 115782.844
115782.844 196009.182 274329.183 349981.124 422229.235 490370.847 553743.231 611730.044 663767.319 709348.955 748031.636 779439.143 803266.015 819280.518 827326.898 827326.898 819280.518 803266.015 779439.143 748031.636 709348.955 663767.319 611730.044 553743.231 490370.847 422229.235 349981.124 274329.183 196009.182 115782.844
104578.053 177040.552 247781.197 316111.983 381368.341 442915.603 500155.176 552530.362 599531.772 640702.282 675641.477 704009.549 725530.594 739995.306 747263.004 747263.004 739995.306 725530.594 704009.549 675641.477 640702.282 599531.772 552530.362 500155.176 442915.603 381368.341 316111.983 247781.197 177040.552 104578.053
104578.053 177040.552 247781.197 316111.983 381368.341 442915.603 500155.176 552530.362 599531.772 640702.282 675641.477 704009.549 725530.594 739995.306 747263.004 747263.004 739995.306 725530.594 704009.549 675641.477 640702.282 599531.772 552530.362 500155.176 442915.603 381368.341 316111.983 247781.197 177040.552 104578.053
104578.053 177040.552 247781.197 316111.983 381368.341 442915.603 500155.176 552530.362 599531.772 640702.282 675641.477 704009.549 725530.594 739995.306 747263.004 747263.004 739995.306 725530.594 704009.549 675641.477 640702.282 599531.772 552530.362 500155.176 442915.603 381368.341 316111.983 247781.197 177040.552 104578.053
104578.053 177040.552 247781.197 316111.983 381368.341 442915.603 500155.176 552530.362 599531.772 640702.282 675641.477 704009.549 725530.594 739995.306 747263.004 747263.004 739995.306 725530.594 704009.549 675641.477 640702.282 599531.772 552530.362 500155.176 442915.603 381368.341 316111.983 247781.197 177040.552 104578.053
104578.053 177040.552 247781.197 316111.983 381368.341 442915.603 500155.176 552530.362 599531.772 640702.282 675641.477 704009.549 725530.594 739995.306 747263.004 747263.004 739995.306 725530.594 704009.549 675641.477 640702.282 599531.772 552530.362 500155.176 442915.603 381368.341 316111.983 247781.197 177040.552 104578.053
104578.053 177040.552 247781.197 316111.983 381368.341 442915.603 500155.176 552530.362 599531.772 640702.282 675641.477 704009.549 725530.594 739995.306 747263.004 747263.004 739995.306 725530.594 704009.549 675641.477 640702.282 599531.772 552530.362 500155.176 442915.603 381368.341 316111.983 247781.197 177040.552 104578.053
104578.053 177040.552 247781.197 316111.983 381368.341 442915.603 500155.176 552530.362 599531.772 640702.282 675641.477 704009.549 725530.594 739995.306 747263.004 747263.004 739995.306 725530.594 704009.549 675641.477 640702.282 599531.772 552530.362 500155.176 442915.603 381368.341 316111.983 247781.197 177040.552 104578.053
