    -0.6025    1.4610  751.9757  751.9584  751.9397  751.9146  751.8891  751.8579  751.8265  751.7899  751.7539  751.7132  751.6733  751.6292  751.5867  751.5404  751.4961  751.4488  751.4040  751.3567  751.3124  751.2663  751.2239  751.1802  751.1407  751.1005  751.0653
   751.0300  751.0004  750.9713  750.9488  750.9279   -0.3615    1.4610  751.9755  751.9577  751.9386  751.9132  751.8871  751.8555  751.8239  751.7870  751.7506  751.7096  751.6696  751.6255  751.5828  751.5366  751.4924  751.4452  751.4005  751.3534  751.3095  751.2637
   751.2216  751.1782  751.1392  751.0995  751.0646  751.0297  751.0005  750.9719  750.9497  750.9293   -0.1205    1.4610  751.9754  751.9574  751.9381  751.9124  751.8863  751.8544  751.8226  751.7857  751.7493  751.7083  751.6682  751.6242  751.5815  751.5353  751.4911
   751.4439  751.3994  751.3523  751.3084  751.2626  751.2206  751.1773  751.1383  751.0985  751.0638  751.0289  750.9998  750.9711  750.9491  750.9289    0.1205    1.4610  751.9752  751.9568  751.9371  751.9112  751.8847  751.8526  751.8204  751.7832  751.7465  751.7052
   751.6649  751.6207  751.5779  751.5316  751.4875  751.4402  751.3957  751.3487  751.3049  751.2593  751.2175  751.1745  751.1356  751.0963  751.0618  751.0273  750.9985  750.9703  750.9485  750.9287    0.3615    1.4610  751.9755  751.9578  751.9387  751.9133  751.8873
   751.8556  751.8239  751.7870  751.7507  751.7096  751.6695  751.6254  751.5826  751.5363  751.4919  751.4447  751.3998  751.3526  751.3086  751.2625  751.2203  751.1766  751.1374  751.0975  751.0624  751.0273  750.9979  750.9692  750.9469  750.9265    0.6025    1.4610
   751.9757  751.9584  751.9397  751.9147  751.8892  751.8580  751.8268  751.7905  751.7545  751.7140  751.6744  751.6306  751.5883  751.5423  751.4982  751.4511  751.4066  751.3594  751.3155  751.2694  751.2271  751.1834  751.1439  751.1038  751.0685  751.0330  751.0031
   750.9738  750.9509  750.9298   -0.9640    1.2523  751.9752  751.9568  751.9369  751.9108  751.8840  751.8517  751.8194  751.7820  751.7451  751.7036  751.6632  751.6187  751.5759  751.5295  751.4852  751.4380  751.3935  751.3465  751.3028  751.2571  751.2155  751.1725
   751.1339  751.0946  751.0604  751.0262  750.9975  750.9697  750.9483  750.9287   -0.7230    1.2523  751.9746  751.9555  751.9347  751.9076  751.8796  751.8457  751.8118  751.7725  751.7336  751.6900  751.6474  751.6006  751.5553  751.5064  751.4596  751.4099  751.3628
   751.3133  751.2671  751.2193  751.1752  751.1301  751.0894  751.0483  751.0122  750.9764  750.9464  750.9174  750.8952  750.8750   -0.4820    1.2523  751.9749  751.9564  751.9363  751.9097  751.8823  751.8490  751.8155  751.7766  751.7380  751.6947  751.6523  751.6057
   751.5604  751.5117  751.4649  751.4149  751.3677  751.3180  751.2716  751.2233  751.1789  751.1333  751.0922  751.0505  751.0140  750.9775  750.9470  750.9173  750.8945  750.8736   -0.2410    1.2523  751.9748  751.9560  751.9356  751.9087  751.8810  751.8475  751.8136
   751.7745  751.7357  751.6921  751.6495  751.6026  751.5572  751.5081  751.4610  751.4109  751.3636  751.3137  751.2671  751.2188  751.1744  751.1288  751.0878  751.0463  751.0100  750.9740  750.9436  750.9144  750.8918  750.8714    0.0000    1.2523  751.9748  751.9562
   751.9358  751.9090  751.8812  751.8477  751.8138  751.7747  751.7359  751.6924  751.6498  751.6029  751.5576  751.5086  751.4618  751.4119  751.3645  751.3149  751.2685  751.2204  751.1762  751.1308  751.0899  751.0486  751.0124  750.9763  750.9462  750.9170  750.8944
   750.8740    0.2410    1.2523  751.9747  751.9557  751.9351  751.9081  751.8803  751.8467  751.8128  751.7737  751.7349  751.6915  751.6490  751.6023  751.5571  751.5082  751.4615  751.4117  751.3646  751.3151  751.2689  751.2208  751.1767  751.1314  751.0906  751.0491
   751.0128  750.9768  750.9465  750.9170  750.8944  750.8738    0.4820    1.2523  751.9747  751.9559  751.9353  751.9083  751.8805  751.8467  751.8128  751.7736  751.7347  751.6911  751.6484  751.6016  751.5562  751.5073  751.4603  751.4105  751.3633  751.3137  751.2674
   751.2193  751.1751  751.1298  751.0891  751.0478  751.0116  750.9756  750.9455  750.9163  750.8939  750.8735    0.7230    1.2523  751.9753  751.9573  751.9378  751.9116  751.8846  751.8517  751.8184  751.7799  751.7417  751.6985  751.6563  751.6097  751.5645  751.5157
   751.4689  751.4189  751.3715  751.3217  751.2750  751.2266  751.1820  751.1362  751.0950  751.0532  751.0164  750.9799  750.9493  750.9195  750.8966  750.8756    0.9640    1.2523  751.9752  751.9567  751.9369  751.9109  751.8844  751.8521  751.8199  751.7826  751.7458
   751.7045  751.6640  751.6196  751.5768  751.5303  751.4860  751.4387  751.3941  751.3469  751.3031  751.2573  751.2154  751.1722  751.1334  751.0940  751.0596  751.0251  750.9963  750.9682  750.9467  750.9268   -1.0845    1.0436  751.9755  751.9578  751.9386  751.9132
   751.8872  751.8556  751.8239  751.7870  751.7506  751.7095  751.6695  751.6252  751.5825  751.5361  751.4918  751.4444  751.3997  751.3524  751.3083  751.2624  751.2202  751.1768  751.1377  751.0981  751.0633  751.0285  750.9994  750.9710  750.9490  750.9289   -0.8435
     1.0436  751.9747  751.9559  751.9354  751.9085  751.8807  751.8471  751.8133  751.7742  751.7354  751.6919  751.6492  751.6024  751.5571  751.5080  751.4611  751.4111  751.3638  751.3140  751.2676  751.2195  751.1751  751.1297  751.0887  751.0472  751.0110  750.9749
   750.9447  750.9155  750.8930  750.8727   -0.6025    1.0436  751.9742  751.9547  751.9333  751.9053  751.8763  751.8412  751.8058  751.7650  751.7244  751.6791  751.6344  751.5857  751.5382  751.4872  751.4383  751.3862  751.3370  751.2854  751.2370  751.1871  751.1410
   751.0939  751.0515  751.0088  750.9711  750.9340  750.9029  750.8727  750.8496  750.8288   -0.3615    1.0436  751.9740  751.9541  751.9322  751.9036  751.8741  751.8385  751.8026  751.7615  751.7205  751.6748  751.6300  751.5809  751.5334  751.4823  751.4332  751.3811
   751.3319  751.2802  751.2320  751.1820  751.1360  751.0890  751.0466  751.0038  750.9663  750.9291  750.8979  750.8678  750.8448  750.8242   -0.1205    1.0436  751.9743  751.9551  751.9339  751.9060  751.8771  751.8423  751.8071  751.7663  751.7258  751.6805  751.6359
   751.5871  751.5397  751.4886  751.4396  751.3875  751.3381  751.2863  751.2377  751.1874  751.1410  751.0935  751.0506  751.0072  750.9690  750.9312  750.8993  750.8685  750.8446  750.8232    0.1205    1.0436  751.9743  751.9550  751.9339  751.9060  751.8771  751.8422
   751.8070  751.7662  751.7258  751.6804  751.6359  751.5870  751.5395  751.4883  751.4391  751.3869  751.3373  751.2853  751.2366  751.1861  751.1396  751.0919  751.0489  751.0055  750.9673  750.9295  750.8977  750.8670  750.8433  750.8219    0.3615    1.0436  751.9740
   751.9540  751.9321  751.9036  751.8742  751.8387  751.8030  751.7618  751.7209  751.6753  751.6305  751.5814  751.5339  751.4826  751.4335  751.3813  751.3319  751.2800  751.2315  751.1814  751.1353  751.0881  751.0455  751.0027  750.9652  750.9281  750.8970  750.8670
   750.8440  750.8234    0.6025    1.0436  751.9742  751.9542  751.9326  751.9041  751.8748  751.8394  751.8037  751.7626  751.7218  751.6763  751.6316  751.5827  751.5353  751.4844  751.4356  751.3839  751.3348  751.2834  751.2354  751.1857  751.1399  751.0931  751.0511
   751.0084  750.9711  750.9341  750.9031  750.8732  750.8502  750.8296    0.8435    1.0436  751.9747  751.9557  751.9352  751.9081  751.8802  751.8465  751.8126  751.7734  751.7346  751.6911  751.6484  751.6016  751.5562  751.5073  751.4605  751.4106  751.3635  751.3139
   751.2676  751.2195  751.1754  751.1301  751.0894  751.0481  751.0120  750.9761  750.9460  750.9168  750.8944  750.8740    1.0845    1.0436  751.9753  751.9571  751.9374  751.9115  751.8850  751.8528  751.8207  751.7834  751.7466  751.7052  751.6649  751.6204  751.5775
   751.5311  751.4867  751.4394  751.3947  751.3477  751.3038  751.2581  751.2162  751.1731  751.1343  751.0949  751.0605  751.0260  750.9972  750.9690  750.9474  750.9276   -1.2050    0.8348  751.9753  751.9571  751.9376  751.9118  751.8854  751.8534  751.8214  751.7843
   751.7476  751.7065  751.6662  751.6219  751.5793  751.5330  751.4887  751.4415  751.3969  751.3499  751.3061  751.2605  751.2185  751.1754  751.1366  751.0972  751.0627  751.0283  750.9994  750.9713  750.9495  750.9297   -0.9640    0.8348  751.9746  751.9555  751.9347
   751.9073  751.8792  751.8451  751.8109  751.7715  751.7324  751.6887  751.6458  751.5989  751.5533  751.5044  751.4574  751.4075  751.3604  751.3109  751.2647  751.2168  751.1729  751.1277  751.0872  751.0461  751.0102  750.9745  750.9446  750.9156  750.8934  750.8733
    -0.7230    0.8348  751.9742  751.9546  751.9331  751.9050  751.8758  751.8407  751.8051  751.7643  751.7236  751.6781  751.6334  751.5845  751.5370  751.4859  751.4368  751.3846  751.3350  751.2832  751.2346  751.1844  751.1379  751.0905  751.0478  751.0046  750.9667
   750.9292  750.8976  750.8672  750.8439  750.8229   -0.4820    0.8348  751.9736  751.9531  751.9304  751.9009  751.8702  751.8333  751.7959  751.7530  751.7103  751.6626  751.6157  751.5645  751.5147  751.4612  751.4098  751.3555  751.3038  751.2498  751.1992  751.1469
   751.0988  751.0497  751.0055  750.9610  750.9219  750.8834  750.8511  750.8200  750.7962  750.7750   -0.2410    0.8348  751.9736  751.9531  751.9304  751.9010  751.8702  751.8333  751.7961  751.7532  751.7104  751.6627  751.6157  751.5645  751.5146  751.4610  751.4094
   751.3550  751.3032  751.2490  751.1982  751.1459  751.0975  751.0483  751.0037  750.9589  750.9197  750.8807  750.8481  750.8168  750.7927  750.7711    0.0000    0.8348  751.9733  751.9522  751.9291  751.8990  751.8679  751.8305  751.7928  751.7496  751.7067  751.6588
   751.6117  751.5604  751.5104  751.4569  751.4054  751.3510  751.2993  751.2453  751.1947  751.1425  751.0943  751.0451  751.0007  750.9561  750.9168  750.8781  750.8455  750.8143  750.7902  750.7689    0.2410    0.8348  751.9736  751.9530  751.9302  751.9004  751.8696
   751.8325  751.7949  751.7518  751.7089  751.6610  751.6140  751.5626  751.5127  751.4591  751.4077  751.3531  751.3014  751.2473  751.1967  751.1443  751.0960  751.0468  751.0024  750.9576  750.9183  750.8794  750.8469  750.8155  750.7913  750.7698    0.4820    0.8348
   751.9738  751.9540  751.9320  751.9030  751.8729  751.8365  751.7996  751.7571  751.7148  751.6675  751.6208  751.5699  751.5203  751.4669  751.4155  751.3611  751.3093  751.2553  751.2045  751.1520  751.1037  751.0542  751.0095  750.9646  750.9251  750.8860  750.8532
   750.8217  750.7974  750.7757    0.7230    0.8348  751.9740  751.9541  751.9324  751.9039  751.8745  751.8391  751.8035  751.7624  751.7217  751.6761  751.6313  751.5823  751.5347  751.4835  751.4343  751.3821  751.3325  751.2807  751.2321  751.1818  751.1355  751.0882
   751.0454  751.0024  750.9646  750.9272  750.8960  750.8657  750.8426  750.8217    0.9640    0.8348  751.9746  751.9553  751.9345  751.9071  751.8790  751.8450  751.8108  751.7713  751.7322  751.6885  751.6457  751.5989  751.5534  751.5044  751.4576  751.4077  751.3607
   751.3111  751.2649  751.2171  751.1731  751.1280  751.0875  751.0464  751.0105  750.9748  750.9450  750.9161  750.8939  750.8739    1.2050    0.8348  751.9751  751.9566  751.9368  751.9107  751.8842  751.8519  751.8197  751.7823  751.7455  751.7042  751.6638  751.6194
   751.5765  751.5301  751.4858  751.4386  751.3939  751.3469  751.3032  751.2575  751.2158  751.1727  751.1341  751.0948  751.0605  751.0262  750.9974  750.9694  750.9478  750.9282   -1.3255    0.6261  751.9754  751.9574  751.9381  751.9125  751.8864  751.8546  751.8228
   751.7859  751.7494  751.7083  751.6682  751.6240  751.5814  751.5350  751.4908  751.4436  751.3989  751.3518  751.3079  751.2621  751.2201  751.1767  751.1377  751.0980  751.0633  751.0284  750.9993  750.9707  750.9488  750.9284   -1.0845    0.6261  751.9749  751.9564
   751.9362  751.9095  751.8818  751.8484  751.8146  751.7755  751.7368  751.6932  751.6506  751.6037  751.5583  751.5093  751.4623  751.4124  751.3650  751.3153  751.2689  751.2206  751.1762  751.1308  751.0897  751.0483  751.0119  750.9757  750.9453  750.9158  750.8931
   750.8725   -0.8435    0.6261  751.9741  751.9543  751.9327  751.9044  751.8752  751.8399  751.8044  751.7634  751.7226  751.6771  751.6323  751.5835  751.5359  751.4848  751.4357  751.3835  751.3341  751.2822  751.2336  751.1834  751.1370  751.0897  751.0469  751.0037
   750.9658  750.9281  750.8966  750.8661  750.8426  750.8214   -0.6025    0.6261  751.9736  751.9531  751.9305  751.9011  751.8704  751.8336  751.7963  751.7534  751.7108  751.6630  751.6161  751.5649  751.5150  751.4614  751.4098  751.3553  751.3034  751.2492  751.1984
   751.1460  751.0975  751.0480  751.0034  750.9585  750.9190  750.8799  750.8471  750.8156  750.7913  750.7696   -0.3615    0.6261  751.9734  751.9527  751.9299  751.8999  751.8686  751.8311  751.7928  751.7490  751.7050  751.6559  751.6075  751.5547  751.5031  751.4479
   751.3946  751.3381  751.2844  751.2283  751.1756  751.1212  751.0709  751.0198  750.9734  750.9269  750.8861  750.8458  750.8120  750.7797  750.7548  750.7328   -0.1205    0.6261  751.9730  751.9513  751.9275  751.8965  751.8642  751.8256  751.7865  751.7418  751.6971
   751.6475  751.5987  751.5455  751.4938  751.4384  751.3850  751.3287  751.2750  751.2192  751.1667  751.1127  751.0629  751.0122  750.9663  750.9203  750.8798  750.8401  750.8065  750.7745  750.7498  750.7279    0.1205    0.6261  751.9734  751.9527  751.9298  751.8997
   751.8684  751.8307  751.7925  751.7486  751.7047  751.6557  751.6075  751.5549  751.5036  751.4485  751.3954  751.3392  751.2857  751.2298  751.1773  751.1230  751.0728  751.0216  750.9752  750.9285  750.8873  750.8466  750.8123  750.7793  750.7537  750.7307    0.3615
     0.6261  751.9732  751.9524  751.9293  751.8991  751.8676  751.8299  751.7915  751.7475  751.7036  751.6546  751.6063  751.5535  751.5021  751.4470  751.3938  751.3377  751.2842  751.2283  751.1757  751.1216  751.0716  751.0206  750.9746  750.9283  750.8874  750.8472
   750.8133  750.7809  750.7558  750.7336    0.6025    0.6261  751.9736  751.9530  751.9303  751.9007  751.8700  751.8330  751.7957  751.7528  751.7099  751.6623  751.6154  751.5641  751.5144  751.4608  751.4094  751.3550  751.3032  751.2491  751.1984  751.1460  751.0977
   751.0484  751.0038  750.9589  750.9195  750.8805  750.8477  750.8163  750.7920  750.7704    0.8435    0.6261  751.9742  751.9547  751.9332  751.9050  751.8759  751.8407  751.8051  751.7642  751.7233  751.6777  751.6328  751.5837  751.5361  751.4847  751.4354  751.3831
   751.3336  751.2817  751.2331  751.1828  751.1366  751.0892  751.0465  751.0034  750.9656  750.9281  750.8966  750.8662  750.8427  750.8217    1.0845    0.6261  751.9743  751.9547  751.9336  751.9059  751.8774  751.8431  751.8087  751.7690  751.7299  751.6860  751.6430
   751.5962  751.5508  751.5018  751.4550  751.4052  751.3582  751.3089  751.2629  751.2151  751.1714  751.1264  751.0861  751.0453  751.0097  750.9742  750.9447  750.9161  750.8941  750.8744    1.3255    0.6261  751.9752  751.9568  751.9372  751.9112  751.8846  751.8525
   751.8203  751.7830  751.7462  751.7047  751.6644  751.6200  751.5770  751.5307  751.4864  751.4391  751.3945  751.3475  751.3037  751.2580  751.2162  751.1731  751.1345  751.0951  751.0608  751.0265  750.9979  750.9698  750.9483  750.9286   -1.4460    0.4174  751.9755
   751.9578  751.9387  751.9134  751.8874  751.8558  751.8242  751.7873  751.7510  751.7100  751.6699  751.6258  751.5831  751.5368  751.4927  751.4453  751.4006  751.3534  751.3095  751.2637  751.2215  751.1781  751.1391  751.0993  751.0644  751.0296  751.0004  750.9719
   750.9498  750.9295   -1.2050    0.4174  751.9747  751.9559  751.9354  751.9085  751.8806  751.8469  751.8131  751.7740  751.7353  751.6919  751.6492  751.6025  751.5572  751.5083  751.4615  751.4115  751.3643  751.3146  751.2683  751.2200  751.1757  751.1302  751.0892
   751.0476  751.0114  750.9751  750.9448  750.9154  750.8928  750.8722   -0.9640    0.4174  751.9740  751.9541  751.9323  751.9039  751.8745  751.8391  751.8034  751.7624  751.7216  751.6760  751.6312  751.5823  751.5347  751.4837  751.4347  751.3826  751.3333  751.2817
   751.2333  751.1832  751.1371  751.0899  751.0473  751.0043  750.9666  750.9292  750.8978  750.8676  750.8443  750.8233   -0.7230    0.4174  751.9738  751.9538  751.9318  751.9029  751.8727  751.8363  751.7994  751.7570  751.7147  751.6673  751.6207  751.5696  751.5199
   751.4664  751.4148  751.3602  751.3082  751.2538  751.2026  751.1499  751.1011  751.0512  751.0063  750.9609  750.9210  750.8815  750.8483  750.8164  750.7916  750.7695   -0.4820    0.4174  751.9732  751.9521  751.9288  751.8983  751.8666  751.8285  751.7898  751.7455
   751.7011  751.6518  751.6031  751.5501  751.4984  751.4430  751.3896  751.3333  751.2796  751.2237  751.1712  751.1170  751.0669  751.0160  750.9700  750.9237  750.8830  750.8430  750.8092  750.7769  750.7520  750.7297   -0.2410    0.4174  751.9728  751.9511  751.9271
   751.8958  751.8630  751.8240  751.7841  751.7386  751.6930  751.6425  751.5926  751.5382  751.4852  751.4285  751.3737  751.3160  751.2610  751.2037  751.1498  751.0944  751.0431  750.9910  750.9438  750.8965  750.8548  750.8137  750.7792  750.7463  750.7210  750.6988
     0.0000    0.4174  751.9726  751.9505  751.9260  751.8944  751.8614  751.8220  751.7820  751.7363  751.6905  751.6398  751.5896  751.5352  751.4821  751.4252  751.3704  751.3126  751.2575  751.2002  751.1463  751.0908  751.0396  750.9874  750.9403  750.8930  750.8513
   750.8104  750.7759  750.7431  750.7177  750.6954    0.2410    0.4174  751.9728  751.9514  751.9275  751.8965  751.8641  751.8252  751.7857  751.7405  751.6951  751.6448  751.5951  751.5409  751.4881  751.4315  751.3769  751.3193  751.2643  751.2070  751.1531  751.0975
   751.0461  750.9938  750.9463  750.8987  750.8567  750.8153  750.7803  750.7471  750.7212  750.6985    0.4820    0.4174  751.9733  751.9525  751.9293  751.8991  751.8675  751.8297  751.7912  751.7470  751.7029  751.6536  751.6052  751.5522  751.5006  751.4453  751.3919
   751.3354  751.2817  751.2257  751.1730  751.1188  751.0686  751.0175  750.9713  750.9249  750.8840  750.8437  750.8098  750.7774  750.7524  750.7302    0.7230    0.4174  751.9736  751.9532  751.9307  751.9013  751.8707  751.8340  751.7967  751.7540  751.7114  751.6638
   751.6170  751.5659  751.5162  751.4627  751.4114  751.3571  751.3053  751.2513  751.2005  751.1483  751.1000  751.0507  751.0061  750.9612  750.9218  750.8827  750.8498  750.8181  750.7937  750.7718    0.9640    0.4174  751.9742  751.9546  751.9331  751.9050  751.8758
   751.8405  751.8049  751.7639  751.7231  751.6774  751.6326  751.5835  751.5358  751.4845  751.4352  751.3829  751.3333  751.2813  751.2327  751.1823  751.1359  751.0885  751.0457  751.0026  750.9647  750.9273  750.8958  750.8655  750.8422  750.8212    1.2050    0.4174
   751.9743  751.9545  751.9330  751.9050  751.8764  751.8419  751.8072  751.7674  751.7280  751.6840  751.6409  751.5937  751.5481  751.4990  751.4520  751.4020  751.3550  751.3054  751.2594  751.2115  751.1678  751.1228  751.0824  751.0417  751.0061  750.9707  750.9413
   750.9126  750.8909  750.8714    1.4460    0.4174  751.9752  751.9568  751.9370  751.9111  751.8845  751.8523  751.8202  751.7829  751.7462  751.7048  751.6645  751.6202  751.5773  751.5309  751.4866  751.4394  751.3948  751.3477  751.3039  751.2584  751.2164  751.1734
   751.1347  751.0954  751.0610  751.0267  750.9979  750.9698  750.9483  750.9286   -1.5665    0.2087  751.9753  751.9572  751.9377  751.9119  751.8856  751.8537  751.8218  751.7847  751.7482  751.7070  751.6668  751.6225  751.5798  751.5334  751.4891  751.4418  751.3972
   751.3501  751.3062  751.2605  751.2184  751.1752  751.1362  751.0967  751.0621  751.0274  750.9984  750.9700  750.9482  750.9281   -1.3255    0.2087  751.9748  751.9560  751.9356  751.9087  751.8811  751.8475  751.8138  751.7748  751.7362  751.6928  751.6503  751.6037
   751.5585  751.5098  751.4631  751.4132  751.3661  751.3166  751.2702  751.2221  751.1778  751.1324  751.0913  751.0499  751.0135  750.9772  750.9469  750.9174  750.8947  750.8741   -1.0845    0.2087  751.9744  751.9553  751.9345  751.9067  751.8781  751.8434  751.8084
   751.7678  751.7275  751.6823  751.6378  751.5891  751.5416  751.4906  751.4414  751.3893  751.3396  751.2877  751.2390  751.1885  751.1419  751.0943  751.0511  751.0076  750.9693  750.9313  750.8993  750.8683  750.8443  750.8227   -0.8435    0.2087  751.9737  751.9534
   751.9310  751.9017  751.8711  751.8345  751.7972  751.7545  751.7119  751.6644  751.6175  751.5664  751.5165  751.4631  751.4115  751.3569  751.3049  751.2506  751.1997  751.1470  751.0984  751.0487  751.0038  750.9585  750.9189  750.8796  750.8466  750.8149  750.7904
   750.7686   -0.6025    0.2087  751.9732  751.9522  751.9289  751.8985  751.8667  751.8286  751.7899  751.7455  751.7012  751.6518  751.6031  751.5501  751.4984  751.4430  751.3895  751.3332  751.2794  751.2233  751.1707  751.1165  751.0664  751.0153  750.9692  750.9229
   750.8821  750.8420  750.8082  750.7759  750.7510  750.7290   -0.3615    0.2087  751.9726  751.9506  751.9262  751.8947  751.8617  751.8224  751.7824  751.7368  751.6911  751.6403  751.5902  751.5357  751.4824  751.4255  751.3705  751.3127  751.2575  751.2000  751.1461
   751.0906  751.0393  750.9872  750.9402  750.8929  750.8513  750.8106  750.7763  750.7436  750.7185  750.6964   -0.1205    0.2087  751.9723  751.9499  751.9250  751.8929  751.8593  751.8192  751.7782  751.7317  751.6851  751.6334  751.5824  751.5270  751.4730  751.4154
   751.3597  751.3012  751.2454  751.1874  751.1329  751.0770  751.0252  750.9727  750.9253  750.8777  750.8359  750.7948  750.7605  750.7276  750.7023  750.6801    0.1205    0.2087  751.9726  751.9509  751.9266  751.8950  751.8619  751.8224  751.7820  751.7359  751.6897
   751.6383  751.5876  751.5324  751.4785  751.4209  751.3651  751.3065  751.2504  751.1921  751.1372  751.0807  751.0285  750.9754  750.9273  750.8792  750.8367  750.7950  750.7599  750.7265  750.7006  750.6777    0.3615    0.2087  751.9726  751.9506  751.9262  751.8946
   751.8617  751.8223  751.7822  751.7365  751.6907  751.6399  751.5898  751.5352  751.4821  751.4251  751.3703  751.3124  751.2574  751.2000  751.1461  751.0906  751.0394  750.9874  750.9403  750.8931  750.8516  750.8108  750.7765  750.7437  750.7185  750.6962    0.6025
     0.2087  751.9731  751.9518  751.9283  751.8977  751.8658  751.8276  751.7888  751.7444  751.7001  751.6508  751.6022  751.5493  751.4976  751.4422  751.3889  751.3327  751.2791  751.2231  751.1705  751.1165  751.0664  751.0155  750.9694  750.9231  750.8824  750.8423
   750.8086  750.7762  750.7512  750.7290    0.8435    0.2087  751.9736  751.9529  751.9301  751.9004  751.8696  751.8325  751.7950  751.7519  751.7091  751.6613  751.6142  751.5629  751.5129  751.4594  751.4079  751.3534  751.3016  751.2474  751.1968  751.1445  751.0963
   751.0471  751.0027  750.9580  750.9188  750.8802  750.8476  750.8164  750.7924  750.7710    1.0845    0.2087  751.9742  751.9543  751.9326  751.9043  751.8750  751.8398  751.8041  751.7632  751.7224  751.6769  751.6322  751.5833  751.5357  751.4846  751.4356  751.3835
   751.3341  751.2824  751.2340  751.1840  751.1378  751.0907  751.0481  751.0052  750.9676  750.9302  750.8989  750.8687  750.8454  750.8244    1.3255    0.2087  751.9747  751.9558  751.9352  751.9081  751.8802  751.8465  751.8125  751.7734  751.7344  751.6909  751.6482
   751.6014  751.5559  751.5070  751.4601  751.4103  751.3630  751.3135  751.2672  751.2192  751.1751  751.1297  751.0890  751.0478  751.0117  750.9759  750.9459  750.9168  750.8945  750.8741    1.5665    0.2087  751.9754  751.9575  751.9383  751.9128  751.8867  751.8549
   751.8230  751.7861  751.7495  751.7084  751.6682  751.6238  751.5810  751.5346  751.4902  751.4429  751.3982  751.3509  751.3070  751.2611  751.2191  751.1757  751.1368  751.0972  751.0624  751.0277  750.9987  750.9703  750.9483  750.9282   -1.4460    0.0000  751.9747
   751.9559  751.9355  751.9086  751.8808  751.8472  751.8134  751.7743  751.7357  751.6922  751.6497  751.6031  751.5578  751.5091  751.4624  751.4127  751.3656  751.3161  751.2699  751.2219  751.1777  751.1324  751.0916  751.0503  751.0141  750.9780  750.9478  750.9186
   750.8960  750.8756   -1.2050    0.0000  751.9744  751.9553  751.9344  751.9067  751.8781  751.8433  751.8083  751.7679  751.7276  751.6825  751.6382  751.5896  751.5423  751.4913  751.4425  751.3904  751.3411  751.2893  751.2409  751.1906  751.1443  751.0969  751.0541
   751.0109  750.9730  750.9352  750.9036  750.8729  750.8492  750.8279   -0.9640    0.0000  751.9735  751.9528  751.9301  751.9004  751.8697  751.8328  751.7955  751.7526  751.7099  751.6623  751.6154  751.5642  751.5144  751.4610  751.4096  751.3552  751.3035  751.2495
   751.1989  751.1467  751.0985  751.0493  751.0049  750.9602  750.9211  750.8824  750.8499  750.8188  750.7950  750.7738   -0.7230    0.0000  751.9732  751.9521  751.9288  751.8985  751.8668  751.8289  751.7904  751.7463  751.7022  751.6532  751.6048  751.5521  751.5008
   751.4457  751.3927  751.3366  751.2833  751.2275  751.1752  751.1213  751.0715  751.0207  750.9748  750.9285  750.8878  750.8477  750.8139  750.7816  750.7565  750.7343   -0.4820    0.0000  751.9728  751.9512  751.9272  751.8960  751.8634  751.8244  751.7847  751.7393
   751.6939  751.6434  751.5935  751.5392  751.4862  751.4295  751.3747  751.3170  751.2620  751.2045  751.1506  751.0950  751.0436  750.9914  750.9441  750.8967  750.8550  750.8139  750.7795  750.7465  750.7212  750.6988   -0.2410    0.0000  751.9724  751.9503  751.9255
   751.8934  751.8600  751.8199  751.7792  751.7328  751.6863  751.6346  751.5838  751.5284  751.4744  751.4167  751.3611  751.3024  751.2465  751.1885  751.1338  751.0776  751.0256  750.9729  750.9251  750.8771  750.8350  750.7935  750.7587  750.7255  750.7000  750.6775
     0.0000    0.0000  751.9722  751.9498  751.9247  751.8923  751.8585  751.8182  751.7772  751.7304  751.6835  751.6315  751.5801  751.5243  751.4698  751.4117  751.3556  751.2965  751.2401  751.1814  751.1262  751.0696  751.0172  750.9639  750.9157  750.8674  750.8250
   750.7833  750.7482  750.7149  750.6893  750.6667    0.2410    0.0000  751.9723  751.9499  751.9250  751.8929  751.8592  751.8192  751.7785  751.7321  751.6856  751.6340  751.5832  751.5279  751.4740  751.4164  751.3609  751.3023  751.2465  751.1884  751.1339  751.0777
   751.0258  750.9731  750.9253  750.8775  750.8354  750.7940  750.7591  750.7259  750.7002  750.6778    0.4820    0.0000  751.9727  751.9510  751.9270  751.8955  751.8627  751.8235  751.7836  751.7380  751.6923  751.6416  751.5915  751.5370  751.4839  751.4270  751.3722
   751.3144  751.2594  751.2020  751.1482  751.0928  751.0415  750.9895  750.9425  750.8952  750.8538  750.8130  750.7787  750.7460  750.7210  750.6988    0.7230    0.0000  751.9731  751.9518  751.9283  751.8977  751.8659  751.8278  751.7891  751.7448  751.7005  751.6513
   751.6027  751.5499  751.4982  751.4430  751.3898  751.3335  751.2801  751.2243  751.1720  751.1182  751.0686  751.0180  750.9724  750.9265  750.8862  750.8465  750.8131  750.7811  750.7565  750.7347    0.9640    0.0000  751.9735  751.9527  751.9299  751.9002  751.8694
   751.8323  751.7949  751.7518  751.7089  751.6611  751.6141  751.5627  751.5128  751.4592  751.4077  751.3532  751.3014  751.2473  751.1967  751.1443  751.0960  751.0468  751.0025  750.9577  750.9186  750.8798  750.8475  750.8164  750.7926  750.7715    1.2050    0.0000
   751.9742  751.9545  751.9330  751.9048  751.8756  751.8404  751.8049  751.7640  751.7234  751.6779  751.6333  751.5844  751.5370  751.4860  751.4369  751.3849  751.3356  751.2839  751.2356  751.1856  751.1396  751.0924  751.0500  751.0073  750.9698  750.9325  750.9014
   750.8714  750.8483  750.8276    1.4460    0.0000  751.9742  751.9542  751.9326  751.9046  751.8758  751.8411  751.8065  751.7665  751.7270  751.6828  751.6397  751.5925  751.5468  751.4977  751.4508  751.4010  751.3540  751.3046  751.2587  751.2112  751.1676  751.1229
   751.0829  751.0424  751.0073  750.9722  750.9432  750.9151  750.8939  750.8748   -1.5665   -0.2087  751.9757  751.9584  751.9398  751.9149  751.8893  751.8581  751.8268  751.7904  751.7544  751.7137  751.6740  751.6302  751.5877  751.5416  751.4976  751.4505  751.4058
   751.3586  751.3145  751.2685  751.2262  751.1825  751.1430  751.1028  751.0675  751.0321  751.0021  750.9730  750.9502  750.9292   -1.3255   -0.2087  751.9748  751.9560  751.9356  751.9088  751.8811  751.8477  751.8140  751.7750  751.7364  751.6931  751.6507  751.6039
   751.5587  751.5099  751.4631  751.4132  751.3661  751.3164  751.2700  751.2219  751.1774  751.1320  751.0908  751.0493  751.0130  750.9767  750.9462  750.9166  750.8938  750.8731   -1.0845   -0.2087  751.9742  751.9545  751.9330  751.9048  751.8757  751.8405  751.8050
   751.7642  751.7235  751.6781  751.6334  751.5846  751.5372  751.4861  751.4371  751.3851  751.3356  751.2838  751.2354  751.1851  751.1387  751.0913  751.0484  751.0052  750.9671  750.9294  750.8977  750.8670  750.8433  750.8221   -0.8435   -0.2087  751.9739  751.9541
   751.9323  751.9034  751.8734  751.8372  751.8004  751.7580  751.7157  751.6684  751.6219  751.5708  751.5211  751.4676  751.4161  751.3614  751.3093  751.2549  751.2036  751.1508  751.1019  751.0521  751.0069  750.9615  750.9216  750.8821  750.8488  750.8169  750.7921
   750.7699   -0.6025   -0.2087  751.9733  751.9524  751.9293  751.8990  751.8675  751.8296  751.7911  751.7469  751.7027  751.6534  751.6048  751.5518  751.5001  751.4447  751.3911  751.3346  751.2807  751.2245  751.1716  751.1171  751.0666  751.0153  750.9688  750.9222
   750.8812  750.8407  750.8067  750.7742  750.7491  750.7270   -0.3615   -0.2087  751.9727  751.9510  751.9268  751.8956  751.8629  751.8237  751.7840  751.7384  751.6929  751.6423  751.5923  751.5380  751.4849  751.4281  751.3734  751.3155  751.2605  751.2030  751.1491
   751.0937  751.0423  750.9901  750.9430  750.8956  750.8540  750.8130  750.7784  750.7453  750.7197  750.6971   -0.1205   -0.2087  751.9726  751.9508  751.9266  751.8950  751.8618  751.8222  751.7818  751.7357  751.6895  751.6382  751.5875  751.5324  751.4785  751.4209
   751.3652  751.3065  751.2505  751.1921  751.1372  751.0807  751.0284  750.9753  750.9271  750.8788  750.8363  750.7944  750.7591  750.7256  750.6996  750.6767    0.1205   -0.2087  751.9726  751.9506  751.9263  751.8947  751.8615  751.8219  751.7817  751.7355  751.6893
   751.6380  751.5873  751.5322  751.4784  751.4207  751.3652  751.3066  751.2507  751.1925  751.1377  751.0814  751.0293  750.9763  750.9283  750.8803  750.8380  750.7965  750.7614  750.7280  750.7023  750.6795    0.3615   -0.2087  751.9726  751.9504  751.9258  751.8940
   751.8609  751.8214  751.7811  751.7353  751.6894  751.6385  751.5883  751.5336  751.4803  751.4235  751.3686  751.3107  751.2555  751.1982  751.1442  751.0887  751.0373  750.9853  750.9381  750.8907  750.8492  750.8082  750.7738  750.7412  750.7160  750.6939    0.6025
    -0.2087  751.9735  751.9530  751.9302  751.9003  751.8691  751.8316  751.7934  751.7495  751.7057  751.6567  751.6084  751.5556  751.5042  751.4490  751.3958  751.3394  751.2858  751.2298  751.1771  751.1227  751.0724  751.0212  750.9747  750.9281  750.8869  750.8462
   750.8121  750.7792  750.7536  750.7308    0.8435   -0.2087  751.9737  751.9535  751.9310  751.9017  751.8712  751.8345  751.7972  751.7544  751.7117  751.6641  751.6173  751.5659  751.5161  751.4624  751.4108  751.3562  751.3043  751.2499  751.1990  751.1464  751.0979
   751.0483  751.0034  750.9583  750.9186  750.8794  750.8464  750.8147  750.7903  750.7686    1.0845   -0.2087  751.9741  751.9541  751.9324  751.9039  751.8744  751.8391  751.8034  751.7624  751.7217  751.6762  751.6315  751.5827  751.5352  751.4842  751.4352  751.3832
   751.3339  751.2823  751.2340  751.1840  751.1380  751.0908  751.0485  751.0057  750.9682  750.9309  750.8997  750.8695  750.8462  750.8254    1.3255   -0.2087  751.9744  751.9551  751.9341  751.9066  751.8783  751.8442  751.8097  751.7702  751.7310  751.6871  751.6441
   751.5970  751.5515  751.5025  751.4555  751.4056  751.3583  751.3088  751.2626  751.2145  751.1705  751.1254  751.0848  751.0437  751.0078  750.9721  750.9424  750.9136  750.8915  750.8717    1.5665   -0.2087  751.9754  751.9574  751.9381  751.9124  751.8861  751.8544
   751.8224  751.7855  751.7490  751.7078  751.6676  751.6234  751.5806  751.5344  751.4902  751.4429  751.3983  751.3513  751.3074  751.2617  751.2198  751.1765  751.1375  751.0979  751.0632  751.0284  750.9993  750.9707  750.9487  750.9283   -1.4460   -0.4174  751.9752
   751.9567  751.9369  751.9108  751.8842  751.8520  751.8197  751.7824  751.7457  751.7043  751.6640  751.6197  751.5769  751.5305  751.4863  751.4391  751.3946  751.3475  751.3038  751.2580  751.2162  751.1730  751.1343  751.0949  751.0604  751.0258  750.9969  750.9688
   750.9471  750.9272   -1.2050   -0.4174  751.9749  751.9563  751.9362  751.9095  751.8821  751.8488  751.8152  751.7765  751.7381  751.6949  751.6526  751.6061  751.5610  751.5124  751.4657  751.4159  751.3688  751.3193  751.2729  751.2248  751.1804  751.1349  751.0938
   751.0522  751.0157  750.9792  750.9486  750.9189  750.8960  750.8750   -0.9640   -0.4174  751.9742  751.9543  751.9329  751.9046  751.8754  751.8401  751.8046  751.7637  751.7231  751.6776  751.6330  751.5841  751.5366  751.4855  751.4365  751.3844  751.3349  751.2831
   751.2345  751.1841  751.1377  751.0903  751.0474  751.0041  750.9661  750.9283  750.8966  750.8660  750.8424  750.8211   -0.7230   -0.4174  751.9739  751.9541  751.9324  751.9036  751.8737  751.8375  751.8009  751.7587  751.7165  751.6694  751.6228  751.5719  751.5222
   751.4687  751.4173  751.3626  751.3107  751.2562  751.2050  751.1520  751.1031  751.0532  751.0078  750.9623  750.9222  750.8825  750.8491  750.8170  750.7921  750.7698   -0.4820   -0.4174  751.9732  751.9524  751.9293  751.8991  751.8675  751.8298  751.7913  751.7472
   751.7032  751.6542  751.6059  751.5531  751.5017  751.4466  751.3934  751.3371  751.2837  751.2277  751.1751  751.1208  751.0706  751.0195  750.9731  750.9266  750.8855  750.8450  750.8108  750.7780  750.7526  750.7300   -0.2410   -0.4174  751.9726  751.9506  751.9263
   751.8948  751.8619  751.8226  751.7828  751.7372  751.6916  751.6411  751.5911  751.5368  751.4838  751.4272  751.3725  751.3149  751.2600  751.2027  751.1489  751.0935  751.0423  750.9903  750.9431  750.8958  750.8542  750.8132  750.7787  750.7458  750.7204  750.6981
     0.0000   -0.4174  751.9728  751.9514  751.9275  751.8965  751.8640  751.8251  751.7856  751.7402  751.6949  751.6444  751.5946  751.5403  751.4871  751.4304  751.3755  751.3176  751.2624  751.2048  751.1507  751.0949  751.0432  750.9908  750.9431  750.8955  750.8534
   750.8119  750.7770  750.7437  750.7179  750.6952    0.2410   -0.4174  751.9727  751.9510  751.9270  751.8955  751.8627  751.8235  751.7836  751.7380  751.6924  751.6417  751.5916  751.5372  751.4840  751.4273  751.3726  751.3148  751.2597  751.2025  751.1486  751.0932
   751.0421  750.9900  750.9428  750.8956  750.8539  750.8130  750.7785  750.7456  750.7202  750.6978    0.4820   -0.4174  751.9731  751.9519  751.9283  751.8979  751.8660  751.8279  751.7892  751.7449  751.7005  751.6512  751.6024  751.5494  751.4976  751.4421  751.3887
   751.3320  751.2782  751.2220  751.1693  751.1150  751.0647  751.0136  750.9674  750.9211  750.8803  750.8402  750.8065  750.7742  750.7494  750.7275    0.7230   -0.4174  751.9733  751.9522  751.9292  751.8992  751.8681  751.8309  751.7931  751.7499  751.7069  751.6590
   751.6119  751.5605  751.5106  751.4570  751.4054  751.3509  751.2992  751.2451  751.1945  751.1422  751.0939  751.0448  751.0004  750.9557  750.9166  750.8779  750.8454  750.8142  750.7902  750.7689    0.9640   -0.4174  751.9742  751.9547  751.9332  751.9051  751.8762
   751.8411  751.8058  751.7651  751.7245  751.6792  751.6346  751.5858  751.5384  751.4872  751.4381  751.3860  751.3365  751.2846  751.2359  751.1857  751.1393  751.0919  751.0491  751.0059  750.9679  750.9302  750.8986  750.8679  750.8443  750.8229    1.2050   -0.4174
   751.9747  751.9557  751.9351  751.9080  751.8801  751.8463  751.8123  751.7730  751.7342  751.6905  751.6478  751.6009  751.5554  751.5065  751.4595  751.4096  751.3623  751.3127  751.2664  751.2183  751.1741  751.1288  751.0880  751.0467  751.0105  750.9746  750.9444
   750.9151  750.8926  750.8723    1.4460   -0.4174  751.9756  751.9579  751.9389  751.9138  751.8879  751.8563  751.8248  751.7880  751.7517  751.7107  751.6705  751.6263  751.5836  751.5372  751.4929  751.4454  751.4006  751.3533  751.3091  751.2631  751.2208  751.1773
   751.1381  751.0982  751.0633  751.0283  750.9990  750.9704  750.9482  750.9278   -1.3255   -0.6261  751.9757  751.9582  751.9393  751.9143  751.8886  751.8572  751.8257  751.7891  751.7529  751.7120  751.6721  751.6281  751.5854  751.5393  751.4950  751.4476  751.4030
   751.3556  751.3114  751.2654  751.2230  751.1793  751.1398  751.0996  751.0644  751.0291  750.9995  750.9704  750.9479  750.9272   -1.0845   -0.6261  751.9746  751.9553  751.9344  751.9069  751.8786  751.8446  751.8103  751.7708  751.7317  751.6878  751.6450  751.5980
   751.5525  751.5034  751.4564  751.4065  751.3593  751.3097  751.2633  751.2153  751.1712  751.1260  751.0853  751.0442  751.0082  750.9725  750.9425  750.9135  750.8913  750.8712   -0.8435   -0.6261  751.9743  751.9547  751.9334  751.9053  751.8762  751.8411  751.8057
   751.7648  751.7242  751.6787  751.6340  751.5851  751.5376  751.4864  751.4372  751.3851  751.3356  751.2837  751.2351  751.1848  751.1383  751.0909  751.0481  751.0049  750.9669  750.9293  750.8976  750.8670  750.8434  750.8221   -0.6025   -0.6261  751.9736  751.9530
   751.9304  751.9009  751.8703  751.8335  751.7962  751.7534  751.7106  751.6630  751.6161  751.5650  751.5151  751.4616  751.4101  751.3556  751.3038  751.2496  751.1988  751.1464  751.0980  751.0486  751.0040  750.9591  750.9197  750.8807  750.8480  750.8164  750.7922
   750.7705   -0.3615   -0.6261  751.9730  751.9516  751.9281  751.8973  751.8653  751.8271  751.7881  751.7436  751.6992  751.6497  751.6010  751.5480  751.4963  751.4411  751.3877  751.3315  751.2781  751.2222  751.1699  751.1160  751.0662  751.0155  750.9697  750.9237
   750.8834  750.8436  750.8103  750.7785  750.7542  750.7326   -0.1205   -0.6261  751.9730  751.9516  751.9280  751.8973  751.8654  751.8271  751.7883  751.7439  751.6995  751.6502  751.6015  751.5485  751.4969  751.4415  751.3881  751.3318  751.2781  751.2221  751.1695
   751.1153  751.0653  751.0143  750.9682  750.9219  750.8812  750.8411  750.8073  750.7750  750.7500  750.7279    0.1205   -0.6261  751.9730  751.9513  751.9275  751.8965  751.8643  751.8258  751.7868  751.7422  751.6977  751.6482  751.5995  751.5464  751.4948  751.4393
   751.3860  751.3297  751.2761  751.2202  751.1677  751.1136  751.0637  751.0128  750.9669  750.9207  750.8802  750.8403  750.8068  750.7748  750.7502  750.7284    0.3615   -0.6261  751.9727  751.9507  751.9265  751.8952  751.8627  751.8240  751.7846  751.7399  751.6952
   751.6456  751.5969  751.5439  751.4923  751.4371  751.3841  751.3281  751.2748  751.2194  751.1674  751.1138  751.0644  751.0141  750.9688  750.9233  750.8833  750.8439  750.8109  750.7795  750.7553  750.7339    0.6025   -0.6261  751.9736  751.9529  751.9301  751.9004
   751.8696  751.8325  751.7950  751.7520  751.7090  751.6613  751.6142  751.5627  751.5128  751.4592  751.4077  751.3530  751.3012  751.2470  751.1961  751.1438  751.0953  751.0460  751.0014  750.9566  750.9172  750.8783  750.8456  750.8143  750.7902  750.7687    0.8435
    -0.6261  751.9742  751.9543  751.9328  751.9045  751.8752  751.8400  751.8044  751.7634  751.7226  751.6770  751.6323  751.5833  751.5357  751.4844  751.4353  751.3831  751.3336  751.2817  751.2332  751.1830  751.1366  751.0893  751.0465  751.0033  750.9656  750.9281
   750.8965  750.8662  750.8428  750.8218    1.0845   -0.6261  751.9748  751.9559  751.9354  751.9083  751.8804  751.8467  751.8126  751.7733  751.7344  751.6907  751.6480  751.6011  751.5558  751.5068  751.4600  751.4101  751.3629  751.3134  751.2671  751.2191  751.1749
   751.1296  751.0889  751.0476  751.0115  750.9754  750.9453  750.9162  750.8938  750.8734    1.3255   -0.6261  751.9757  751.9584  751.9397  751.9147  751.8892  751.8580  751.8268  751.7904  751.7544  751.7138  751.6741  751.6302  751.5877  751.5416  751.4975  751.4503
   751.4056  751.3584  751.3143  751.2683  751.2260  751.1823  751.1429  751.1028  751.0676  751.0323  751.0026  750.9736  750.9510  750.9302   -1.2050   -0.8348  751.9755  751.9576  751.9384  751.9129  751.8869  751.8552  751.8234  751.7866  751.7502  751.7093  751.6692
   751.6251  751.5825  751.5363  751.4921  751.4449  751.4002  751.3530  751.3091  751.2632  751.2210  751.1776  751.1385  751.0987  751.0639  751.0290  750.9998  750.9711  750.9492  750.9289   -0.9640   -0.8348  751.9751  751.9571  751.9374  751.9114  751.8844  751.8516
   751.8185  751.7801  751.7420  751.6992  751.6571  751.6106  751.5657  751.5170  751.4702  751.4203  751.3730  751.3231  751.2764  751.2278  751.1831  751.1371  751.0955  751.0533  751.0164  750.9794  750.9483  750.9181  750.8947  750.8733   -0.7230   -0.8348  751.9742
   751.9545  751.9330  751.9048  751.8755  751.8403  751.8046  751.7636  751.7228  751.6772  751.6324  751.5833  751.5358  751.4847  751.4355  751.3834  751.3339  751.2821  751.2336  751.1833  751.1371  751.0897  751.0470  751.0038  750.9661  750.9286  750.8972  750.8669
   750.8435  750.8226   -0.4820   -0.8348  751.9736  751.9530  751.9304  751.9008  751.8701  751.8332  751.7959  751.7530  751.7103  751.6625  751.6157  751.5645  751.5146  751.4611  751.4096  751.3551  751.3033  751.2492  751.1984  751.1460  751.0977  751.0484  751.0040
   750.9593  750.9201  750.8814  750.8490  750.8180  750.7942  750.7731   -0.2410   -0.8348  751.9733  751.9524  751.9293  751.8992  751.8681  751.8309  751.7931  751.7498  751.7067  751.6587  751.6115  751.5600  751.5099  751.4562  751.4046  751.3500  751.2982  751.2441
   751.1934  751.1412  751.0929  751.0439  750.9996  750.9551  750.9161  750.8775  750.8452  750.8143  750.7905  750.7694    0.0000   -0.8348  751.9732  751.9519  751.9286  751.8983  751.8668  751.8292  751.7911  751.7476  751.7042  751.6560  751.6086  751.5569  751.5067
   751.4530  751.4014  751.3468  751.2950  751.2410  751.1904  751.1383  751.0903  751.0413  750.9972  750.9528  750.9140  750.8756  750.8435  750.8128  750.7892  750.7685    0.2410   -0.8348  751.9736  751.9532  751.9306  751.9012  751.8705  751.8336  751.7962  751.7532
   751.7103  751.6624  751.6153  751.5637  751.5136  751.4598  751.4080  751.3531  751.3011  751.2465  751.1955  751.1429  751.0943  751.0447  751.0000  750.9551  750.9156  750.8766  750.8439  750.8126  750.7886  750.7673    0.4820   -0.8348  751.9736  751.9530  751.9305
   751.9011  751.8706  751.8340  751.7969  751.7542  751.7119  751.6645  751.6179  751.5670  751.5175  751.4643  751.4131  751.3589  751.3074  751.2536  751.2030  751.1507  751.1025  751.0533  751.0089  750.9641  750.9247  750.8859  750.8531  750.8217  750.7976  750.7760
     0.7230   -0.8348  751.9742  751.9545  751.9329  751.9046  751.8754  751.8401  751.8045  751.7634  751.7226  751.6770  751.6322  751.5831  751.5355  751.4842  751.4349  751.3826  751.3330  751.2811  751.2325  751.1823  751.1359  751.0886  751.0460  751.0030  750.9653
   750.9279  750.8968  750.8666  750.8434  750.8225    0.9640   -0.8348  751.9743  751.9548  751.9337  751.9060  751.8777  751.8434  751.8092  751.7695  751.7303  751.6864  751.6434  751.5964  751.5508  751.5017  751.4548  751.4048  751.3576  751.3081  751.2620  751.2141
   751.1701  751.1251  751.0847  751.0437  751.0080  750.9725  750.9429  750.9142  750.8924  750.8727    1.2050   -0.8348  751.9751  751.9566  751.9367  751.9106  751.8840  751.8517  751.8194  751.7820  751.7452  751.7037  751.6633  751.6187  751.5758  751.5292  751.4849
   751.4375  751.3929  751.3459  751.3020  751.2564  751.2146  751.1715  751.1329  751.0937  751.0594  751.0251  750.9964  750.9684  750.9471  750.9274   -1.0845   -1.0436  751.9759  751.9591  751.9408  751.9162  751.8911  751.8602  751.8292  751.7930  751.7573  751.7167
   751.6772  751.6333  751.5910  751.5448  751.5007  751.4534  751.4086  751.3613  751.3170  751.2707  751.2281  751.1841  751.1443  751.1038  751.0681  751.0323  751.0021  750.9726  750.9494  750.9281   -0.8435   -1.0436  751.9747  751.9556  751.9349  751.9077  751.8797
   751.8459  751.8119  751.7727  751.7338  751.6903  751.6476  751.6007  751.5554  751.5065  751.4597  751.4099  751.3626  751.3132  751.2669  751.2189  751.1748  751.1295  751.0889  751.0476  751.0116  750.9757  750.9456  750.9165  750.8941  750.8739   -0.6025   -1.0436
   751.9742  751.9546  751.9331  751.9050  751.8759  751.8408  751.8054  751.7645  751.7241  751.6788  751.6342  751.5855  751.5382  751.4874  751.4385  751.3866  751.3375  751.2858  751.2375  751.1876  751.1416  751.0945  751.0520  751.0092  750.9716  750.9342  750.9030
   750.8728  750.8495  750.8285   -0.3615   -1.0436  751.9742  751.9545  751.9330  751.9049  751.8758  751.8407  751.8053  751.7645  751.7239  751.6784  751.6340  751.5852  751.5378  751.4867  751.4378  751.3858  751.3365  751.2848  751.2363  751.1862  751.1399  751.0927
   751.0499  751.0069  750.9689  750.9314  750.8998  750.8693  750.8458  750.8246   -0.1205   -1.0436  751.9742  751.9545  751.9329  751.9046  751.8754  751.8401  751.8046  751.7636  751.7230  751.6773  751.6327  751.5837  751.5361  751.4848  751.4357  751.3834  751.3339
   751.2819  751.2333  751.1829  751.1365  751.0891  751.0464  751.0032  750.9655  750.9281  750.8966  750.8664  750.8432  750.8222    0.1205   -1.0436  751.9740  751.9538  751.9319  751.9033  751.8737  751.8380  751.8022  751.7611  751.7201  751.6745  751.6296  751.5806
   751.5330  751.4818  751.4326  751.3805  751.3312  751.2794  751.2310  751.1808  751.1346  751.0875  751.0449  751.0021  750.9645  750.9272  750.8960  750.8660  750.8429  750.8223    0.3615   -1.0436  751.9739  751.9537  751.9318  751.9030  751.8733  751.8377  751.8018
   751.7605  751.7194  751.6736  751.6286  751.5795  751.5320  751.4808  751.4316  751.3795  751.3301  751.2785  751.2300  751.1800  751.1340  751.0870  751.0444  751.0016  750.9641  750.9269  750.8957  750.8656  750.8424  750.8215    0.6025   -1.0436  751.9741  751.9541
   751.9324  751.9039  751.8745  751.8391  751.8035  751.7624  751.7217  751.6762  751.6315  751.5826  751.5352  751.4842  751.4353  751.3834  751.3341  751.2826  751.2344  751.1845  751.1386  751.0916  751.0492  751.0066  750.9692  750.9321  750.9010  750.8712  750.8482
   750.8277    0.8435   -1.0436  751.9747  751.9559  751.9353  751.9083  751.8806  751.8468  751.8128  751.7735  751.7347  751.6909  751.6481  751.6012  751.5556  751.5066  751.4596  751.4096  751.3622  751.3125  751.2662  751.2180  751.1739  751.1285  751.0877  751.0465
   751.0103  750.9744  750.9443  750.9151  750.8928  750.8725    1.0845   -1.0436  751.9752  751.9568  751.9371  751.9112  751.8845  751.8523  751.8202  751.7829  751.7462  751.7049  751.6646  751.6202  751.5775  751.5312  751.4870  751.4399  751.3953  751.3484  751.3048
   751.2592  751.2175  751.1746  751.1360  751.0967  751.0624  751.0281  750.9994  750.9713  750.9498  750.9300   -0.9640   -1.2523  751.9756  751.9579  751.9389  751.9136  751.8877  751.8562  751.8246  751.7878  751.7517  751.7107  751.6708  751.6266  751.5841  751.5379
   751.4938  751.4465  751.4019  751.3547  751.3107  751.2647  751.2225  751.1790  751.1398  751.0998  751.0648  751.0296  751.0001  750.9713  750.9489  750.9283   -0.7230   -1.2523  751.9748  751.9561  751.9358  751.9089  751.8813  751.8478  751.8140  751.7750  751.7364
   751.6930  751.6504  751.6037  751.5584  751.5096  751.4626  751.4127  751.3654  751.3156  751.2691  751.2208  751.1764  751.1308  751.0897  751.0482  751.0118  750.9756  750.9453  750.9159  750.8934  750.8729   -0.4820   -1.2523  751.9747  751.9557  751.9350  751.9078
   751.8799  751.8461  751.8121  751.7729  751.7341  751.6904  751.6477  751.6009  751.5554  751.5065  751.4595  751.4096  751.3624  751.3128  751.2664  751.2183  751.1742  751.1289  751.0882  751.0470  751.0109  750.9751  750.9451  750.9160  750.8937  750.8735   -0.2410
    -1.2523  751.9747  751.9557  751.9350  751.9078  751.8799  751.8461  751.8120  751.7728  751.7338  751.6901  751.6474  751.6004  751.5550  751.5059  751.4589  751.4090  751.3617  751.3121  751.2658  751.2176  751.1735  751.1282  751.0874  751.0462  751.0100  750.9741
   750.9441  750.9149  750.8926  750.8723    0.0000   -1.2523  751.9747  751.9558  751.9352  751.9083  751.8805  751.8468  751.8130  751.7739  751.7351  751.6916  751.6490  751.6023  751.5571  751.5082  751.4614  751.4115  751.3644  751.3148  751.2685  751.2204  751.1761
   751.1306  751.0896  751.0480  751.0117  750.9753  750.9449  750.9155  750.8926  750.8720    0.2410   -1.2523  751.9747  751.9556  751.9349  751.9077  751.8798  751.8461  751.8121  751.7728  751.7339  751.6903  751.6476  751.6007  751.5553  751.5062  751.4594  751.4094
   751.3621  751.3125  751.2662  751.2181  751.1739  751.1286  751.0878  751.0465  751.0104  750.9745  750.9443  750.9152  750.8928  750.8725    0.4820   -1.2523  751.9744  751.9549  751.9339  751.9062  751.8779  751.8436  751.8093  751.7697  751.7306  751.6867  751.6439
   751.5970  751.5516  751.5027  751.4560  751.4063  751.3593  751.3100  751.2639  751.2162  751.1724  751.1274  751.0870  751.0460  751.0102  750.9746  750.9448  750.9158  750.8938  750.8737    0.7230   -1.2523  751.9747  751.9559  751.9354  751.9085  751.8806  751.8470
   751.8132  751.7741  751.7353  751.6919  751.6492  751.6023  751.5570  751.5080  751.4611  751.4111  751.3638  751.3141  751.2677  751.2195  751.1752  751.1299  751.0891  751.0476  751.0116  750.9756  750.9455  750.9163  750.8940  750.8738    0.9640   -1.2523  751.9751
   751.9564  751.9364  751.9102  751.8834  751.8511  751.8188  751.7813  751.7445  751.7031  751.6628  751.6184  751.5756  751.5293  751.4850  751.4379  751.3934  751.3465  751.3028  751.2573  751.2156  751.1727  751.1343  751.0950  751.0608  751.0267  750.9982  750.9704
   750.9490  750.9294   -0.6025   -1.4610  751.9753  751.9572  751.9378  751.9121  751.8858  751.8538  751.8219  751.7849  751.7484  751.7072  751.6671  751.6228  751.5801  751.5339  751.4898  751.4426  751.3980  751.3510  751.3072  751.2615  751.2196  751.1764  751.1375
   751.0979  751.0633  751.0285  750.9995  750.9710  750.9490  750.9289   -0.3615   -1.4610  751.9752  751.9568  751.9371  751.9110  751.8844  751.8522  751.8200  751.7828  751.7460  751.7047  751.6644  751.6201  751.5773  751.5311  751.4869  751.4397  751.3952  751.3482
   751.3045  751.2589  751.2172  751.1741  751.1354  751.0960  751.0616  751.0272  750.9983  750.9702  750.9485  750.9287   -0.1205   -1.4610  751.9752  751.9568  751.9369  751.9109  751.8843  751.8521  751.8198  751.7824  751.7455  751.7042  751.6638  751.6192  751.5763
   751.5299  751.4855  751.4381  751.3935  751.3465  751.3026  751.2570  751.2153  751.1723  751.1337  751.0945  751.0604  751.0263  750.9978  750.9700  750.9488  750.9293    0.1205   -1.4610  751.9753  751.9573  751.9379  751.9123  751.8860  751.8541  751.8222  751.7851
   751.7486  751.7074  751.6671  751.6228  751.5800  751.5336  751.4893  751.4420  751.3973  751.3503  751.3064  751.2606  751.2187  751.1753  751.1365  751.0970  751.0623  751.0276  750.9985  750.9702  750.9483  750.9282    0.3615   -1.4610  751.9753  751.9568  751.9372
   751.9112  751.8846  751.8523  751.8202  751.7828  751.7460  751.7047  751.6644  751.6198  751.5770  751.5307  751.4863  751.4391  751.3945  751.3475  751.3038  751.2582  751.2164  751.1733  751.1348  751.0954  751.0612  751.0269  750.9983  750.9704  750.9488  750.9293
     0.6025   -1.4610  751.9751  751.9564  751.9365  751.9102  751.8834  751.8510  751.8185  751.7811  751.7441  751.7024  751.6619  751.6173  751.5743  751.5277  751.4833  751.4359  751.3913  751.3442  751.3003  751.2548  751.2130  751.1700  751.1314  751.0922  751.0580
   751.0237  750.9953  750.9675  750.9462  750.9268
