 -0.144600E+01 -0.177000E+01  0.313343E+04
 -0.144600E+01 -0.165200E+01  0.312704E+04
 -0.144600E+01 -0.153400E+01  0.312665E+04
 -0.144600E+01 -0.141600E+01  0.312611E+04
 -0.144600E+01 -0.129800E+01  0.312539E+04
 -0.144600E+01 -0.118000E+01  0.312454E+04
 -0.144600E+01 -0.106200E+01  0.312352E+04
 -0.144600E+01 -0.944000E+00  0.312238E+04
 -0.144600E+01 -0.826000E+00  0.312108E+04
 -0.144600E+01 -0.708000E+00  0.311969E+04
 -0.144600E+01 -0.590000E+00  0.311814E+04
 -0.144600E+01 -0.472000E+00  0.311652E+04
 -0.144600E+01 -0.354000E+00  0.311476E+04
 -0.144600E+01 -0.236000E+00  0.311294E+04
 -0.144600E+01 -0.118000E+00  0.311097E+04
 -0.144600E+01 -0.777156E-15  0.310896E+04
 -0.144600E+01  0.118000E+00  0.310678E+04
 -0.144600E+01  0.236000E+00  0.310456E+04
 -0.144600E+01  0.354000E+00  0.310236E+04
 -0.144600E+01  0.472000E+00  0.310024E+04
 -0.144600E+01  0.590000E+00  0.309814E+04
 -0.144600E+01  0.708000E+00  0.309617E+04
 -0.144600E+01  0.826000E+00  0.309430E+04
 -0.144600E+01  0.944000E+00  0.309262E+04
 -0.144600E+01  0.106200E+01  0.309113E+04
 -0.144600E+01  0.118000E+01  0.308989E+04
 -0.144600E+01  0.129800E+01  0.308891E+04
 -0.144600E+01  0.141600E+01  0.308822E+04
 -0.144600E+01  0.153400E+01  0.308783E+04
 -0.144600E+01  0.165200E+01  0.308771E+04
 -0.144600E+01  0.177000E+01  0.306637E+04
 -0.120500E+01 -0.177000E+01  0.313389E+04
 -0.120500E+01 -0.165200E+01  0.312740E+04
 -0.120500E+01 -0.153400E+01  0.312700E+04
 -0.120500E+01 -0.141600E+01  0.312641E+04
 -0.120500E+01 -0.129800E+01  0.312562E+04
 -0.120500E+01 -0.118000E+01  0.312464E+04
 -0.120500E+01 -0.106200E+01  0.312349E+04
 -0.120500E+01 -0.944000E+00  0.312215E+04
 -0.120500E+01 -0.826000E+00  0.312064E+04
 -0.120500E+01 -0.708000E+00  0.311896E+04
 -0.120500E+01 -0.590000E+00  0.311713E+04
 -0.120500E+01 -0.472000E+00  0.311514E+04
 -0.120500E+01 -0.354000E+00  0.311302E+04
 -0.120500E+01 -0.236000E+00  0.311074E+04
 -0.120500E+01 -0.118000E+00  0.310830E+04
 -0.120500E+01 -0.777156E-15  0.310577E+04
 -0.120500E+01  0.118000E+00  0.310299E+04
 -0.120500E+01  0.236000E+00  0.310032E+04
 -0.120500E+01  0.354000E+00  0.309777E+04
 -0.120500E+01  0.472000E+00  0.309525E+04
 -0.120500E+01  0.590000E+00  0.309285E+04
 -0.120500E+01  0.708000E+00  0.309054E+04
 -0.120500E+01  0.826000E+00  0.308842E+04
 -0.120500E+01  0.944000E+00  0.308645E+04
 -0.120500E+01  0.106200E+01  0.308475E+04
 -0.120500E+01  0.118000E+01  0.308329E+04
 -0.120500E+01  0.129800E+01  0.308217E+04
 -0.120500E+01  0.141600E+01  0.308133E+04
 -0.120500E+01  0.153400E+01  0.308082E+04
 -0.120500E+01  0.165200E+01  0.308062E+04
 -0.120500E+01  0.177000E+01  0.307795E+04
 -0.964000E+00 -0.177000E+01  0.313355E+04
 -0.964000E+00 -0.165200E+01  0.312689E+04
 -0.964000E+00 -0.153400E+01  0.312649E+04
 -0.964000E+00 -0.141600E+01  0.312575E+04
 -0.964000E+00 -0.129800E+01  0.312474E+04
 -0.964000E+00 -0.118000E+01  0.312344E+04
 -0.964000E+00 -0.106200E+01  0.312193E+04
 -0.964000E+00 -0.944000E+00  0.312018E+04
 -0.964000E+00 -0.826000E+00  0.311823E+04
 -0.964000E+00 -0.708000E+00  0.311608E+04
 -0.964000E+00 -0.590000E+00  0.311375E+04
 -0.964000E+00 -0.472000E+00  0.311126E+04
 -0.964000E+00 -0.354000E+00  0.310860E+04
 -0.964000E+00 -0.236000E+00  0.310577E+04
 -0.964000E+00 -0.118000E+00  0.310279E+04
 -0.964000E+00 -0.777156E-15  0.309966E+04
 -0.964000E+00  0.118000E+00  0.309655E+04
 -0.964000E+00  0.236000E+00  0.309357E+04
 -0.964000E+00  0.354000E+00  0.309069E+04
 -0.964000E+00  0.472000E+00  0.308790E+04
 -0.964000E+00  0.590000E+00  0.308523E+04
 -0.964000E+00  0.708000E+00  0.308270E+04
 -0.964000E+00  0.826000E+00  0.308034E+04
 -0.964000E+00  0.944000E+00  0.307818E+04
 -0.964000E+00  0.106200E+01  0.307623E+04
 -0.964000E+00  0.118000E+01  0.307455E+04
 -0.964000E+00  0.129800E+01  0.307305E+04
 -0.964000E+00  0.141600E+01  0.307178E+04
 -0.964000E+00  0.153400E+01  0.307052E+04
 -0.964000E+00  0.165200E+01  0.306929E+04
 -0.964000E+00  0.177000E+01  0.309290E+04
 -0.723000E+00 -0.177000E+01  0.313070E+04
 -0.723000E+00 -0.165200E+01  0.312397E+04
 -0.723000E+00 -0.153400E+01  0.312345E+04
 -0.723000E+00 -0.141600E+01  0.312268E+04
 -0.723000E+00 -0.129800E+01  0.312163E+04
 -0.723000E+00 -0.118000E+01  0.312033E+04
 -0.723000E+00 -0.106200E+01  0.311879E+04
 -0.723000E+00 -0.944000E+00  0.311701E+04
 -0.723000E+00 -0.826000E+00  0.311500E+04
 -0.723000E+00 -0.708000E+00  0.311278E+04
 -0.723000E+00 -0.590000E+00  0.311035E+04
 -0.723000E+00 -0.472000E+00  0.310773E+04
 -0.723000E+00 -0.354000E+00  0.310493E+04
 -0.723000E+00 -0.236000E+00  0.310192E+04
 -0.723000E+00 -0.118000E+00  0.309880E+04
 -0.723000E+00 -0.777156E-15  0.309547E+04
 -0.723000E+00  0.118000E+00  0.309225E+04
 -0.723000E+00  0.236000E+00  0.308910E+04
 -0.723000E+00  0.354000E+00  0.308603E+04
 -0.723000E+00  0.472000E+00  0.308303E+04
 -0.723000E+00  0.590000E+00  0.308014E+04
 -0.723000E+00  0.708000E+00  0.307737E+04
 -0.723000E+00  0.826000E+00  0.307474E+04
 -0.723000E+00  0.944000E+00  0.307229E+04
 -0.723000E+00  0.106200E+01  0.307001E+04
 -0.723000E+00  0.118000E+01  0.306784E+04
 -0.723000E+00  0.129800E+01  0.306586E+04
 -0.723000E+00  0.141600E+01  0.306382E+04
 -0.723000E+00  0.153400E+01  0.306212E+04
 -0.723000E+00  0.165200E+01  0.306097E+04
 -0.723000E+00  0.177000E+01  0.310799E+04
 -0.482000E+00 -0.177000E+01  0.313067E+04
 -0.482000E+00 -0.165200E+01  0.312383E+04
 -0.482000E+00 -0.153400E+01  0.312328E+04
 -0.482000E+00 -0.141600E+01  0.312238E+04
 -0.482000E+00 -0.129800E+01  0.312111E+04
 -0.482000E+00 -0.118000E+01  0.311953E+04
 -0.482000E+00 -0.106200E+01  0.311763E+04
 -0.482000E+00 -0.944000E+00  0.311548E+04
 -0.482000E+00 -0.826000E+00  0.311304E+04
 -0.482000E+00 -0.708000E+00  0.311040E+04
 -0.482000E+00 -0.590000E+00  0.310750E+04
 -0.482000E+00 -0.472000E+00  0.310444E+04
 -0.482000E+00 -0.354000E+00  0.310115E+04
 -0.482000E+00 -0.236000E+00  0.309775E+04
 -0.482000E+00 -0.118000E+00  0.309416E+04
 -0.482000E+00 -0.777156E-15  0.309054E+04
 -0.482000E+00  0.118000E+00  0.308696E+04
 -0.482000E+00  0.236000E+00  0.308352E+04
 -0.482000E+00  0.354000E+00  0.308009E+04
 -0.482000E+00  0.472000E+00  0.307683E+04
 -0.482000E+00  0.590000E+00  0.307360E+04
 -0.482000E+00  0.708000E+00  0.307056E+04
 -0.482000E+00  0.826000E+00  0.306758E+04
 -0.482000E+00  0.944000E+00  0.306481E+04
 -0.482000E+00  0.106200E+01  0.306209E+04
 -0.482000E+00  0.118000E+01  0.305960E+04
 -0.482000E+00  0.129800E+01  0.305713E+04
 -0.482000E+00  0.141600E+01  0.305506E+04
 -0.482000E+00  0.153400E+01  0.305348E+04
 -0.482000E+00  0.165200E+01  0.305249E+04
 -0.482000E+00  0.177000E+01  0.311784E+04
 -0.241000E+00 -0.177000E+01  0.312893E+04
 -0.241000E+00 -0.165200E+01  0.312206E+04
 -0.241000E+00 -0.153400E+01  0.312148E+04
 -0.241000E+00 -0.141600E+01  0.312057E+04
 -0.241000E+00 -0.129800E+01  0.311931E+04
 -0.241000E+00 -0.118000E+01  0.311775E+04
 -0.241000E+00 -0.106200E+01  0.311587E+04
 -0.241000E+00 -0.944000E+00  0.311374E+04
 -0.241000E+00 -0.826000E+00  0.311132E+04
 -0.241000E+00 -0.708000E+00  0.310868E+04
 -0.241000E+00 -0.590000E+00  0.310580E+04
 -0.241000E+00 -0.472000E+00  0.310273E+04
 -0.241000E+00 -0.354000E+00  0.309944E+04
 -0.241000E+00 -0.236000E+00  0.309603E+04
 -0.241000E+00 -0.118000E+00  0.309246E+04
 -0.241000E+00 -0.777156E-15  0.308889E+04
 -0.241000E+00  0.118000E+00  0.308536E+04
 -0.241000E+00  0.236000E+00  0.308189E+04
 -0.241000E+00  0.354000E+00  0.307848E+04
 -0.241000E+00  0.472000E+00  0.307515E+04
 -0.241000E+00  0.590000E+00  0.307190E+04
 -0.241000E+00  0.708000E+00  0.306875E+04
 -0.241000E+00  0.826000E+00  0.306569E+04
 -0.241000E+00  0.944000E+00  0.306273E+04
 -0.241000E+00  0.106200E+01  0.305982E+04
 -0.241000E+00  0.118000E+01  0.305712E+04
 -0.241000E+00  0.129800E+01  0.305447E+04
 -0.241000E+00  0.141600E+01  0.305244E+04
 -0.241000E+00  0.153400E+01  0.305104E+04
 -0.241000E+00  0.165200E+01  0.305014E+04
 -0.241000E+00  0.177000E+01  0.312766E+04
  0.000000E+00 -0.177000E+01  0.312942E+04
  0.000000E+00 -0.165200E+01  0.312255E+04
  0.000000E+00 -0.153400E+01  0.312193E+04
  0.000000E+00 -0.141600E+01  0.312100E+04
  0.000000E+00 -0.129800E+01  0.311968E+04
  0.000000E+00 -0.118000E+01  0.311808E+04
  0.000000E+00 -0.106200E+01  0.311613E+04
  0.000000E+00 -0.944000E+00  0.311393E+04
  0.000000E+00 -0.826000E+00  0.311143E+04
  0.000000E+00 -0.708000E+00  0.310870E+04
  0.000000E+00 -0.590000E+00  0.310571E+04
  0.000000E+00 -0.472000E+00  0.310252E+04
  0.000000E+00 -0.354000E+00  0.309910E+04
  0.000000E+00 -0.236000E+00  0.309554E+04
  0.000000E+00 -0.118000E+00  0.309181E+04
  0.000000E+00 -0.777156E-15  0.308809E+04
  0.000000E+00  0.118000E+00  0.308442E+04
  0.000000E+00  0.236000E+00  0.308081E+04
  0.000000E+00  0.354000E+00  0.307726E+04
  0.000000E+00  0.472000E+00  0.307377E+04
  0.000000E+00  0.590000E+00  0.307035E+04
  0.000000E+00  0.708000E+00  0.306700E+04
  0.000000E+00  0.826000E+00  0.306371E+04
  0.000000E+00  0.944000E+00  0.306044E+04
  0.000000E+00  0.106200E+01  0.305729E+04
  0.000000E+00  0.118000E+01  0.305412E+04
  0.000000E+00  0.129800E+01  0.305155E+04
  0.000000E+00  0.141600E+01  0.304947E+04
  0.000000E+00  0.153400E+01  0.304806E+04
  0.000000E+00  0.165200E+01  0.304715E+04
  0.000000E+00  0.177000E+01  0.313076E+04
  0.241000E+00 -0.177000E+01  0.312880E+04
  0.241000E+00 -0.165200E+01  0.312194E+04
  0.241000E+00 -0.153400E+01  0.312137E+04
  0.241000E+00 -0.141600E+01  0.312049E+04
  0.241000E+00 -0.129800E+01  0.311927E+04
  0.241000E+00 -0.118000E+01  0.311776E+04
  0.241000E+00 -0.106200E+01  0.311594E+04
  0.241000E+00 -0.944000E+00  0.311388E+04
  0.241000E+00 -0.826000E+00  0.311154E+04
  0.241000E+00 -0.708000E+00  0.310899E+04
  0.241000E+00 -0.590000E+00  0.310619E+04
  0.241000E+00 -0.472000E+00  0.310321E+04
  0.241000E+00 -0.354000E+00  0.310001E+04
  0.241000E+00 -0.236000E+00  0.309667E+04
  0.241000E+00 -0.118000E+00  0.309318E+04
  0.241000E+00 -0.777156E-15  0.308966E+04
  0.241000E+00  0.118000E+00  0.308617E+04
  0.241000E+00  0.236000E+00  0.308273E+04
  0.241000E+00  0.354000E+00  0.307932E+04
  0.241000E+00  0.472000E+00  0.307598E+04
  0.241000E+00  0.590000E+00  0.307269E+04
  0.241000E+00  0.708000E+00  0.306949E+04
  0.241000E+00  0.826000E+00  0.306636E+04
  0.241000E+00  0.944000E+00  0.306333E+04
  0.241000E+00  0.106200E+01  0.306033E+04
  0.241000E+00  0.118000E+01  0.305756E+04
  0.241000E+00  0.129800E+01  0.305483E+04
  0.241000E+00  0.141600E+01  0.305273E+04
  0.241000E+00  0.153400E+01  0.305125E+04
  0.241000E+00  0.165200E+01  0.305029E+04
  0.241000E+00  0.177000E+01  0.312783E+04
  0.482000E+00 -0.177000E+01  0.313136E+04
  0.482000E+00 -0.165200E+01  0.312452E+04
  0.482000E+00 -0.153400E+01  0.312390E+04
  0.482000E+00 -0.141600E+01  0.312294E+04
  0.482000E+00 -0.129800E+01  0.312160E+04
  0.482000E+00 -0.118000E+01  0.311996E+04
  0.482000E+00 -0.106200E+01  0.311800E+04
  0.482000E+00 -0.944000E+00  0.311580E+04
  0.482000E+00 -0.826000E+00  0.311332E+04
  0.482000E+00 -0.708000E+00  0.311064E+04
  0.482000E+00 -0.590000E+00  0.310771E+04
  0.482000E+00 -0.472000E+00  0.310462E+04
  0.482000E+00 -0.354000E+00  0.310131E+04
  0.482000E+00 -0.236000E+00  0.309787E+04
  0.482000E+00 -0.118000E+00  0.309428E+04
  0.482000E+00 -0.777156E-15  0.309062E+04
  0.482000E+00  0.118000E+00  0.308705E+04
  0.482000E+00  0.236000E+00  0.308359E+04
  0.482000E+00  0.354000E+00  0.308019E+04
  0.482000E+00  0.472000E+00  0.307692E+04
  0.482000E+00  0.590000E+00  0.307373E+04
  0.482000E+00  0.708000E+00  0.307071E+04
  0.482000E+00  0.826000E+00  0.306779E+04
  0.482000E+00  0.944000E+00  0.306506E+04
  0.482000E+00  0.106200E+01  0.306242E+04
  0.482000E+00  0.118000E+01  0.306000E+04
  0.482000E+00  0.129800E+01  0.305764E+04
  0.482000E+00  0.141600E+01  0.305565E+04
  0.482000E+00  0.153400E+01  0.305417E+04
  0.482000E+00  0.165200E+01  0.305324E+04
  0.482000E+00  0.177000E+01  0.311833E+04
  0.723000E+00 -0.177000E+01  0.313045E+04
  0.723000E+00 -0.165200E+01  0.312376E+04
  0.723000E+00 -0.153400E+01  0.312324E+04
  0.723000E+00 -0.141600E+01  0.312251E+04
  0.723000E+00 -0.129800E+01  0.312151E+04
  0.723000E+00 -0.118000E+01  0.312029E+04
  0.723000E+00 -0.106200E+01  0.311882E+04
  0.723000E+00 -0.944000E+00  0.311712E+04
  0.723000E+00 -0.826000E+00  0.311519E+04
  0.723000E+00 -0.708000E+00  0.311305E+04
  0.723000E+00 -0.590000E+00  0.311069E+04
  0.723000E+00 -0.472000E+00  0.310814E+04
  0.723000E+00 -0.354000E+00  0.310539E+04
  0.723000E+00 -0.236000E+00  0.310243E+04
  0.723000E+00 -0.118000E+00  0.309936E+04
  0.723000E+00 -0.777156E-15  0.309605E+04
  0.723000E+00  0.118000E+00  0.309286E+04
  0.723000E+00  0.236000E+00  0.308972E+04
  0.723000E+00  0.354000E+00  0.308666E+04
  0.723000E+00  0.472000E+00  0.308365E+04
  0.723000E+00  0.590000E+00  0.308075E+04
  0.723000E+00  0.708000E+00  0.307795E+04
  0.723000E+00  0.826000E+00  0.307530E+04
  0.723000E+00  0.944000E+00  0.307280E+04
  0.723000E+00  0.106200E+01  0.307051E+04
  0.723000E+00  0.118000E+01  0.306830E+04
  0.723000E+00  0.129800E+01  0.306632E+04
  0.723000E+00  0.141600E+01  0.306429E+04
  0.723000E+00  0.153400E+01  0.306261E+04
  0.723000E+00  0.165200E+01  0.306150E+04
  0.723000E+00  0.177000E+01  0.310843E+04
  0.964000E+00 -0.177000E+01  0.313355E+04
  0.964000E+00 -0.165200E+01  0.312687E+04
  0.964000E+00 -0.153400E+01  0.312630E+04
  0.964000E+00 -0.141600E+01  0.312545E+04
  0.964000E+00 -0.129800E+01  0.312428E+04
  0.964000E+00 -0.118000E+01  0.312288E+04
  0.964000E+00 -0.106200E+01  0.312122E+04
  0.964000E+00 -0.944000E+00  0.311938E+04
  0.964000E+00 -0.826000E+00  0.311731E+04
  0.964000E+00 -0.708000E+00  0.311510E+04
  0.964000E+00 -0.590000E+00  0.311269E+04
  0.964000E+00 -0.472000E+00  0.311017E+04
  0.964000E+00 -0.354000E+00  0.310747E+04
  0.964000E+00 -0.236000E+00  0.310464E+04
  0.964000E+00 -0.118000E+00  0.310167E+04
  0.964000E+00 -0.777156E-15  0.309857E+04
  0.964000E+00  0.118000E+00  0.309549E+04
  0.964000E+00  0.236000E+00  0.309256E+04
  0.964000E+00  0.354000E+00  0.308974E+04
  0.964000E+00  0.472000E+00  0.308702E+04
  0.964000E+00  0.590000E+00  0.308443E+04
  0.964000E+00  0.708000E+00  0.308197E+04
  0.964000E+00  0.826000E+00  0.307970E+04
  0.964000E+00  0.944000E+00  0.307761E+04
  0.964000E+00  0.106200E+01  0.307577E+04
  0.964000E+00  0.118000E+01  0.307416E+04
  0.964000E+00  0.129800E+01  0.307275E+04
  0.964000E+00  0.141600E+01  0.307154E+04
  0.964000E+00  0.153400E+01  0.307036E+04
  0.964000E+00  0.165200E+01  0.306916E+04
  0.964000E+00  0.177000E+01  0.309283E+04
  0.120500E+01 -0.177000E+01  0.313414E+04
  0.120500E+01 -0.165200E+01  0.312766E+04
  0.120500E+01 -0.153400E+01  0.312720E+04
  0.120500E+01 -0.141600E+01  0.312657E+04
  0.120500E+01 -0.129800E+01  0.312570E+04
  0.120500E+01 -0.118000E+01  0.312465E+04
  0.120500E+01 -0.106200E+01  0.312339E+04
  0.120500E+01 -0.944000E+00  0.312196E+04
  0.120500E+01 -0.826000E+00  0.312034E+04
  0.120500E+01 -0.708000E+00  0.311856E+04
  0.120500E+01 -0.590000E+00  0.311663E+04
  0.120500E+01 -0.472000E+00  0.311456E+04
  0.120500E+01 -0.354000E+00  0.311237E+04
  0.120500E+01 -0.236000E+00  0.311005E+04
  0.120500E+01 -0.118000E+00  0.310757E+04
  0.120500E+01 -0.777156E-15  0.310503E+04
  0.120500E+01  0.118000E+00  0.310224E+04
  0.120500E+01  0.236000E+00  0.309960E+04
  0.120500E+01  0.354000E+00  0.309707E+04
  0.120500E+01  0.472000E+00  0.309459E+04
  0.120500E+01  0.590000E+00  0.309222E+04
  0.120500E+01  0.708000E+00  0.308996E+04
  0.120500E+01  0.826000E+00  0.308787E+04
  0.120500E+01  0.944000E+00  0.308594E+04
  0.120500E+01  0.106200E+01  0.308427E+04
  0.120500E+01  0.118000E+01  0.308283E+04
  0.120500E+01  0.129800E+01  0.308172E+04
  0.120500E+01  0.141600E+01  0.308090E+04
  0.120500E+01  0.153400E+01  0.308040E+04
  0.120500E+01  0.165200E+01  0.308023E+04
  0.120500E+01  0.177000E+01  0.307743E+04
  0.144600E+01 -0.177000E+01  0.313681E+04
  0.144600E+01 -0.165200E+01  0.313039E+04
  0.144600E+01 -0.153400E+01  0.313009E+04
  0.144600E+01 -0.141600E+01  0.312950E+04
  0.144600E+01 -0.129800E+01  0.312870E+04
  0.144600E+01 -0.118000E+01  0.312766E+04
  0.144600E+01 -0.106200E+01  0.312646E+04
  0.144600E+01 -0.944000E+00  0.312503E+04
  0.144600E+01 -0.826000E+00  0.312347E+04
  0.144600E+01 -0.708000E+00  0.312172E+04
  0.144600E+01 -0.590000E+00  0.311986E+04
  0.144600E+01 -0.472000E+00  0.311787E+04
  0.144600E+01 -0.354000E+00  0.311578E+04
  0.144600E+01 -0.236000E+00  0.311360E+04
  0.144600E+01 -0.118000E+00  0.311133E+04
  0.144600E+01 -0.777156E-15  0.310901E+04
  0.144600E+01  0.118000E+00  0.310657E+04
  0.144600E+01  0.236000E+00  0.310413E+04
  0.144600E+01  0.354000E+00  0.310176E+04
  0.144600E+01  0.472000E+00  0.309949E+04
  0.144600E+01  0.590000E+00  0.309729E+04
  0.144600E+01  0.708000E+00  0.309523E+04
  0.144600E+01  0.826000E+00  0.309330E+04
  0.144600E+01  0.944000E+00  0.309156E+04
  0.144600E+01  0.106200E+01  0.309001E+04
  0.144600E+01  0.118000E+01  0.308870E+04
  0.144600E+01  0.129800E+01  0.308764E+04
  0.144600E+01  0.141600E+01  0.308686E+04
  0.144600E+01  0.153400E+01  0.308634E+04
  0.144600E+01  0.165200E+01  0.308608E+04
  0.144600E+01  0.177000E+01  0.306449E+04
