    -0.6025    1.4610  971.9829  970.8013  969.6532  968.6548  967.7458  966.9524  966.2245  965.6020  965.0478  964.5975  964.2112  963.9284  963.6988  963.5665  963.5023  963.5369  963.6380  963.8391  964.1051  964.4664  964.8884  965.4051  965.9925  966.6772  967.4350  968.2972  969.2429  970.3138  971.5029  972.8900
    -0.3615    1.4610  971.9832  970.8013  969.6530  968.6547  967.7457  966.9524  966.2244  965.6020  965.0478  964.5975  964.2112  963.9284  963.6987  963.5664  963.5023  963.5368  963.6380  963.8390  964.1051  964.4663  964.8885  965.4051  965.9925  966.6770  967.4350  968.2970  969.2429  970.3137  971.5031  972.8899
    -0.1205    1.4610  971.9831  970.8016  969.6533  968.6549  967.7457  966.9524  966.2244  965.6020  965.0478  964.5976  964.2112  963.9285  963.6988  963.5665  963.5023  963.5370  963.6380  963.8392  964.1051  964.4664  964.8885  965.4052  965.9925  966.6771  967.4349  968.2972  969.2429  970.3138  971.5029  972.8899
     0.1205    1.4610  971.9829  970.8014  969.6533  968.6548  967.7458  966.9524  966.2244  965.6019  965.0477  964.5975  964.2112  963.9284  963.6987  963.5664  963.5023  963.5369  963.6381  963.8391  964.1051  964.4663  964.8885  965.4050  965.9925  966.6770  967.4350  968.2970  969.2429  970.3137  971.5031  972.8899
     0.3615    1.4610  971.9832  970.8014  969.6532  968.6548  967.7458  966.9524  966.2244  965.6019  965.0477  964.5975  964.2112  963.9284  963.6988  963.5665  963.5023  963.5370  963.6381  963.8392  964.1051  964.4664  964.8885  965.4051  965.9925  966.6771  967.4349  968.2970  969.2428  970.3138  971.5031  972.8899
     0.6025    1.4610  971.9828  970.8012  969.6532  968.6548  967.7458  966.9524  966.2244  965.6019  965.0478  964.5974  964.2113  963.9284  963.6988  963.5664  963.5024  963.5369  963.6381  963.8391  964.1052  964.4663  964.8885  965.4050  965.9925  966.6769  967.4350  968.2969  969.2429  970.3136  971.5032  972.8900
    -0.9640    1.2523  971.9826  970.8012  969.6533  968.6548  967.7458  966.9524  966.2244  965.6019  965.0477  964.5974  964.2112  963.9284  963.6987  963.5664  963.5023  963.5368  963.6380  963.8390  964.1051  964.4663  964.8885  965.4050  965.9925  966.6770  967.4350  968.2971  969.2429  970.3137  971.5031  972.8901
    -0.7230    1.2523  971.7552  970.4718  969.2372  968.1629  967.1861  966.3322  965.5504  964.8806  964.2852  963.7998  963.3843  963.0783  962.8313  962.6876  962.6178  962.6528  962.7601  962.9732  963.2571  963.6420  964.0938  964.6459  965.2749  966.0070  966.8188  967.7412  968.7547  969.9011  971.1763  972.6631
    -0.4820    1.2523  971.7545  970.4715  969.2371  968.1625  967.1860  966.3321  965.5505  964.8805  964.2853  963.7997  963.3845  963.0782  962.8314  962.6874  962.6180  962.6526  962.7603  962.9729  963.2573  963.6418  964.0940  964.6457  965.2751  966.0067  966.8190  967.7410  968.7548  969.9008  971.1765  972.6632
    -0.2410    1.2523  971.7543  970.4715  969.2372  968.1627  967.1860  966.3321  965.5504  964.8805  964.2852  963.7997  963.3843  963.0782  962.8313  962.6875  962.6179  962.6527  962.7602  962.9730  963.2572  963.6419  964.0939  964.6458  965.2750  966.0069  966.8189  967.7411  968.7547  969.9008  971.1763  972.6632
     0.0000    1.2523  971.7539  970.4713  969.2370  968.1626  967.1859  966.3321  965.5504  964.8805  964.2852  963.7997  963.3843  963.0782  962.8314  962.6875  962.6180  962.6526  962.7603  962.9730  963.2572  963.6418  964.0940  964.6457  965.2750  966.0068  966.8190  967.7410  968.7547  969.9008  971.1764  972.6633
     0.2410    1.2523  971.7535  970.4712  969.2370  968.1626  967.1859  966.3321  965.5504  964.8805  964.2852  963.7997  963.3844  963.0783  962.8314  962.6875  962.6180  962.6527  962.7602  962.9731  963.2572  963.6419  964.0939  964.6458  965.2749  966.0068  966.8189  967.7411  968.7547  969.9008  971.1763  972.6633
     0.4820    1.2523  971.7547  970.4715  969.2371  968.1627  967.1860  966.3321  965.5503  964.8805  964.2852  963.7998  963.3844  963.0783  962.8314  962.6876  962.6180  962.6528  962.7602  962.9731  963.2572  963.6420  964.0939  964.6458  965.2750  966.0068  966.8189  967.7410  968.7547  969.9009  971.1765  972.6632
     0.7230    1.2523  971.7545  970.4717  969.2373  968.1629  967.1860  966.3321  965.5503  964.8805  964.2852  963.7998  963.3843  963.0783  962.8313  962.6876  962.6179  962.6528  962.7602  962.9732  963.2571  963.6420  964.0938  964.6459  965.2748  966.0069  966.8187  967.7412  968.7545  969.9010  971.1762  972.6633
     0.9640    1.2523  971.9829  970.8013  969.6532  968.6547  967.7458  966.9523  966.2244  965.6018  965.0477  964.5975  964.2112  963.9284  963.6988  963.5665  963.5023  963.5369  963.6380  963.8392  964.1051  964.4664  964.8884  965.4051  965.9924  966.6771  967.4349  968.2971  969.2428  970.3138  971.5030  972.8900
    -1.0845    1.0436  971.9830  970.8015  969.6533  968.6548  967.7457  966.9524  966.2244  965.6019  965.0478  964.5974  964.2111  963.9284  963.6987  963.5664  963.5023  963.5369  963.6380  963.8391  964.1051  964.4664  964.8885  965.4051  965.9925  966.6771  967.4350  968.2971  969.2429  970.3139  971.5030  972.8900
    -0.8435    1.0436  971.7541  970.4715  969.2371  968.1627  967.1860  966.3322  965.5504  964.8806  964.2851  963.7997  963.3842  963.0783  962.8313  962.6876  962.6179  962.6528  962.7601  962.9731  963.2571  963.6420  964.0938  964.6458  965.2749  966.0069  966.8189  967.7411  968.7547  969.9009  971.1763  972.6633
    -0.6025    1.0436  971.5802  970.2215  968.9221  967.7901  966.7622  965.8626  965.0403  964.3347  963.7082  963.1961  962.7588  962.4351  962.1752  962.0226  961.9489  961.9839  962.0961  962.3180  962.6156  963.0183  963.4927  964.0714  964.7319  965.4998  966.3525  967.3204  968.3851  969.5885  970.9287  972.4917
    -0.3615    1.0436  971.5808  970.2218  968.9222  967.7902  966.7622  965.8626  965.0404  964.3347  963.7083  963.1962  962.7588  962.4351  962.1752  962.0227  961.9490  961.9839  962.0961  962.3181  962.6157  963.0184  963.4927  964.0714  964.7319  965.4998  966.3525  967.3205  968.3851  969.5885  970.9287  972.4916
    -0.1205    1.0436  971.5806  970.2218  968.9221  967.7902  966.7621  965.8627  965.0403  964.3348  963.7082  963.1962  962.7587  962.4352  962.1752  962.0228  961.9490  961.9840  962.0961  962.3181  962.6156  963.0184  963.4927  964.0715  964.7320  965.4999  966.3525  967.3204  968.3850  969.5885  970.9287  972.4916
     0.1205    1.0436  971.5803  970.2217  968.9222  967.7900  966.7622  965.8625  965.0403  964.3346  963.7083  963.1961  962.7588  962.4351  962.1752  962.0226  961.9490  961.9838  962.0962  962.3180  962.6158  963.0183  963.4928  964.0714  964.7320  965.4997  966.3527  967.3204  968.3852  969.5883  970.9288  972.4916
     0.3615    1.0436  971.5819  970.2223  968.9222  967.7902  966.7621  965.8627  965.0403  964.3348  963.7082  963.1962  962.7587  962.4351  962.1752  962.0227  961.9490  961.9840  962.0961  962.3181  962.6157  963.0184  963.4927  964.0715  964.7319  965.4998  966.3525  967.3204  968.3851  969.5886  970.9288  972.4914
     0.6025    1.0436  971.5800  970.2214  968.9220  967.7900  966.7621  965.8626  965.0403  964.3346  963.7082  963.1961  962.7588  962.4351  962.1752  962.0227  961.9490  961.9839  962.0961  962.3180  962.6157  963.0183  963.4927  964.0713  964.7320  965.4997  966.3526  967.3203  968.3851  969.5883  970.9288  972.4917
     0.8435    1.0436  971.7540  970.4714  969.2371  968.1627  967.1859  966.3321  965.5503  964.8805  964.2852  963.7997  963.3843  963.0783  962.8314  962.6876  962.6180  962.6527  962.7602  962.9731  963.2572  963.6419  964.0939  964.6458  965.2750  966.0069  966.8189  967.7411  968.7547  969.9009  971.1763  972.6633
     1.0845    1.0436  971.9831  970.8015  969.6534  968.6548  967.7458  966.9523  966.2243  965.6019  965.0477  964.5974  964.2111  963.9284  963.6987  963.5664  963.5023  963.5369  963.6381  963.8391  964.1051  964.4663  964.8885  965.4051  965.9925  966.6770  967.4350  968.2971  969.2429  970.3137  971.5030  972.8900
    -1.2050    0.8348  971.9830  970.8013  969.6532  968.6549  967.7458  966.9524  966.2244  965.6019  965.0477  964.5974  964.2111  963.9283  963.6987  963.5664  963.5023  963.5368  963.6380  963.8390  964.1051  964.4663  964.8884  965.4050  965.9925  966.6770  967.4350  968.2971  969.2429  970.3137  971.5030  972.8900
    -0.9640    0.8348  971.7545  970.4715  969.2373  968.1627  967.1861  966.3321  965.5504  964.8804  964.2852  963.7996  963.3844  963.0782  962.8314  962.6874  962.6179  962.6526  962.7602  962.9730  963.2572  963.6419  964.0939  964.6457  965.2749  966.0068  966.8189  967.7412  968.7547  969.9009  971.1764  972.6633
    -0.7230    0.8348  971.5808  970.2216  968.9221  967.7901  966.7623  965.8626  965.0404  964.3346  963.7082  963.1961  962.7588  962.4350  962.1752  962.0226  961.9490  961.9838  962.0962  962.3180  962.6157  963.0183  963.4927  964.0714  964.7320  965.4997  966.3526  967.3204  968.3852  969.5885  970.9288  972.4916
    -0.4820    0.8348  971.3867  969.9428  968.5704  967.3743  966.2890  965.3386  964.4709  963.7255  963.0643  962.5227  962.0607  961.7176  961.4429  961.2810  961.2024  961.2378  961.3551  961.5872  961.8998  962.3226  962.8217  963.4305  964.1258  964.9338  965.8319  966.8508  967.9724  969.2396  970.6524  972.2998
    -0.2410    0.8348  971.3876  969.9429  968.5704  967.3742  966.2892  965.3386  964.4710  963.7255  963.0643  962.5227  962.0607  961.7175  961.4430  961.2809  961.2025  961.2378  961.3551  961.5872  961.8999  962.3226  962.8218  963.4305  964.1259  964.9339  965.8320  966.8508  967.9724  969.2398  970.6524  972.2998
     0.0000    0.8348  971.3875  969.9429  968.5702  967.3740  966.2891  965.3386  964.4711  963.7255  963.0644  962.5226  962.0607  961.7175  961.4431  961.2809  961.2026  961.2377  961.3552  961.5871  961.9000  962.3225  962.8219  963.4304  964.1260  964.9338  965.8320  966.8507  967.9725  969.2397  970.6524  972.2998
     0.2410    0.8348  971.3867  969.9428  968.5704  967.3742  966.2890  965.3385  964.4710  963.7255  963.0644  962.5227  962.0607  961.7176  961.4430  961.2809  961.2025  961.2378  961.3551  961.5873  961.8998  962.3226  962.8218  963.4305  964.1258  964.9339  965.8319  966.8510  967.9724  969.2398  970.6522  972.2999
     0.4820    0.8348  971.3869  969.9425  968.5701  967.3739  966.2891  965.3385  964.4710  963.7254  963.0643  962.5226  962.0607  961.7175  961.4430  961.2809  961.2025  961.2377  961.3551  961.5871  961.8999  962.3225  962.8218  963.4304  964.1259  964.9338  965.8320  966.8507  967.9724  969.2397  970.6524  972.2998
     0.7230    0.8348  971.5806  970.2218  968.9222  967.7901  966.7621  965.8626  965.0402  964.3346  963.7082  963.1961  962.7587  962.4351  962.1752  962.0227  961.9490  961.9839  962.0961  962.3180  962.6157  963.0184  963.4927  964.0714  964.7319  965.4998  966.3526  967.3205  968.3852  969.5885  970.9288  972.4916
     0.9640    0.8348  971.7539  970.4714  969.2371  968.1626  967.1859  966.3320  965.5503  964.8805  964.2852  963.7996  963.3843  963.0782  962.8313  962.6875  962.6180  962.6526  962.7602  962.9730  963.2572  963.6419  964.0939  964.6457  965.2750  966.0068  966.8190  967.7410  968.7548  969.9007  971.1764  972.6632
     1.2050    0.8348  971.9830  970.8011  969.6531  968.6547  967.7458  966.9523  966.2244  965.6018  965.0477  964.5974  964.2111  963.9283  963.6987  963.5664  963.5023  963.5368  963.6381  963.8391  964.1051  964.4663  964.8885  965.4051  965.9925  966.6771  967.4350  968.2971  969.2428  970.3137  971.5030  972.8901
    -1.3255    0.6261  971.9830  970.8013  969.6532  968.6548  967.7458  966.9524  966.2244  965.6019  965.0477  964.5974  964.2111  963.9283  963.6987  963.5664  963.5023  963.5369  963.6380  963.8391  964.1051  964.4663  964.8885  965.4051  965.9925  966.6771  967.4350  968.2971  969.2429  970.3138  971.5030  972.8900
    -1.0845    0.6261  971.7536  970.4712  969.2371  968.1625  967.1859  966.3320  965.5504  964.8804  964.2852  963.7995  963.3843  963.0781  962.8313  962.6874  962.6180  962.6526  962.7603  962.9729  963.2573  963.6418  964.0939  964.6457  965.2750  966.0067  966.8190  967.7410  968.7549  969.9008  971.1764  972.6633
    -0.8435    0.6261  971.5811  970.2221  968.9223  967.7901  966.7622  965.8627  965.0404  964.3347  963.7083  963.1961  962.7588  962.4351  962.1752  962.0227  961.9490  961.9839  962.0962  962.3180  962.6158  963.0184  963.4927  964.0714  964.7319  965.4997  966.3526  967.3205  968.3852  969.5886  970.9288  972.4915
    -0.6025    0.6261  971.3872  969.9430  968.5704  967.3743  966.2891  965.3386  964.4710  963.7255  963.0643  962.5227  962.0606  961.7175  961.4430  961.2810  961.2025  961.2378  961.3552  961.5873  961.8999  962.3227  962.8218  963.4305  964.1258  964.9339  965.8319  966.8510  967.9724  969.2398  970.6523  972.2998
    -0.3615    0.6261  971.2446  969.7375  968.3117  967.0685  965.9416  964.9535  964.0527  963.2779  962.5913  962.0280  961.5481  961.1905  960.9053  960.7362  960.6543  960.6898  960.8110  961.0504  961.3742  961.8115  962.3291  962.9596  963.6807  964.5180  965.4495  966.5057  967.6693  968.9834  970.4493  972.1589
    -0.1205    0.6261  971.2445  969.7379  968.3118  967.0685  965.9415  964.9535  964.0528  963.2779  962.5913  962.0280  961.5480  961.1905  960.9053  960.7362  960.6543  960.6898  960.8109  961.0506  961.3742  961.8116  962.3290  962.9598  963.6807  964.5182  965.4494  966.5059  967.6693  968.9836  970.4491  972.1589
     0.1205    0.6261  971.2452  969.7378  968.3117  967.0685  965.9415  964.9536  964.0527  963.2779  962.5913  962.0280  961.5480  961.1906  960.9053  960.7362  960.6543  960.6898  960.8110  961.0506  961.3742  961.8116  962.3291  962.9598  963.6807  964.5182  965.4495  966.5059  967.6693  968.9835  970.4493  972.1588
     0.3615    0.6261  971.2444  969.7376  968.3117  967.0685  965.9414  964.9535  964.0527  963.2779  962.5913  962.0280  961.5481  961.1906  960.9053  960.7362  960.6543  960.6898  960.8110  961.0505  961.3742  961.8116  962.3291  962.9597  963.6807  964.5181  965.4495  966.5058  967.6692  968.9834  970.4492  972.1589
     0.6025    0.6261  971.3873  969.9428  968.5703  967.3741  966.2891  965.3386  964.4710  963.7254  963.0643  962.5226  962.0607  961.7175  961.4431  961.2809  961.2026  961.2377  961.3552  961.5872  961.9000  962.3225  962.8219  963.4304  964.1260  964.9338  965.8321  966.8508  967.9725  969.2396  970.6525  972.2998
     0.8435    0.6261  971.5809  970.2219  968.9221  967.7902  966.7620  965.8626  965.0402  964.3347  963.7081  963.1962  962.7586  962.4351  962.1751  962.0227  961.9488  961.9839  962.0960  962.3181  962.6156  963.0184  963.4926  964.0715  964.7319  965.4999  966.3525  967.3205  968.3851  969.5886  970.9287  972.4916
     1.0845    0.6261  971.7542  970.4714  969.2370  968.1627  967.1859  966.3321  965.5503  964.8805  964.2851  963.7996  963.3842  963.0782  962.8313  962.6874  962.6179  962.6526  962.7602  962.9730  963.2572  963.6419  964.0939  964.6457  965.2750  966.0068  966.8190  967.7411  968.7547  969.9007  971.1764  972.6633
     1.3255    0.6261  971.9830  970.8012  969.6532  968.6548  967.7457  966.9523  966.2243  965.6018  965.0477  964.5973  964.2111  963.9283  963.6987  963.5663  963.5023  963.5368  963.6381  963.8390  964.1051  964.4663  964.8885  965.4050  965.9926  966.6770  967.4351  968.2970  969.2429  970.3135  971.5031  972.8900
    -1.4460    0.4174  971.9829  970.8015  969.6534  968.6548  967.7458  966.9523  966.2244  965.6019  965.0477  964.5974  964.2111  963.9283  963.6987  963.5664  963.5023  963.5368  963.6381  963.8390  964.1052  964.4663  964.8885  965.4050  965.9925  966.6770  967.4351  968.2970  969.2430  970.3136  971.5031  972.8900
    -1.2050    0.4174  971.7547  970.4718  969.2372  968.1627  967.1859  966.3322  965.5504  964.8806  964.2851  963.7997  963.3842  963.0783  962.8313  962.6876  962.6179  962.6527  962.7602  962.9731  963.2572  963.6420  964.0939  964.6458  965.2750  966.0068  966.8189  967.7411  968.7548  969.9010  971.1764  972.6632
    -0.9640    0.4174  971.5808  970.2217  968.9221  967.7901  966.7622  965.8626  965.0403  964.3346  963.7082  963.1961  962.7587  962.4351  962.1752  962.0227  961.9490  961.9839  962.0961  962.3181  962.6157  963.0184  963.4927  964.0714  964.7319  965.4998  966.3525  967.3205  968.3851  969.5886  970.9287  972.4917
    -0.7230    0.4174  971.3866  969.9426  968.5702  967.3741  966.2890  965.3386  964.4710  963.7254  963.0642  962.5226  962.0606  961.7175  961.4430  961.2810  961.2025  961.2378  961.3551  961.5872  961.8998  962.3226  962.8218  963.4305  964.1258  964.9339  965.8319  966.8509  967.9724  969.2398  970.6524  972.2999
    -0.4820    0.4174  971.2446  969.7377  968.3117  967.0684  965.9414  964.9536  964.0527  963.2780  962.5913  962.0279  961.5480  961.1905  960.9053  960.7362  960.6544  960.6898  960.8111  961.0505  961.3743  961.8116  962.3292  962.9597  963.6808  964.5180  965.4496  966.5057  967.6694  968.9834  970.4494  972.1588
    -0.2410    0.4174  971.1287  969.5696  968.0996  966.8176  965.6562  964.6376  963.7095  962.9107  962.2033  961.6221  961.1275  960.7582  960.4642  960.2893  960.2047  960.2403  960.3646  960.6102  960.9430  961.3923  961.9249  962.5734  963.3155  964.1769  965.1357  966.2226  967.4204  968.7731  970.2826  972.0430
     0.0000    0.4174  971.1274  969.5694  968.0995  966.8175  965.6561  964.6376  963.7095  962.9107  962.2033  961.6222  961.1274  960.7582  960.4642  960.2894  960.2046  960.2403  960.3645  960.6103  960.9429  961.3924  961.9248  962.5735  963.3154  964.1770  965.1356  966.2226  967.4204  968.7731  970.2825  972.0431
     0.2410    0.4174  971.1281  969.5695  968.0995  966.8175  965.6561  964.6375  963.7095  962.9107  962.2033  961.6221  961.1274  960.7582  960.4642  960.2893  960.2047  960.2403  960.3646  960.6102  960.9430  961.3924  961.9249  962.5735  963.3155  964.1769  965.1356  966.2226  967.4204  968.7731  970.2825  972.0431
     0.4820    0.4174  971.2445  969.7381  968.3121  967.0686  965.9413  964.9535  964.0527  963.2780  962.5914  962.0280  961.5480  961.1905  960.9052  960.7362  960.6542  960.6898  960.8109  961.0506  961.3742  961.8117  962.3291  962.9598  963.6807  964.5182  965.4494  966.5059  967.6692  968.9835  970.4491  972.1588
     0.7230    0.4174  971.3868  969.9425  968.5702  967.3741  966.2890  965.3385  964.4709  963.7253  963.0642  962.5225  962.0606  961.7175  961.4429  961.2808  961.2024  961.2377  961.3551  961.5871  961.8999  962.3225  962.8219  963.4304  964.1260  964.9338  965.8321  966.8508  967.9726  969.2397  970.6526  972.2998
     0.9640    0.4174  971.5811  970.2220  968.9222  967.7901  966.7621  965.8626  965.0403  964.3346  963.7082  963.1961  962.7587  962.4351  962.1752  962.0227  961.9489  961.9840  962.0961  962.3181  962.6156  963.0184  963.4927  964.0715  964.7319  965.4999  966.3525  967.3205  968.3850  969.5886  970.9287  972.4916
     1.2050    0.4174  971.7537  970.4715  969.2372  968.1625  967.1858  966.3320  965.5503  964.8804  964.2852  963.7996  963.3843  963.0781  962.8314  962.6874  962.6180  962.6526  962.7603  962.9729  963.2573  963.6418  964.0940  964.6457  965.2751  966.0067  966.8190  967.7410  968.7548  969.9007  971.1764  972.6633
     1.4460    0.4174  971.9827  970.8011  969.6530  968.6546  967.7456  966.9523  966.2243  965.6018  965.0476  964.5973  964.2110  963.9283  963.6987  963.5664  963.5022  963.5368  963.6380  963.8390  964.1050  964.4663  964.8884  965.4051  965.9925  966.6770  967.4350  968.2970  969.2429  970.3137  971.5031  972.8900
    -1.5665    0.2087  971.9829  970.8013  969.6532  968.6548  967.7458  966.9524  966.2244  965.6019  965.0477  964.5974  964.2111  963.9284  963.6987  963.5664  963.5023  963.5369  963.6381  963.8391  964.1051  964.4664  964.8885  965.4051  965.9925  966.6771  967.4350  968.2971  969.2429  970.3138  971.5030  972.8900
    -1.3255    0.2087  971.7548  970.4716  969.2372  968.1628  967.1860  966.3321  965.5504  964.8805  964.2852  963.7997  963.3843  963.0782  962.8313  962.6875  962.6179  962.6527  962.7602  962.9730  963.2572  963.6419  964.0939  964.6458  965.2750  966.0068  966.8190  967.7411  968.7548  969.9009  971.1764  972.6632
    -1.0845    0.2087  971.5805  970.2217  968.9221  967.7901  966.7621  965.8626  965.0403  964.3347  963.7082  963.1961  962.7587  962.4351  962.1751  962.0227  961.9489  961.9839  962.0961  962.3181  962.6157  963.0184  963.4927  964.0714  964.7319  965.4998  966.3525  967.3205  968.3851  969.5885  970.9287  972.4917
    -0.8435    0.2087  971.3872  969.9429  968.5704  967.3743  966.2891  965.3385  964.4709  963.7254  963.0642  962.5226  962.0607  961.7175  961.4430  961.2809  961.2025  961.2377  961.3552  961.5872  961.8999  962.3226  962.8218  963.4304  964.1259  964.9338  965.8321  966.8508  967.9726  969.2396  970.6524  972.2998
    -0.6025    0.2087  971.2445  969.7373  968.3116  967.0684  965.9415  964.9535  964.0527  963.2778  962.5913  962.0278  961.5480  961.1905  960.9054  960.7361  960.6544  960.6897  960.8111  961.0504  961.3742  961.8115  962.3291  962.9596  963.6808  964.5181  965.4495  966.5057  967.6692  968.9834  970.4493  972.1589
    -0.3615    0.2087  971.1279  969.5697  968.0997  966.8176  965.6561  964.6375  963.7095  962.9107  962.2032  961.6222  961.1274  960.7583  960.4642  960.2894  960.2046  960.2404  960.3645  960.6103  960.9429  961.3925  961.9248  962.5736  963.3154  964.1770  965.1355  966.2227  967.4203  968.7732  970.2824  972.0431
    -0.1205    0.2087  971.0583  969.4695  967.9734  966.6686  965.4866  964.4500  963.5057  962.6928  961.9728  961.3813  960.8777  960.5016  960.2024  960.0242  959.9377  959.9736  960.0996  960.3490  960.6869  961.1436  961.6848  962.3443  963.0986  963.9746  964.9492  966.0546  967.2725  968.6483  970.1833  971.9744
     0.1205    0.2087  971.0587  969.4695  967.9734  966.6686  965.4867  964.4500  963.5057  962.6927  961.9729  961.3812  960.8778  960.5016  960.2024  960.0241  959.9378  959.9735  960.0996  960.3489  960.6870  961.1435  961.6849  962.3442  963.0987  963.9745  964.9493  966.0545  967.2726  968.6482  970.1835  971.9744
     0.3615    0.2087  971.1284  969.5696  968.0996  966.8177  965.6561  964.6375  963.7094  962.9107  962.2032  961.6222  961.1274  960.7582  960.4642  960.2894  960.2046  960.2404  960.3646  960.6104  960.9429  961.3925  961.9248  962.5736  963.3154  964.1771  965.1356  966.2227  967.4203  968.7732  970.2824  972.0431
     0.6025    0.2087  971.2446  969.7377  968.3116  967.0684  965.9413  964.9535  964.0526  963.2779  962.5912  962.0279  961.5479  961.1905  960.9053  960.7362  960.6543  960.6898  960.8110  961.0505  961.3741  961.8116  962.3291  962.9597  963.6807  964.5181  965.4495  966.5058  967.6692  968.9835  970.4492  972.1588
     0.8435    0.2087  971.3876  969.9428  968.5702  967.3741  966.2890  965.3385  964.4709  963.7254  963.0642  962.5226  962.0606  961.7175  961.4430  961.2809  961.2025  961.2378  961.3551  961.5872  961.8999  962.3226  962.8218  963.4305  964.1259  964.9339  965.8320  966.8509  967.9724  969.2398  970.6524  972.2997
     1.0845    0.2087  971.5817  970.2217  968.9220  967.7900  966.7622  965.8626  965.0403  964.3346  963.7082  963.1961  962.7588  962.4351  962.1752  962.0227  961.9490  961.9839  962.0962  962.3181  962.6158  963.0184  963.4928  964.0714  964.7321  965.4998  966.3527  967.3204  968.3852  969.5884  970.9289  972.4915
     1.3255    0.2087  971.7544  970.4716  969.2372  968.1627  967.1858  966.3320  965.5502  964.8805  964.2851  963.7997  963.3842  963.0783  962.8313  962.6876  962.6179  962.6528  962.7601  962.9732  963.2570  963.6421  964.0938  964.6459  965.2749  966.0070  966.8187  967.7412  968.7546  969.9011  971.1762  972.6632
     1.5665    0.2087  971.9830  970.8013  969.6532  968.6547  967.7457  966.9523  966.2244  965.6018  965.0477  964.5974  964.2112  963.9284  963.6988  963.5664  963.5023  963.5369  963.6381  963.8391  964.1051  964.4664  964.8885  965.4051  965.9925  966.6771  967.4349  968.2971  969.2428  970.3137  971.5030  972.8900
    -1.4460    0.0000  971.7541  970.4715  969.2372  968.1627  967.1859  966.3321  965.5504  964.8805  964.2851  963.7997  963.3843  963.0783  962.8313  962.6875  962.6179  962.6527  962.7601  962.9731  963.2571  963.6420  964.0938  964.6459  965.2749  966.0069  966.8188  967.7411  968.7547  969.9010  971.1763  972.6633
    -1.2050    0.0000  971.5811  970.2218  968.9221  967.7900  966.7622  965.8626  965.0404  964.3346  963.7082  963.1961  962.7587  962.4351  962.1752  962.0227  961.9489  961.9839  962.0961  962.3180  962.6156  963.0184  963.4927  964.0715  964.7319  965.4998  966.3524  967.3204  968.3850  969.5887  970.9288  972.4916
    -0.9640    0.0000  971.3872  969.9427  968.5703  967.3743  966.2891  965.3385  964.4709  963.7254  963.0642  962.5226  962.0606  961.7175  961.4430  961.2809  961.2025  961.2377  961.3551  961.5872  961.8998  962.3226  962.8218  963.4305  964.1259  964.9339  965.8319  966.8508  967.9724  969.2397  970.6524  972.2998
    -0.7230    0.0000  971.2445  969.7378  968.3118  967.0685  965.9414  964.9535  964.0526  963.2779  962.5913  962.0280  961.5480  961.1906  960.9053  960.7362  960.6543  960.6898  960.8110  961.0505  961.3742  961.8116  962.3291  962.9597  963.6807  964.5181  965.4495  966.5058  967.6693  968.9834  970.4492  972.1589
    -0.4820    0.0000  971.1280  969.5695  968.0994  966.8175  965.6560  964.6376  963.7094  962.9107  962.2031  961.6221  961.1273  960.7582  960.4641  960.2893  960.2046  960.2402  960.3645  960.6101  960.9429  961.3923  961.9249  962.5734  963.3155  964.1769  965.1356  966.2225  967.4204  968.7730  970.2826  972.0431
    -0.2410    0.0000  971.0595  969.4699  967.9737  966.6688  965.4868  964.4500  963.5057  962.6928  961.9728  961.3813  960.8777  960.5017  960.2024  960.0242  959.9377  959.9736  960.0996  960.3490  960.6870  961.1437  961.6850  962.3443  963.0987  963.9745  964.9493  966.0545  967.2726  968.6483  970.1835  971.9743
     0.0000    0.0000  971.0129  969.4034  967.8900  966.5698  965.3746  964.3257  963.3708  962.5483  961.8203  961.2217  960.7124  960.3317  960.0290  959.8485  959.7610  959.7968  959.9242  960.1758  960.5175  960.9788  961.5260  962.1924  962.9551  963.8403  964.8259  965.9431  967.1748  968.5654  970.1180  971.9287
     0.2410    0.0000  971.0586  969.4697  967.9736  966.6686  965.4867  964.4500  963.5057  962.6927  961.9729  961.3813  960.8778  960.5016  960.2024  960.0242  959.9378  959.9735  960.0997  960.3489  960.6871  961.1436  961.6850  962.3442  963.0987  963.9744  964.9493  966.0545  967.2727  968.6481  970.1835  971.9743
     0.4820    0.0000  971.1281  969.5695  968.0995  966.8176  965.6561  964.6375  963.7094  962.9107  962.2032  961.6221  961.1274  960.7582  960.4642  960.2893  960.2047  960.2403  960.3646  960.6102  960.9430  961.3924  961.9248  962.5735  963.3155  964.1770  965.1357  966.2226  967.4204  968.7730  970.2825  972.0431
     0.7230    0.0000  971.2450  969.7381  968.3118  967.0683  965.9413  964.9535  964.0527  963.2780  962.5914  962.0280  961.5480  961.1906  960.9053  960.7362  960.6544  960.6899  960.8110  961.0506  961.3742  961.8117  962.3291  962.9598  963.6807  964.5182  965.4494  966.5059  967.6693  968.9836  970.4491  972.1588
     0.9640    0.0000  971.3866  969.9427  968.5703  967.3738  966.2889  965.3384  964.4709  963.7254  963.0643  962.5225  962.0607  961.7175  961.4430  961.2808  961.2026  961.2377  961.3552  961.5871  961.9000  962.3225  962.8219  963.4303  964.1260  964.9337  965.8321  966.8507  967.9726  969.2395  970.6524  972.2998
     1.2050    0.0000  971.5812  970.2221  968.9224  967.7902  966.7621  965.8626  965.0402  964.3347  963.7082  963.1962  962.7588  962.4352  962.1752  962.0228  961.9490  961.9840  962.0961  962.3182  962.6157  963.0184  963.4927  964.0715  964.7319  965.4999  966.3525  967.3206  968.3851  969.5886  970.9287  972.4915
     1.4460    0.0000  971.7543  970.4714  969.2371  968.1626  967.1860  966.3321  965.5503  964.8805  964.2852  963.7997  963.3844  963.0783  962.8314  962.6876  962.6180  962.6528  962.7603  962.9731  963.2572  963.6420  964.0939  964.6458  965.2750  966.0069  966.8189  967.7411  968.7547  969.9008  971.1763  972.6632
    -1.5665   -0.2087  971.9828  970.8014  969.6533  968.6548  967.7458  966.9524  966.2244  965.6019  965.0477  964.5974  964.2112  963.9284  963.6988  963.5664  963.5023  963.5369  963.6381  963.8391  964.1051  964.4664  964.8885  965.4051  965.9925  966.6771  967.4350  968.2971  969.2429  970.3138  971.5031  972.8900
    -1.3255   -0.2087  971.7539  970.4713  969.2371  968.1627  967.1859  966.3321  965.5503  964.8805  964.2851  963.7997  963.3843  963.0782  962.8313  962.6875  962.6179  962.6527  962.7602  962.9731  963.2572  963.6419  964.0939  964.6458  965.2749  966.0068  966.8189  967.7411  968.7547  969.9009  971.1764  972.6633
    -1.0845   -0.2087  971.5800  970.2215  968.9221  967.7902  966.7620  965.8626  965.0402  964.3346  963.7081  963.1961  962.7586  962.4351  962.1751  962.0227  961.9489  961.9839  962.0961  962.3180  962.6156  963.0184  963.4927  964.0714  964.7319  965.4998  966.3525  967.3205  968.3852  969.5885  970.9288  972.4917
    -0.8435   -0.2087  971.3876  969.9428  968.5702  967.3739  966.2891  965.3386  964.4710  963.7254  963.0643  962.5225  962.0607  961.7175  961.4430  961.2809  961.2026  961.2376  961.3552  961.5871  961.8999  962.3225  962.8219  963.4304  964.1260  964.9337  965.8321  966.8507  967.9726  969.2397  970.6526  972.2998
    -0.6025   -0.2087  971.2445  969.7377  968.3118  967.0684  965.9414  964.9535  964.0527  963.2779  962.5913  962.0279  961.5480  961.1905  960.9053  960.7362  960.6543  960.6898  960.8109  961.0505  961.3741  961.8116  962.3290  962.9597  963.6807  964.5181  965.4495  966.5059  967.6693  968.9835  970.4492  972.1590
    -0.3615   -0.2087  971.1273  969.5694  968.0995  966.8174  965.6560  964.6375  963.7095  962.9107  962.2032  961.6220  961.1273  960.7581  960.4642  960.2893  960.2046  960.2402  960.3645  960.6102  960.9429  961.3924  961.9248  962.5735  963.3154  964.1769  965.1355  966.2226  967.4204  968.7732  970.2824  972.0432
    -0.1205   -0.2087  971.0586  969.4695  967.9735  966.6686  965.4868  964.4500  963.5057  962.6927  961.9729  961.3813  960.8777  960.5017  960.2024  960.0242  959.9377  959.9736  960.0996  960.3490  960.6869  961.1436  961.6849  962.3443  963.0987  963.9746  964.9493  966.0545  967.2725  968.6482  970.1834  971.9744
     0.1205   -0.2087  971.0587  969.4696  967.9736  966.6687  965.4867  964.4500  963.5057  962.6927  961.9729  961.3813  960.8778  960.5016  960.2024  960.0241  959.9378  959.9735  960.0997  960.3489  960.6871  961.1436  961.6850  962.3442  963.0987  963.9744  964.9494  966.0545  967.2727  968.6481  970.1835  971.9743
     0.3615   -0.2087  971.1277  969.5695  968.0995  966.8176  965.6560  964.6375  963.7094  962.9107  962.2031  961.6221  961.1273  960.7582  960.4641  960.2893  960.2045  960.2403  960.3645  960.6102  960.9428  961.3924  961.9248  962.5735  963.3154  964.1770  965.1356  966.2227  967.4203  968.7731  970.2824  972.0431
     0.6025   -0.2087  971.2446  969.7376  968.3117  967.0684  965.9414  964.9535  964.0527  963.2778  962.5913  962.0279  961.5480  961.1905  960.9054  960.7362  960.6544  960.6898  960.8111  961.0504  961.3743  961.8115  962.3292  962.9596  963.6808  964.5180  965.4497  966.5057  967.6694  968.9833  970.4494  972.1588
     0.8435   -0.2087  971.3870  969.9428  968.5703  967.3741  966.2890  965.3385  964.4709  963.7254  963.0642  962.5226  962.0606  961.7175  961.4430  961.2809  961.2025  961.2377  961.3551  961.5872  961.8998  962.3226  962.8218  963.4305  964.1259  964.9339  965.8320  966.8509  967.9725  969.2398  970.6523  972.2998
     1.0845   -0.2087  971.5813  970.2218  968.9221  967.7901  966.7622  965.8626  965.0403  964.3347  963.7082  963.1962  962.7587  962.4352  962.1752  962.0228  961.9489  961.9841  962.0961  962.3182  962.6156  963.0185  963.4926  964.0716  964.7319  965.5000  966.3525  967.3207  968.3850  969.5887  970.9286  972.4916
     1.3255   -0.2087  971.7539  970.4715  969.2372  968.1627  967.1858  966.3321  965.5503  964.8805  964.2852  963.7997  963.3843  963.0783  962.8314  962.6875  962.6180  962.6527  962.7603  962.9731  963.2573  963.6419  964.0940  964.6458  965.2750  966.0068  966.8190  967.7410  968.7548  969.9008  971.1764  972.6632
     1.5665   -0.2087  971.9831  970.8013  969.6532  968.6548  967.7458  966.9523  966.2243  965.6019  965.0477  964.5975  964.2112  963.9285  963.6988  963.5665  963.5023  963.5370  963.6380  963.8392  964.1051  964.4665  964.8884  965.4052  965.9924  966.6772  967.4349  968.2972  969.2428  970.3138  971.5029  972.8900
    -1.4460   -0.4174  971.9833  970.8014  969.6533  968.6549  967.7458  966.9524  966.2244  965.6019  965.0477  964.5974  964.2111  963.9284  963.6987  963.5664  963.5023  963.5369  963.6380  963.8391  964.1051  964.4663  964.8885  965.4050  965.9925  966.6770  967.4351  968.2971  969.2430  970.3137  971.5032  972.8899
    -1.2050   -0.4174  971.7540  970.4715  969.2372  968.1626  967.1859  966.3320  965.5504  964.8805  964.2852  963.7996  963.3843  963.0782  962.8314  962.6874  962.6180  962.6526  962.7603  962.9730  963.2573  963.6419  964.0939  964.6457  965.2750  966.0068  966.8189  967.7411  968.7548  969.9009  971.1764  972.6633
    -0.9640   -0.4174  971.5806  970.2218  968.9221  967.7901  966.7620  965.8626  965.0402  964.3347  963.7081  963.1962  962.7586  962.4351  962.1751  962.0227  961.9488  961.9839  962.0960  962.3181  962.6156  963.0184  963.4926  964.0715  964.7318  965.4998  966.3525  967.3206  968.3851  969.5887  970.9287  972.4916
    -0.7230   -0.4174  971.3871  969.9428  968.5704  967.3742  966.2890  965.3385  964.4709  963.7254  963.0643  962.5227  962.0607  961.7175  961.4430  961.2809  961.2025  961.2378  961.3551  961.5873  961.8999  962.3226  962.8218  963.4305  964.1258  964.9339  965.8320  966.8510  967.9725  969.2398  970.6524  972.2998
    -0.4820   -0.4174  971.2457  969.7380  968.3119  967.0687  965.9416  964.9536  964.0527  963.2780  962.5913  962.0280  961.5480  961.1906  960.9053  960.7363  960.6544  960.6899  960.8110  961.0506  961.3742  961.8116  962.3291  962.9598  963.6808  964.5182  965.4496  966.5058  967.6693  968.9835  970.4493  972.1587
    -0.2410   -0.4174  971.1278  969.5694  968.0995  966.8176  965.6561  964.6376  963.7095  962.9107  962.2033  961.6221  961.1274  960.7582  960.4642  960.2893  960.2047  960.2403  960.3646  960.6102  960.9430  961.3924  961.9249  962.5735  963.3155  964.1769  965.1357  966.2226  967.4204  968.7730  970.2825  972.0431
     0.0000   -0.4174  971.1281  969.5696  968.0996  966.8176  965.6561  964.6376  963.7095  962.9107  962.2032  961.6222  961.1273  960.7582  960.4642  960.2894  960.2046  960.2404  960.3645  960.6103  960.9429  961.3925  961.9248  962.5736  963.3154  964.1771  965.1356  966.2227  967.4203  968.7732  970.2824  972.0431
     0.2410   -0.4174  971.1279  969.5694  968.0995  966.8175  965.6561  964.6375  963.7095  962.9107  962.2033  961.6221  961.1274  960.7582  960.4643  960.2893  960.2047  960.2403  960.3647  960.6103  960.9430  961.3924  961.9249  962.5735  963.3155  964.1770  965.1356  966.2227  967.4203  968.7731  970.2824  972.0432
     0.4820   -0.4174  971.2446  969.7377  968.3117  967.0684  965.9414  964.9535  964.0527  963.2779  962.5913  962.0279  961.5480  961.1906  960.9053  960.7362  960.6544  960.6898  960.8111  961.0505  961.3743  961.8116  962.3292  962.9597  963.6808  964.5181  965.4496  966.5058  967.6694  968.9834  970.4493  972.1589
     0.7230   -0.4174  971.3879  969.9428  968.5703  967.3740  966.2892  965.3385  964.4710  963.7253  963.0643  962.5225  962.0607  961.7175  961.4431  961.2809  961.2026  961.2377  961.3552  961.5872  961.8999  962.3226  962.8219  963.4305  964.1260  964.9339  965.8320  966.8509  967.9724  969.2398  970.6524  972.2998
     0.9640   -0.4174  971.5807  970.2219  968.9222  967.7901  966.7620  965.8626  965.0403  964.3347  963.7082  963.1961  962.7587  962.4351  962.1752  962.0227  961.9490  961.9839  962.0961  962.3180  962.6157  963.0183  963.4928  964.0714  964.7320  965.4997  966.3526  967.3204  968.3852  969.5885  970.9289  972.4915
     1.2050   -0.4174  971.7542  970.4713  969.2371  968.1626  967.1859  966.3320  965.5503  964.8804  964.2852  963.7996  963.3843  963.0782  962.8313  962.6875  962.6180  962.6526  962.7602  962.9730  963.2572  963.6419  964.0939  964.6457  965.2750  966.0068  966.8190  967.7410  968.7548  969.9008  971.1764  972.6633
     1.4460   -0.4174  971.9828  970.8012  969.6532  968.6548  967.7458  966.9523  966.2243  965.6018  965.0477  964.5974  964.2112  963.9284  963.6987  963.5664  963.5023  963.5369  963.6381  963.8391  964.1051  964.4663  964.8885  965.4050  965.9925  966.6770  967.4350  968.2970  969.2429  970.3136  971.5031  972.8900
    -1.3255   -0.6261  971.9823  970.8010  969.6530  968.6547  967.7457  966.9523  966.2243  965.6018  965.0476  964.5974  964.2111  963.9283  963.6987  963.5664  963.5022  963.5369  963.6380  963.8391  964.1050  964.4663  964.8884  965.4051  965.9925  966.6771  967.4350  968.2971  969.2429  970.3137  971.5030  972.8901
    -1.0845   -0.6261  971.7544  970.4716  969.2370  968.1627  967.1859  966.3321  965.5503  964.8805  964.2851  963.7997  963.3842  963.0782  962.8313  962.6875  962.6179  962.6527  962.7601  962.9731  963.2571  963.6420  964.0939  964.6458  965.2749  966.0069  966.8189  967.7411  968.7547  969.9010  971.1763  972.6632
    -0.8435   -0.6261  971.5804  970.2215  968.9221  967.7901  966.7622  965.8626  965.0402  964.3346  963.7082  963.1960  962.7587  962.4351  962.1752  962.0226  961.9490  961.9838  962.0961  962.3180  962.6157  963.0183  963.4927  964.0713  964.7320  965.4997  966.3527  967.3204  968.3852  969.5884  970.9289  972.4916
    -0.6025   -0.6261  971.3873  969.9427  968.5701  967.3741  966.2891  965.3386  964.4710  963.7254  963.0642  962.5226  962.0606  961.7176  961.4430  961.2810  961.2025  961.2378  961.3552  961.5873  961.8999  962.3226  962.8218  963.4306  964.1259  964.9340  965.8320  966.8509  967.9724  969.2399  970.6524  972.2998
    -0.3615   -0.6261  971.2453  969.7379  968.3117  967.0684  965.9415  964.9536  964.0528  963.2779  962.5914  962.0279  961.5480  961.1905  960.9054  960.7362  960.6544  960.6898  960.8111  961.0505  961.3743  961.8116  962.3291  962.9597  963.6808  964.5181  965.4495  966.5058  967.6693  968.9835  970.4493  972.1588
    -0.1205   -0.6261  971.2448  969.7378  968.3117  967.0684  965.9414  964.9536  964.0527  963.2779  962.5913  962.0279  961.5480  961.1905  960.9053  960.7362  960.6544  960.6898  960.8111  961.0505  961.3743  961.8116  962.3292  962.9597  963.6808  964.5181  965.4496  966.5058  967.6694  968.9834  970.4494  972.1588
     0.1205   -0.6261  971.2447  969.7377  968.3118  967.0685  965.9415  964.9535  964.0527  963.2779  962.5913  962.0279  961.5480  961.1906  960.9053  960.7363  960.6544  960.6899  960.8110  961.0505  961.3742  961.8116  962.3291  962.9597  963.6808  964.5181  965.4496  966.5058  967.6694  968.9833  970.4493  972.1588
     0.3615   -0.6261  971.2451  969.7379  968.3117  967.0685  965.9414  964.9536  964.0527  963.2779  962.5913  962.0280  961.5480  961.1906  960.9054  960.7363  960.6544  960.6899  960.8110  961.0506  961.3742  961.8116  962.3291  962.9597  963.6807  964.5181  965.4495  966.5058  967.6692  968.9834  970.4492  972.1588
     0.6025   -0.6261  971.3872  969.9429  968.5703  967.3740  966.2890  965.3386  964.4710  963.7255  963.0643  962.5226  962.0606  961.7175  961.4430  961.2810  961.2025  961.2378  961.3551  961.5873  961.8998  962.3226  962.8218  963.4305  964.1259  964.9339  965.8319  966.8509  967.9725  969.2398  970.6523  972.2998
     0.8435   -0.6261  971.5810  970.2216  968.9220  967.7902  966.7623  965.8626  965.0403  964.3346  963.7081  963.1961  962.7587  962.4351  962.1752  962.0228  961.9489  961.9840  962.0961  962.3181  962.6156  963.0184  963.4926  964.0715  964.7319  965.4999  966.3526  967.3205  968.3851  969.5886  970.9288  972.4915
     1.0845   -0.6261  971.7542  970.4716  969.2373  968.1626  967.1859  966.3320  965.5504  964.8805  964.2852  963.7996  963.3843  963.0782  962.8313  962.6875  962.6179  962.6527  962.7602  962.9730  963.2571  963.6419  964.0939  964.6458  965.2749  966.0068  966.8189  967.7411  968.7547  969.9009  971.1762  972.6632
     1.3255   -0.6261  971.9830  970.8014  969.6533  968.6548  967.7458  966.9523  966.2243  965.6018  965.0477  964.5974  964.2111  963.9283  963.6987  963.5664  963.5023  963.5368  963.6380  963.8390  964.1050  964.4663  964.8884  965.4050  965.9925  966.6771  967.4350  968.2971  969.2428  970.3137  971.5030  972.8900
    -1.2050   -0.8348  971.9828  970.8012  969.6532  968.6548  967.7457  966.9523  966.2243  965.6019  965.0477  964.5975  964.2111  963.9284  963.6987  963.5664  963.5023  963.5369  963.6381  963.8392  964.1051  964.4664  964.8885  965.4051  965.9925  966.6771  967.4350  968.2971  969.2429  970.3137  971.5030  972.8900
    -0.9640   -0.8348  971.7536  970.4711  969.2371  968.1627  967.1860  966.3321  965.5503  964.8805  964.2852  963.7996  963.3843  963.0782  962.8314  962.6875  962.6180  962.6527  962.7603  962.9730  963.2573  963.6419  964.0940  964.6457  965.2750  966.0068  966.8191  967.7411  968.7548  969.9008  971.1764  972.6634
    -0.7230   -0.8348  971.5805  970.2218  968.9221  967.7901  966.7621  965.8626  965.0403  964.3347  963.7082  963.1962  962.7587  962.4351  962.1751  962.0228  961.9489  961.9840  962.0961  962.3182  962.6156  963.0185  963.4926  964.0715  964.7318  965.4999  966.3525  967.3206  968.3850  969.5887  970.9286  972.4916
    -0.4820   -0.8348  971.3864  969.9427  968.5703  967.3740  966.2888  965.3384  964.4709  963.7254  963.0643  962.5226  962.0607  961.7175  961.4430  961.2809  961.2025  961.2377  961.3551  961.5871  961.8999  962.3225  962.8218  963.4304  964.1259  964.9338  965.8320  966.8508  967.9726  969.2397  970.6523  972.2998
    -0.2410   -0.8348  971.3874  969.9429  968.5703  967.3742  966.2891  965.3386  964.4709  963.7254  963.0642  962.5227  962.0606  961.7176  961.4430  961.2810  961.2025  961.2379  961.3551  961.5873  961.8998  962.3226  962.8217  963.4306  964.1259  964.9340  965.8320  966.8510  967.9724  969.2398  970.6524  972.2998
     0.0000   -0.8348  971.3865  969.9429  968.5703  967.3741  966.2889  965.3385  964.4710  963.7255  963.0643  962.5227  962.0606  961.7176  961.4430  961.2810  961.2025  961.2379  961.3551  961.5873  961.8998  962.3227  962.8218  963.4306  964.1258  964.9340  965.8318  966.8510  967.9724  969.2399  970.6522  972.2999
     0.2410   -0.8348  971.3878  969.9431  968.5704  967.3741  966.2890  965.3386  964.4710  963.7254  963.0643  962.5226  962.0607  961.7175  961.4431  961.2809  961.2026  961.2377  961.3552  961.5872  961.9000  962.3226  962.8219  963.4305  964.1260  964.9338  965.8320  966.8508  967.9726  969.2398  970.6525  972.2998
     0.4820   -0.8348  971.3872  969.9427  968.5703  967.3740  966.2891  965.3385  964.4710  963.7254  963.0643  962.5225  962.0607  961.7175  961.4431  961.2809  961.2026  961.2378  961.3552  961.5872  961.8999  962.3225  962.8218  963.4304  964.1259  964.9338  965.8320  966.8508  967.9724  969.2397  970.6524  972.2998
     0.7230   -0.8348  971.5802  970.2214  968.9220  967.7900  966.7621  965.8625  965.0402  964.3345  963.7081  963.1960  962.7587  962.4350  962.1752  962.0226  961.9490  961.9838  962.0962  962.3179  962.6157  963.0182  963.4927  964.0713  964.7320  965.4997  966.3527  967.3204  968.3852  969.5883  970.9289  972.4917
     0.9640   -0.8348  971.7545  970.4715  969.2371  968.1627  967.1860  966.3321  965.5504  964.8805  964.2851  963.7996  963.3842  963.0782  962.8313  962.6875  962.6179  962.6527  962.7602  962.9730  963.2571  963.6419  964.0939  964.6458  965.2749  966.0069  966.8188  967.7411  968.7547  969.9010  971.1763  972.6632
     1.2050   -0.8348  971.9827  970.8012  969.6531  968.6547  967.7457  966.9523  966.2243  965.6018  965.0476  964.5973  964.2110  963.9283  963.6987  963.5663  963.5022  963.5367  963.6380  963.8389  964.1050  964.4662  964.8885  965.4050  965.9925  966.6769  967.4350  968.2970  969.2429  970.3137  971.5031  972.8900
    -1.0845   -1.0436  971.9831  970.8012  969.6531  968.6547  967.7458  966.9523  966.2244  965.6018  965.0477  964.5974  964.2112  963.9283  963.6988  963.5664  963.5024  963.5368  963.6382  963.8390  964.1052  964.4662  964.8885  965.4050  965.9926  966.6770  967.4352  968.2970  969.2430  970.3136  971.5032  972.8900
    -0.8435   -1.0436  971.7543  970.4716  969.2371  968.1626  967.1859  966.3321  965.5504  964.8805  964.2852  963.7997  963.3843  963.0783  962.8314  962.6876  962.6180  962.6527  962.7602  962.9731  963.2572  963.6420  964.0939  964.6458  965.2750  966.0069  966.8189  967.7411  968.7548  969.9010  971.1764  972.6632
    -0.6025   -1.0436  971.5813  970.2217  968.9220  967.7902  966.7622  965.8626  965.0402  964.3346  963.7081  963.1961  962.7587  962.4351  962.1752  962.0227  961.9489  961.9839  962.0961  962.3181  962.6157  963.0183  963.4927  964.0714  964.7319  965.4998  966.3526  967.3204  968.3851  969.5885  970.9289  972.4916
    -0.3615   -1.0436  971.5807  970.2217  968.9221  967.7901  966.7621  965.8626  965.0403  964.3346  963.7082  963.1961  962.7588  962.4351  962.1752  962.0227  961.9490  961.9840  962.0962  962.3181  962.6157  963.0184  963.4927  964.0714  964.7320  965.4998  966.3526  967.3205  968.3852  969.5885  970.9288  972.4916
    -0.1205   -1.0436  971.5809  970.2216  968.9220  967.7900  966.7621  965.8626  965.0403  964.3346  963.7082  963.1961  962.7588  962.4351  962.1752  962.0227  961.9490  961.9839  962.0962  962.3180  962.6157  963.0183  963.4927  964.0714  964.7320  965.4997  966.3526  967.3204  968.3852  969.5885  970.9289  972.4916
     0.1205   -1.0436  971.5809  970.2217  968.9221  967.7901  966.7622  965.8626  965.0403  964.3347  963.7082  963.1961  962.7587  962.4351  962.1752  962.0227  961.9490  961.9840  962.0962  962.3181  962.6157  963.0184  963.4927  964.0714  964.7319  965.4998  966.3526  967.3205  968.3852  969.5886  970.9288  972.4916
     0.3615   -1.0436  971.5806  970.2216  968.9220  967.7900  966.7621  965.8626  965.0403  964.3346  963.7082  963.1961  962.7587  962.4351  962.1752  962.0227  961.9490  961.9839  962.0962  962.3180  962.6158  963.0184  963.4928  964.0714  964.7320  965.4998  966.3526  967.3203  968.3852  969.5884  970.9289  972.4916
     0.6025   -1.0436  971.5806  970.2217  968.9222  967.7903  966.7621  965.8626  965.0402  964.3347  963.7081  963.1962  962.7586  962.4352  962.1751  962.0228  961.9489  961.9840  962.0960  962.3181  962.6155  963.0184  963.4926  964.0715  964.7319  965.4999  966.3525  967.3205  968.3850  969.5885  970.9287  972.4916
     0.8435   -1.0436  971.7546  970.4717  969.2372  968.1628  967.1860  966.3321  965.5504  964.8805  964.2852  963.7997  963.3843  963.0783  962.8314  962.6876  962.6180  962.6528  962.7602  962.9732  963.2572  963.6420  964.0939  964.6459  965.2749  966.0069  966.8189  967.7412  968.7547  969.9010  971.1763  972.6632
     1.0845   -1.0436  971.9829  970.8013  969.6532  968.6548  967.7458  966.9524  966.2244  965.6018  965.0477  964.5974  964.2111  963.9284  963.6987  963.5664  963.5023  963.5368  963.6380  963.8390  964.1051  964.4663  964.8885  965.4050  965.9925  966.6770  967.4351  968.2970  969.2430  970.3137  971.5032  972.8899
    -0.9640   -1.2523  971.9833  970.8013  969.6531  968.6548  967.7458  966.9524  966.2244  965.6019  965.0477  964.5975  964.2111  963.9284  963.6987  963.5665  963.5022  963.5370  963.6380  963.8392  964.1050  964.4664  964.8884  965.4052  965.9924  966.6772  967.4349  968.2972  969.2428  970.3139  971.5029  972.8900
    -0.7230   -1.2523  971.7540  970.4714  969.2371  968.1626  967.1859  966.3320  965.5504  964.8805  964.2852  963.7997  963.3843  963.0782  962.8314  962.6875  962.6180  962.6527  962.7602  962.9730  963.2572  963.6419  964.0939  964.6457  965.2749  966.0068  966.8189  967.7411  968.7548  969.9009  971.1764  972.6633
    -0.4820   -1.2523  971.7539  970.4714  969.2371  968.1626  967.1859  966.3320  965.5503  964.8804  964.2851  963.7996  963.3843  963.0782  962.8313  962.6874  962.6179  962.6526  962.7602  962.9730  963.2572  963.6418  964.0939  964.6456  965.2749  966.0067  966.8189  967.7410  968.7548  969.9007  971.1764  972.6633
    -0.2410   -1.2523  971.7550  970.4716  969.2370  968.1626  967.1860  966.3321  965.5504  964.8805  964.2852  963.7996  963.3843  963.0782  962.8314  962.6875  962.6180  962.6527  962.7602  962.9731  963.2571  963.6420  964.0938  964.6458  965.2749  966.0069  966.8188  967.7411  968.7546  969.9011  971.1763  972.6632
     0.0000   -1.2523  971.7544  970.4717  969.2373  968.1627  967.1859  966.3321  965.5503  964.8805  964.2852  963.7997  963.3843  963.0782  962.8314  962.6875  962.6180  962.6527  962.7603  962.9731  963.2573  963.6419  964.0940  964.6458  965.2750  966.0068  966.8190  967.7411  968.7548  969.9008  971.1763  972.6632
     0.2410   -1.2523  971.7540  970.4716  969.2371  968.1625  967.1859  966.3321  965.5504  964.8805  964.2852  963.7996  963.3843  963.0782  962.8314  962.6875  962.6180  962.6527  962.7602  962.9731  963.2572  963.6420  964.0939  964.6459  965.2749  966.0069  966.8188  967.7412  968.7546  969.9010  971.1762  972.6633
     0.4820   -1.2523  971.7538  970.4712  969.2371  968.1626  967.1860  966.3321  965.5503  964.8805  964.2851  963.7996  963.3843  963.0782  962.8313  962.6875  962.6180  962.6527  962.7603  962.9730  963.2573  963.6419  964.0939  964.6457  965.2750  966.0068  966.8190  967.7410  968.7548  969.9007  971.1764  972.6633
     0.7230   -1.2523  971.7535  970.4713  969.2370  968.1627  967.1858  966.3321  965.5503  964.8805  964.2851  963.7997  963.3842  963.0783  962.8313  962.6876  962.6179  962.6528  962.7601  962.9731  963.2571  963.6420  964.0938  964.6459  965.2749  966.0069  966.8188  967.7411  968.7547  969.9010  971.1763  972.6633
     0.9640   -1.2523  971.9828  970.8013  969.6532  968.6548  967.7457  966.9524  966.2243  965.6019  965.0477  964.5974  964.2111  963.9284  963.6987  963.5665  963.5023  963.5369  963.6380  963.8391  964.1050  964.4664  964.8884  965.4051  965.9925  966.6771  967.4350  968.2971  969.2429  970.3138  971.5030  972.8900
    -0.6025   -1.4610  971.9828  970.8013  969.6533  968.6548  967.7458  966.9523  966.2244  965.6019  965.0477  964.5975  964.2111  963.9284  963.6987  963.5665  963.5023  963.5369  963.6380  963.8392  964.1050  964.4664  964.8884  965.4051  965.9924  966.6771  967.4348  968.2972  969.2428  970.3138  971.5029  972.8901
    -0.3615   -1.4610  971.9834  970.8015  969.6534  968.6549  967.7458  966.9524  966.2244  965.6019  965.0477  964.5974  964.2112  963.9284  963.6988  963.5664  963.5023  963.5369  963.6381  963.8391  964.1051  964.4663  964.8884  965.4050  965.9925  966.6770  967.4350  968.2970  969.2429  970.3137  971.5031  972.8900
    -0.1205   -1.4610  971.9830  970.8014  969.6532  968.6547  967.7457  966.9523  966.2244  965.6019  965.0477  964.5974  964.2112  963.9283  963.6988  963.5664  963.5024  963.5368  963.6382  963.8390  964.1052  964.4662  964.8885  965.4049  965.9926  966.6769  967.4351  968.2969  969.2430  970.3135  971.5031  972.8899
     0.1205   -1.4610  971.9827  970.8011  969.6531  968.6548  967.7458  966.9523  966.2243  965.6019  965.0477  964.5974  964.2111  963.9284  963.6987  963.5664  963.5023  963.5369  963.6381  963.8391  964.1051  964.4663  964.8885  965.4051  965.9925  966.6770  967.4350  968.2971  969.2429  970.3136  971.5030  972.8900
     0.3615   -1.4610  971.9832  970.8013  969.6532  968.6548  967.7458  966.9524  966.2244  965.6019  965.0477  964.5974  964.2112  963.9284  963.6988  963.5664  963.5024  963.5369  963.6382  963.8391  964.1052  964.4663  964.8886  965.4050  965.9926  966.6770  967.4351  968.2970  969.2430  970.3136  971.5032  972.8900
     0.6025   -1.4610  971.9829  970.8014  969.6533  968.6548  967.7458  966.9523  966.2244  965.6019  965.0477  964.5974  964.2112  963.9284  963.6988  963.5665  963.5024  963.5369  963.6381  963.8391  964.1051  964.4664  964.8885  965.4051  965.9925  966.6771  967.4350  968.2971  969.2429  970.3138  971.5030  972.8900
