    -0.602500    1.460985    4.273166    4.273124    4.273059    4.272806    4.272396    4.271830    4.271146    4.270345    4.269474    4.268526    4.267546    4.266522    4.265489    4.264436    4.263389    4.262338    4.261302    4.260278    4.259279    4.258313    4.257386    4.256514    4.255697    4.254958    4.254289    4.253716    4.253223    4.252839    4.252543    4.252360
     4.252266   -0.361500    1.460985    4.271576    4.271585    4.271448    4.271275    4.270921    4.270539    4.270007    4.269461    4.268808    4.268152    4.267429    4.266699    4.265932    4.265142    4.264334    4.263486    4.262639    4.261742    4.260870    4.259951    4.259092    4.258200    4.257406    4.256597    4.255922    4.255250    4.254738    4.254252    4.253962
     4.253746    4.253735   -0.120500    1.460985    4.271130    4.271139    4.270911    4.270690    4.270243    4.269816    4.269193    4.268605    4.267863    4.267169    4.266361    4.265602    4.264759    4.263953    4.263086    4.262237    4.261353    4.260473    4.259588    4.258704    4.257855    4.257015    4.256254    4.255516    4.254903    4.254327    4.253916    4.253556
     4.253396    4.253292    4.253346    0.120500    1.460985    4.274333    4.274299    4.274244    4.274007    4.273604    4.273072    4.272414    4.271651    4.270797    4.269867    4.268878    4.267836    4.266759    4.265643    4.264507    4.263341    4.262169    4.260979    4.259800    4.258621    4.257477    4.256357    4.255298    4.254294    4.253382    4.252560    4.251867
     4.251304    4.250898    4.250628    4.250488    0.361500    1.460985    4.273205    4.273256    4.273023    4.272876    4.272504    4.272182    4.271649    4.271145    4.270469    4.269805    4.269015    4.268212    4.267325    4.266392    4.265413    4.264358    4.263293    4.262134    4.261006    4.259782    4.258638    4.257412    4.256317    4.255167    4.254198    4.253212
     4.252462    4.251745    4.251325    4.251005    4.251003    0.602500    1.460985    4.274530    4.274546    4.274260    4.273991    4.273430    4.272898    4.272105    4.271348    4.270375    4.269444    4.268345    4.267289    4.266110    4.264963    4.263735    4.262524    4.261275    4.260030    4.258793    4.257558    4.256382    4.255213    4.254159    4.253121    4.252255
     4.251425    4.250827    4.250292    4.250045    4.249879    4.249953   -0.964000    1.252273    4.266308    4.266351    4.266325    4.266325    4.266236    4.266149    4.265987    4.265820    4.265605    4.265378    4.265132    4.264866    4.264599    4.264301    4.264016    4.263688    4.263382    4.263027    4.262703    4.262331    4.262001    4.261631    4.261316    4.260973
     4.260694    4.260398    4.260169    4.259936    4.259785    4.259672    4.259663   -0.723000    1.252273    4.271630    4.271583    4.271523    4.271277    4.270805    4.270223    4.269494    4.268717    4.267854    4.266989    4.266084    4.265199    4.264302    4.263434    4.262570    4.261733    4.260912    4.260119    4.259357    4.258625    4.257945    4.257305    4.256739
     4.256221    4.255793    4.255413    4.255123    4.254866    4.254684    4.254496    4.254331   -0.482000    1.252273    4.268499    4.268548    4.268326    4.268212    4.267912    4.267664    4.267237    4.266869    4.266364    4.265925    4.265389    4.264910    4.264362    4.263849    4.263285    4.262731    4.262144    4.261547    4.260940    4.260318    4.259719    4.259112
     4.258567    4.258025    4.257583    4.257154    4.256854    4.256577    4.256461    4.256403    4.256510   -0.241000    1.252273    4.270635    4.270648    4.270582    4.270469    4.270231    4.269949    4.269565    4.269137    4.268634    4.268092    4.267506    4.266880    4.266228    4.265530    4.264819    4.264053    4.263283    4.262457    4.261641    4.260777    4.259947
     4.259093    4.258301    4.257519    4.256837    4.256206    4.255716    4.255317    4.255092    4.254962    4.254957    0.000000    1.252273    4.271696    4.271735    4.271536    4.271398    4.271085    4.270803    4.270371    4.269949    4.269413    4.268862    4.268239    4.267575    4.266877    4.266109    4.265340    4.264473    4.263636    4.262684    4.261795    4.260790
     4.259887    4.258881    4.258017    4.257078    4.256324    4.255532    4.254965    4.254408    4.254115    4.253884    4.253899    0.241000    1.252273    4.274263    4.274245    4.274011    4.273713    4.273140    4.272532    4.271695    4.270864    4.269845    4.268862    4.267726    4.266645    4.265439    4.264293    4.263046    4.261859    4.260594    4.259394    4.258147
     4.256979    4.255807    4.254732    4.253705    4.252797    4.251995    4.251333    4.250835    4.250486    4.250339    4.250294    4.250359    0.482000    1.252273    4.275346    4.275382    4.275284    4.275130    4.274806    4.274427    4.273899    4.273299    4.272581    4.271782    4.270904    4.269937    4.268927    4.267819    4.266699    4.265475    4.264269    4.262962
     4.261706    4.260360    4.259106    4.257783    4.256591    4.255360    4.254302    4.253247    4.252408    4.251628    4.251111    4.250715    4.250618    0.723000    1.252273    4.275694    4.275733    4.275486    4.275265    4.274823    4.274381    4.273744    4.273094    4.272294    4.271465    4.270538    4.269565    4.268542    4.267453    4.266358    4.265173    4.264022
     4.262767    4.261586    4.260296    4.259123    4.257854    4.256746    4.255568    4.254598    4.253595    4.252846    4.252116    4.251689    4.251351    4.251363    0.964000    1.252273    4.274905    4.274858    4.274606    4.274236    4.273595    4.272885    4.271960    4.271013    4.269907    4.268817    4.267617    4.266457    4.265227    4.264048    4.262830    4.261664
     4.260487    4.259358    4.258249    4.257185    4.256174    4.255209    4.254335    4.253512    4.252821    4.252193    4.251735    4.251354    4.251170    4.251043    4.251039   -1.084500    1.043561    4.269094    4.269091    4.269020    4.268850    4.268503    4.268105    4.267579    4.267034    4.266407    4.265787    4.265127    4.264488    4.263838    4.263212    4.262597
     4.262003    4.261434    4.260882    4.260368    4.259866    4.259418    4.258982    4.258613    4.258259    4.257982    4.257718    4.257531    4.257352    4.257248    4.257144    4.257081   -0.843500    1.043561    4.267325    4.267407    4.267241    4.267172    4.266889    4.266663    4.266244    4.265902    4.265421    4.265033    4.264556    4.264167    4.263725    4.263351
     4.262952    4.262590    4.262224    4.261865    4.261525    4.261164    4.260847    4.260495    4.260213    4.259891    4.259666    4.259396    4.259238    4.259033    4.258963    4.258888    4.258998   -0.602500    1.043561    4.267433    4.267533    4.267338    4.267290    4.267090    4.266974    4.266696    4.266484    4.266149    4.265877    4.265523    4.265213    4.264850
     4.264502    4.264121    4.263724    4.263311    4.262857    4.262407    4.261904    4.261432    4.260913    4.260462    4.259980    4.259605    4.259221    4.258976    4.258741    4.258697    4.258735    4.258995   -0.361500    1.043561    4.270023    4.270024    4.269992    4.269868    4.269621    4.269320    4.268937    4.268517    4.268045    4.267545    4.267016    4.266460
     4.265887    4.265282    4.264670    4.264020    4.263369    4.262678    4.262002    4.261293    4.260619    4.259930    4.259306    4.258690    4.258168    4.257674    4.257297    4.256962    4.256749    4.256579    4.256518   -0.120500    1.043561    4.270312    4.270339    4.270059    4.269848    4.269402    4.269027    4.268448    4.267959    4.267302    4.266738    4.266036
     4.265414    4.264676    4.263997    4.263222    4.262486    4.261677    4.260895    4.260076    4.259282    4.258496    4.257745    4.257052    4.256406    4.255876    4.255409    4.255114    4.254898    4.254900    4.254961    4.255149    0.120500    1.043561    4.273899    4.273900    4.273712    4.273457    4.272976    4.272463    4.271771    4.271060    4.270217    4.269367
     4.268426    4.267479    4.266476    4.265457    4.264412    4.263340    4.262267    4.261159    4.260081    4.258973    4.257932    4.256876    4.255930    4.254996    4.254219    4.253484    4.252948    4.252477    4.252218    4.252016    4.251988    0.361500    1.043561    4.274479    4.274481    4.274239    4.273943    4.273403    4.272842    4.272079    4.271326    4.270419
     4.269543    4.268555    4.267605    4.266580    4.265580    4.264536    4.263497    4.262438    4.261363    4.260300    4.259207    4.258163    4.257090    4.256111    4.255122    4.254280    4.253462    4.252847    4.252297    4.251993    4.251784    4.251811    0.602500    1.043561    4.275724    4.275738    4.275526    4.275263    4.274778    4.274253    4.273538    4.272785
     4.271876    4.270932    4.269867    4.268764    4.267573    4.266346    4.265057    4.263737    4.262384    4.261016    4.259648    4.258294    4.256984    4.255725    4.254561    4.253486    4.252567    4.251771    4.251189    4.250751    4.250554    4.250459    4.250512    0.843500    1.043561    4.274904    4.274889    4.274661    4.274357    4.273805    4.273210    4.272416
     4.271604    4.270640    4.269677    4.268605    4.267542    4.266406    4.265277    4.264102    4.262928    4.261733    4.260535    4.259347    4.258159    4.257017    4.255892    4.254854    4.253859    4.252995    4.252207    4.251596    4.251094    4.250800    4.250614    4.250593    1.084500    1.043561    4.274625    4.274609    4.274451    4.274204    4.273783    4.273290
     4.272661    4.271966    4.271169    4.270306    4.269376    4.268379    4.267346    4.266244    4.265131    4.263951    4.262786    4.261561    4.260379    4.259154    4.258004    4.256839    4.255784    4.254748    4.253859    4.253023    4.252366    4.251794    4.251420    4.251149    4.251062   -1.205000    0.834848    4.267754    4.267759    4.267596    4.267426    4.267037
     4.266663    4.266119    4.265625    4.265015    4.264476    4.263865    4.263329    4.262755    4.262249    4.261734    4.261274    4.260824    4.260411    4.260027    4.259660    4.259339    4.259023    4.258772    4.258519    4.258353    4.258180    4.258103    4.258009    4.258013    4.257992    4.258034   -0.964000    0.834848    4.267962    4.267988    4.267932    4.267868
     4.267673    4.267474    4.267175    4.266867    4.266495    4.266109    4.265692    4.265251    4.264804    4.264324    4.263857    4.263345    4.262863    4.262334    4.261846    4.261313    4.260839    4.260332    4.259908    4.259470    4.259134    4.258799    4.258572    4.258347    4.258236    4.258135    4.258113   -0.723000    0.834848    4.268098    4.268153    4.268065
     4.268013    4.267807    4.267617    4.267300    4.267012    4.266642    4.266304    4.265917    4.265548    4.265151    4.264748    4.264332    4.263885    4.263437    4.262938    4.262456    4.261915    4.261411    4.260856    4.260366    4.259844    4.259414    4.258971    4.258639    4.258313    4.258117    4.257968    4.257994   -0.482000    0.834848    4.272260    4.272254
     4.272224    4.272053    4.271723    4.271309    4.270793    4.270201    4.269548    4.268825    4.268075    4.267261    4.266448    4.265573    4.264717    4.263805    4.262924    4.261997    4.261114    4.260202    4.259350    4.258498    4.257729    4.256995    4.256369    4.255813    4.255385    4.255044    4.254821    4.254633    4.254481   -0.241000    0.834848    4.269390
     4.269449    4.269278    4.269174    4.268919    4.268711    4.268369    4.268068    4.267665    4.267295    4.266854    4.266427    4.265949    4.265458    4.264931    4.264362    4.263770    4.263113    4.262451    4.261719    4.261009    4.260240    4.259533    4.258798    4.258173    4.257567    4.257122    4.256741    4.256564    4.256484    4.256588    0.000000    0.834848
     4.272092    4.272062    4.272026    4.271839    4.271502    4.271088    4.270580    4.270017    4.269385    4.268705    4.267974    4.267200    4.266387    4.265534    4.264655    4.263739    4.262807    4.261845    4.260883    4.259906    4.258953    4.258008    4.257123    4.256284    4.255554    4.254913    4.254427    4.254059    4.253850    4.253701    4.253605    0.241000
     0.834848    4.271777    4.271827    4.271599    4.271472    4.271172    4.270933    4.270539    4.270187    4.269704    4.269232    4.268652    4.268047    4.267360    4.266619    4.265819    4.264944    4.264038    4.263048    4.262059    4.260992    4.259963    4.258876    4.257871    4.256843    4.255957    4.255103    4.254463    4.253922    4.253655    4.253517    4.253616
     0.482000    0.834848    4.278404    4.278400    4.278228    4.277916    4.277372    4.276727    4.275907    4.274998    4.273965    4.272846    4.271651    4.270372    4.269060    4.267666    4.266276    4.264806    4.263373    4.261868    4.260432    4.258941    4.257556    4.256143    4.254875    4.253616    4.252545    4.251525    4.250734    4.250032    4.249572    4.249212
     4.249105    0.723000    0.834848    4.273316    4.273332    4.272953    4.272628    4.272023    4.271461    4.270647    4.269911    4.268966    4.268124    4.267112    4.266209    4.265170    4.264226    4.263177    4.262203    4.261154    4.260158    4.259124    4.258124    4.257132    4.256167    4.255262    4.254393    4.253644    4.252956    4.252454    4.252045    4.251875
     4.251827    4.251989    0.964000    0.834848    4.276815    4.276815    4.276708    4.276459    4.276022    4.275466    4.274761    4.273948    4.273027    4.272004    4.270909    4.269719    4.268488    4.267170    4.265835    4.264426    4.263024    4.261567    4.260144    4.258696    4.257316    4.255949    4.254693    4.253495    4.252451    4.251509    4.250759    4.250141
     4.249734    4.249459    4.249390    1.205000    0.834848    4.273409    4.273417    4.273183    4.272929    4.272441    4.271940    4.271229    4.270520    4.269641    4.268781    4.267791    4.266824    4.265757    4.264707    4.263581    4.262463    4.261295    4.260130    4.258948    4.257777    4.256631    4.255516    4.254477    4.253495    4.252640    4.251867    4.251266
     4.250774    4.250495    4.250346    4.250380   -1.325500    0.626136    4.271010    4.270993    4.270924    4.270721    4.270336    4.269847    4.269219    4.268531    4.267751    4.266950    4.266090    4.265236    4.264348    4.263484    4.262607    4.261769    4.260932    4.260146    4.259372    4.258660    4.257971    4.257356    4.256780    4.256292    4.255859    4.255518
     4.255234    4.255032    4.254881    4.254798    4.254744   -1.084500    0.626136    4.268792    4.268877    4.268708    4.268669    4.268465    4.268334    4.268053    4.267823    4.267490    4.267180    4.266813    4.266431    4.266032    4.265578    4.265144    4.264619    4.264146    4.263554    4.263043    4.262397    4.261861    4.261192    4.260664    4.260023    4.259557
     4.259003    4.258647    4.258231    4.258044    4.257871    4.257971   -0.843500    0.626136    4.269352    4.269360    4.269177    4.268998    4.268598    4.268223    4.267665    4.267162    4.266523    4.265953    4.265280    4.264677    4.263996    4.263373    4.262695    4.262063    4.261394    4.260757    4.260106    4.259479    4.258863    4.258273    4.257729    4.257220
     4.256797    4.256422    4.256163    4.255955    4.255885    4.255859    4.255920   -0.602500    0.626136    4.270218    4.270241    4.270012    4.269813    4.269393    4.269011    4.268443    4.267922    4.267257    4.266645    4.265928    4.265261    4.264522    4.263822    4.263077    4.262356    4.261611    4.260879    4.260147    4.259421    4.258725    4.258043    4.257432
     4.256855    4.256394    4.255989    4.255743    4.255558    4.255551    4.255580    4.255700   -0.361500    0.626136    4.271417    4.271454    4.271156    4.270914    4.270413    4.269987    4.269347    4.268808    4.268107    4.267515    4.266806    4.266190    4.265497    4.264868    4.264199    4.263552    4.262902    4.262231    4.261593    4.260896    4.260272    4.259561
     4.258966    4.258274    4.257745    4.257129    4.256727    4.256270    4.256079    4.255899    4.256002   -0.120500    0.626136    4.270960    4.270925    4.270782    4.270591    4.270256    4.269912    4.269476    4.269041    4.268539    4.268027    4.267464    4.266876    4.266253    4.265589    4.264905    4.264166    4.263420    4.262610    4.261807    4.260943    4.260108
     4.259230    4.258415    4.257595    4.256889    4.256234    4.255748    4.255361    4.255170    4.255057    4.255024    0.120500    0.626136    4.274050    4.274073    4.273803    4.273550    4.273063    4.272605    4.271947    4.271310    4.270503    4.269707    4.268778    4.267848    4.266822    4.265785    4.264687    4.263569    4.262423    4.261254    4.260098    4.258922
     4.257807    4.256684    4.255677    4.254684    4.253867    4.253094    4.252564    4.252107    4.251939    4.251855    4.251997    0.361500    0.626136    4.275080    4.275083    4.274850    4.274562    4.274041    4.273491    4.272752    4.272006    4.271116    4.270229    4.269240    4.268251    4.267197    4.266131    4.265028    4.263896    4.262754    4.261568    4.260402
     4.259188    4.258033    4.256844    4.255760    4.254678    4.253758    4.252890    4.252243    4.251692    4.251391    4.251190    4.251188    0.602500    0.626136    4.277578    4.277549    4.277368    4.277025    4.276448    4.275764    4.274899    4.273951    4.272860    4.271705    4.270444    4.269138    4.267759    4.266352    4.264901    4.263440    4.261964    4.260496
     4.259043    4.257620    4.256248    4.254933    4.253714    4.252584    4.251602    4.250748    4.250095    4.249594    4.249317    4.249155    4.249132    0.843500    0.626136    4.277557    4.277547    4.277318    4.277001    4.276465    4.275854    4.275066    4.274210    4.273226    4.272176    4.271043    4.269840    4.268592    4.267265    4.265922    4.264495    4.263078
     4.261582    4.260129    4.258617    4.257190    4.255745    4.254436    4.253160    4.252074    4.251072    4.250306    4.249658    4.249270    4.249007    4.248976    1.084500    0.626136    4.276587    4.276506    4.276372    4.276034    4.275498    4.274823    4.274015    4.273110    4.272107    4.271030    4.269878    4.268670    4.267402    4.266091    4.264734    4.263346
     4.261926    4.260493    4.259047    4.257613    4.256193    4.254825    4.253509    4.252291    4.251168    4.250196    4.249360    4.248723    4.248247    4.247956    4.247763    1.325500    0.626136    4.275913    4.275892    4.275644    4.275322    4.274780    4.274175    4.273385    4.272552    4.271581    4.270579    4.269482    4.268359    4.267174    4.265957    4.264707
     4.263419    4.262125    4.260791    4.259481    4.258139    4.256856    4.255565    4.254374    4.253208    4.252187    4.251230    4.250461    4.249801    4.249376    4.249117    4.249108   -1.446000    0.417424    4.272577    4.272569    4.272426    4.272175    4.271727    4.271208    4.270535    4.269818    4.268995    4.268148    4.267241    4.266320    4.265378    4.264430
     4.263495    4.262558    4.261661    4.260764    4.259931    4.259099    4.258349    4.257606    4.256968    4.256347    4.255851    4.255380    4.255045    4.254737    4.254575    4.254453    4.254463   -1.205000    0.417424    4.271054    4.271102    4.270944    4.270816    4.270523    4.270222    4.269770    4.269298    4.268715    4.268106    4.267429    4.266722    4.265989
     4.265225    4.264471    4.263683    4.262939    4.262152    4.261435    4.260671    4.259996    4.259274    4.258663    4.258015    4.257500    4.256963    4.256573    4.256180    4.255957    4.255789    4.255830   -0.964000    0.417424    4.271524    4.271490    4.271421    4.271200    4.270799    4.270311    4.269691    4.269024    4.268261    4.267482    4.266634    4.265789
     4.264895    4.264019    4.263110    4.262230    4.261331    4.260473    4.259611    4.258803    4.258008    4.257283    4.256596    4.255995    4.255458    4.255019    4.254657    4.254397    4.254217    4.254108    4.254008   -0.723000    0.417424    4.271971    4.272072    4.271928    4.271843    4.271575    4.271321    4.270890    4.270456    4.269889    4.269313    4.268653
     4.267974    4.267253    4.266497    4.265736    4.264919    4.264131    4.263266    4.262459    4.261561    4.260749    4.259846    4.259063    4.258204    4.257502    4.256755    4.256197    4.255634    4.255309    4.255068    4.255152   -0.482000    0.417424    4.274287    4.274279    4.274174    4.273944    4.273501    4.272983    4.272316    4.271601    4.270779    4.269922
     4.268991    4.268028    4.267018    4.265979    4.264913    4.263823    4.262724    4.261608    4.260500    4.259392    4.258312    4.257258    4.256263    4.255331    4.254500    4.253779    4.253200    4.252762    4.252478    4.252294    4.252205   -0.241000    0.417424    4.271389    4.271442    4.271237    4.271100    4.270799    4.270543    4.270150    4.269781    4.269306
     4.268830    4.268282    4.267705    4.267087    4.266410    4.265717    4.264941    4.264169    4.263301    4.262461    4.261529    4.260655    4.259712    4.258868    4.257993    4.257269    4.256558    4.256048    4.255588    4.255361    4.255217    4.255304    0.000000    0.417424    4.273616    4.273615    4.273536    4.273326    4.272922    4.272429    4.271792    4.271105
     4.270307    4.269485    4.268576    4.267660    4.266674    4.265693    4.264658    4.263631    4.262563    4.261507    4.260427    4.259367    4.258308    4.257287    4.256303    4.255389    4.254562    4.253846    4.253271    4.252837    4.252565    4.252405    4.252351    0.241000    0.417424    4.277020    4.276991    4.276788    4.276444    4.275824    4.275107    4.274179
     4.273209    4.272075    4.270928    4.269652    4.268382    4.267013    4.265665    4.264244    4.262856    4.261421    4.260033    4.258626    4.257283    4.255958    4.254718    4.253540    4.252477    4.251529    4.250728    4.250099    4.249631    4.249349    4.249181    4.249157    0.482000    0.417424    4.276198    4.276275    4.275975    4.275748    4.275303    4.274868
     4.274227    4.273576    4.272766    4.271929    4.270987    4.269994    4.268948    4.267828    4.266699    4.265474    4.264281    4.262974    4.261739    4.260387    4.259151    4.257813    4.256640    4.255397    4.254374    4.253330    4.252561    4.251824    4.251410    4.251121    4.251231    0.723000    0.417424    4.277596    4.277624    4.277412    4.277119    4.276582
     4.275980    4.275169    4.274315    4.273294    4.272243    4.271065    4.269862    4.268565    4.267241    4.265853    4.264437    4.262985    4.261510    4.260031    4.258544    4.257096    4.255666    4.254330    4.253055    4.251935    4.250928    4.250134    4.249493    4.249103    4.248878    4.248909    0.964000    0.417424    4.277694    4.277676    4.277336    4.276962
     4.276341    4.275703    4.274859    4.274000    4.272982    4.271942    4.270793    4.269609    4.268360    4.267059    4.265732    4.264338    4.262957    4.261499    4.260095    4.258618    4.257241    4.255812    4.254537    4.253245    4.252163    4.251109    4.250318    4.249605    4.249201    4.248927    4.248952    1.205000    0.417424    4.278820    4.278808    4.278806
     4.278579    4.278186    4.277587    4.276866    4.275953    4.274958    4.273793    4.272581    4.271219    4.269834    4.268319    4.266798    4.265173    4.263555    4.261869    4.260209    4.258528    4.256903    4.255315    4.253819    4.252422    4.251154    4.250028    4.249054    4.248252    4.247608    4.247146    4.246899    1.446000    0.417424    4.277908    4.277831
     4.277677    4.277291    4.276677    4.275883    4.274920    4.273825    4.272607    4.271298    4.269907    4.268461    4.266963    4.265440    4.263889    4.262338    4.260780    4.259249    4.257734    4.256274    4.254860    4.253533    4.252284    4.251157    4.250139    4.249271    4.248536    4.247971    4.247551    4.247289    4.247125   -1.566500    0.208712    4.269221
     4.269225    4.269053    4.268875    4.268473    4.268070    4.267481    4.266918    4.266216    4.265565    4.264817    4.264131    4.263387    4.262708    4.262004    4.261359    4.260720    4.260125    4.259561    4.259027    4.258546    4.258081    4.257697    4.257323    4.257056    4.256792    4.256653    4.256503    4.256484    4.256442    4.256491   -1.325500    0.208712
     4.273775    4.273806    4.273684    4.273482    4.273032    4.272518    4.271802    4.271048    4.270145    4.269224    4.268202    4.267178    4.266096    4.265020    4.263927    4.262849    4.261789    4.260746    4.259750    4.258774    4.257872    4.256991    4.256212    4.255464    4.254848    4.254271    4.253846    4.253462    4.253238    4.253048    4.253017   -1.084500
     0.208712    4.273710    4.273694    4.273505    4.273218    4.272695    4.272111    4.271340    4.270538    4.269595    4.268645    4.267598    4.266556    4.265456    4.264370    4.263259    4.262169    4.261083    4.260023    4.258992    4.257998    4.257060    4.256174    4.255377    4.254651    4.254051    4.253537    4.253174    4.252900    4.252785    4.252731    4.252761
    -0.843500    0.208712    4.271151    4.271209    4.270952    4.270793    4.270402    4.270083    4.269557    4.269096    4.268472    4.267901    4.267217    4.266564    4.265844    4.265131    4.264390    4.263627    4.262876    4.262074    4.261319    4.260494    4.259755    4.258941    4.258253    4.257503    4.256926    4.256313    4.255919    4.255517    4.255371    4.255250
     4.255351   -0.602500    0.208712    4.273484    4.273526    4.273408    4.273270    4.272982    4.272671    4.272241    4.271767    4.271212    4.270589    4.269922    4.269163    4.268396    4.267516    4.266659    4.265678    4.264747    4.263691    4.262708    4.261613    4.260618    4.259537    4.258585    4.257590    4.256755    4.255925    4.255282    4.254685    4.254289
     4.253979    4.253903   -0.361500    0.208712    4.271997    4.272024    4.271789    4.271542    4.271069    4.270605    4.269948    4.269328    4.268560    4.267853    4.267040    4.266294    4.265476    4.264714    4.263906    4.263131    4.262334    4.261545    4.260759    4.259961    4.259200    4.258421    4.257720    4.257012    4.256432    4.255868    4.255479    4.255129
     4.254984    4.254898    4.254984   -0.120500    0.208712    4.275654    4.275606    4.275491    4.275198    4.274697    4.274085    4.273343    4.272517    4.271604    4.270616    4.269573    4.268465    4.267331    4.266142    4.264949    4.263714    4.262492    4.261244    4.260027    4.258805    4.257636    4.256492    4.255426    4.254425    4.253537    4.252763    4.252139
     4.251664    4.251341    4.251120    4.250979    0.120500    0.208712    4.276216    4.276267    4.276055    4.275829    4.275423    4.274971    4.274363    4.273690    4.272909    4.272045    4.271124    4.270103    4.269072    4.267925    4.266812    4.265570    4.264399    4.263094    4.261896    4.260569    4.259381    4.258083    4.256959    4.255760    4.254773    4.253760
     4.252998    4.252264    4.251813    4.251476    4.251494    0.361500    0.208712    4.278840    4.278754    4.278595    4.278170    4.277459    4.276582    4.275513    4.274345    4.273038    4.271674    4.270212    4.268726    4.267177    4.265631    4.264050    4.262494    4.260927    4.259404    4.257894    4.256449    4.255045    4.253731    4.252489    4.251371    4.250367
     4.249525    4.248843    4.248347    4.248013    4.247791    4.247625    0.602500    0.208712    4.277835    4.277769    4.277388    4.276905    4.276091    4.275250    4.274152    4.273063    4.271768    4.270499    4.269074    4.267687    4.266191    4.264739    4.263226    4.261759    4.260273    4.258836    4.257425    4.256065    4.254780    4.253554    4.252457    4.251434
     4.250601    4.249866    4.249380    4.249001    4.248888    4.248813    4.248829    0.843500    0.208712    4.277321    4.277312    4.277076    4.276758    4.276200    4.275577    4.274761    4.273897    4.272885    4.271832    4.270673    4.269473    4.268205    4.266893    4.265546    4.264153    4.262755    4.261316    4.259908    4.258470    4.257107    4.255741    4.254502
     4.253297    4.252276    4.251329    4.250617    4.250009    4.249665    4.249430    4.249431    1.084500    0.208712    4.278164    4.278206    4.277920    4.277589    4.276977    4.276312    4.275390    4.274440    4.273283    4.272125    4.270807    4.269500    4.268076    4.266666    4.265176    4.263701    4.262182    4.260676    4.259165    4.257672    4.256218    4.254799
     4.253472    4.252211    4.251100    4.250090    4.249286    4.248618    4.248211    4.247987    4.248063    1.325500    0.208712    4.277071    4.277065    4.276736    4.276387    4.275806    4.275187    4.274358    4.273491    4.272457    4.271389    4.270201    4.268977    4.267674    4.266332    4.264949    4.263526    4.262100    4.260639    4.259212    4.257763    4.256391
     4.255024    4.253779    4.252578    4.251547    4.250601    4.249870    4.249261    4.248915    4.248743    4.248814    1.566500    0.208712    4.277959    4.277930    4.277684    4.277307    4.276673    4.275924    4.274961    4.273915    4.272711    4.271453    4.270085    4.268685    4.267217    4.265731    4.264215    4.262694    4.261177    4.259670    4.258199    4.256758
     4.255389    4.254077    4.252876    4.251761    4.250795    4.249940    4.249262    4.248711    4.248358    4.248142    4.248114   -1.446000    0.000000    4.271682    4.271705    4.271434    4.271225    4.270776    4.270379    4.269778    4.269226    4.268514    4.267837    4.267046    4.266274    4.265438    4.264605    4.263755    4.262895    4.262063    4.261206    4.260418
     4.259593    4.258873    4.258109    4.257489    4.256828    4.256350    4.255843    4.255550    4.255232    4.255149    4.255051    4.255140   -1.205000    0.000000    4.274713    4.274758    4.274548    4.274332    4.273871    4.273387    4.272691    4.271982    4.271111    4.270233    4.269243    4.268245    4.267186    4.266112    4.265026    4.263916    4.262836    4.261722
     4.260673    4.259580    4.258585    4.257545    4.256637    4.255699    4.254934    4.254168    4.253610    4.253081    4.252790    4.252568    4.252610   -0.964000    0.000000    4.273452    4.273404    4.273154    4.272836    4.272263    4.271675    4.270894    4.270124    4.269209    4.268315    4.267318    4.266342    4.265303    4.264281    4.263232    4.262194    4.261164
     4.260141    4.259159    4.258184    4.257288    4.256404    4.255639    4.254902    4.254325    4.253790    4.253448    4.253150    4.253050    4.252956    4.252951   -0.723000    0.000000    4.272732    4.272739    4.272447    4.272162    4.271617    4.271102    4.270354    4.269660    4.268773    4.267955    4.266983    4.266085    4.265067    4.264122    4.263087    4.262118
     4.261089    4.260121    4.259125    4.258189    4.257265    4.256409    4.255612    4.254899    4.254297    4.253798    4.253460    4.253230    4.253198    4.253256    4.253428   -0.482000    0.000000    4.274569    4.274580    4.274406    4.274168    4.273719    4.273224    4.272561    4.271861    4.271035    4.270178    4.269236    4.268266    4.267249    4.266202    4.265139
     4.264045    4.262959    4.261843    4.260760    4.259651    4.258601    4.257540    4.256564    4.255605    4.254764    4.253979    4.253351    4.252826    4.252488    4.252272    4.252241   -0.241000    0.000000    4.272306    4.272284    4.271971    4.271672    4.271114    4.270594    4.269873    4.269218    4.268407    4.267663    4.266796    4.265985    4.265079    4.264213
     4.263279    4.262370    4.261421    4.260488    4.259549    4.258630    4.257747    4.256899    4.256139    4.255434    4.254873    4.254388    4.254095    4.253873    4.253848    4.253839    4.253916    0.000000    0.000000    4.276244    4.276204    4.276087    4.275768    4.275208    4.274514    4.273648    4.272695    4.271613    4.270479    4.269253    4.268004    4.266698
     4.265393    4.264058    4.262744    4.261423    4.260138    4.258868    4.257649    4.256467    4.255351    4.254300    4.253339    4.252479    4.251743    4.251149    4.250708    4.250417    4.250228    4.250100    0.241000    0.000000    4.275182    4.275166    4.274899    4.274568    4.273961    4.273312    4.272444    4.271576    4.270538    4.269523    4.268379    4.267271
     4.266065    4.264897    4.263659    4.262456    4.261208    4.259996    4.258768    4.257584    4.256422    4.255323    4.254293    4.253354    4.252539    4.251845    4.251328    4.250940    4.250742    4.250634    4.250658    0.482000    0.000000    4.275645    4.275701    4.275484    4.275278    4.274888    4.274462    4.273864    4.273225    4.272454    4.271635    4.270728
     4.269761    4.268745    4.267656    4.266553    4.265367    4.264198    4.262943    4.261738    4.260452    4.259257    4.257999    4.256875    4.255723    4.254754    4.253806    4.253089    4.252439    4.252056    4.251801    4.251862    0.723000    0.000000    4.276370    4.276415    4.276174    4.275917    4.275426    4.274911    4.274188    4.273439    4.272523    4.271581
     4.270518    4.269426    4.268253    4.267040    4.265781    4.264472    4.263145    4.261765    4.260400    4.258994    4.257643    4.256279    4.255021    4.253798    4.252743    4.251780    4.251045    4.250451    4.250125    4.249960    4.250048    0.964000    0.000000    4.276228    4.276168    4.275814    4.275398    4.274706    4.274003    4.273077    4.272179    4.271103
     4.270071    4.268898    4.267769    4.266531    4.265328    4.264049    4.262794    4.261500    4.260220    4.258942    4.257678    4.256464    4.255273    4.254190    4.253151    4.252281    4.251481    4.250902    4.250411    4.250171    4.250012    4.250042    1.205000    0.000000    4.280028    4.280019    4.279889    4.279565    4.279011    4.278295    4.277402    4.276363
     4.275195    4.273902    4.272527    4.271046    4.269524    4.267913    4.266294    4.264604    4.262935    4.261213    4.259541    4.257846    4.256233    4.254638    4.253169    4.251770    4.250546    4.249444    4.248562    4.247840    4.247357    4.247024    4.246911    1.446000    0.000000    4.277316    4.277273    4.277131    4.276811    4.276290    4.275637    4.274836
     4.273931    4.272922    4.271830    4.270674    4.269448    4.268188    4.266869    4.265543    4.264164    4.262803    4.261401    4.260041    4.258657    4.257347    4.256040    4.254843    4.253684    4.252674    4.251737    4.250977    4.250322    4.249858    4.249516    4.249365   -1.566500   -0.208712    4.276745    4.276748    4.276548    4.276247    4.275681    4.275040
     4.274183    4.273275    4.272203    4.271094    4.269870    4.268622    4.267309    4.265981    4.264639    4.263287    4.261966    4.260638    4.259382    4.258121    4.256966    4.255811    4.254798    4.253797    4.252978    4.252190    4.251614    4.251083    4.250776    4.250514    4.250478   -1.325500   -0.208712    4.276241    4.276246    4.276026    4.275715    4.275146
     4.274513    4.273660    4.272763    4.271690    4.270590    4.269361    4.268121    4.266802    4.265485    4.264137    4.262804    4.261482    4.260183    4.258933    4.257713    4.256579    4.255482    4.254510    4.253592    4.252843    4.252162    4.251685    4.251276    4.251082    4.250947    4.251002   -1.084500   -0.208712    4.274811    4.274853    4.274593    4.274356
     4.273861    4.273355    4.272618    4.271886    4.270965    4.270058    4.269004    4.267963    4.266819    4.265689    4.264498    4.263319    4.262123    4.260938    4.259777    4.258628    4.257545    4.256477    4.255517    4.254583    4.253804    4.253071    4.252538    4.252070    4.251838    4.251692    4.251792   -0.843500   -0.208712    4.275846    4.275887    4.275580
     4.275310    4.274795    4.274286    4.273548    4.272801    4.271872    4.270931    4.269867    4.268785    4.267637    4.266465    4.265281    4.264059    4.262871    4.261631    4.260464    4.259234    4.258113    4.256929    4.255890    4.254809    4.253917    4.253025    4.252376    4.251783    4.251484    4.251298    4.251403   -0.602500   -0.208712    4.277749    4.277784
     4.277540    4.277272    4.276737    4.276164    4.275366    4.274526    4.273520    4.272471    4.271318    4.270115    4.268867    4.267553    4.266247    4.264861    4.263531    4.262111    4.260795    4.259392    4.258142    4.256816    4.255688    4.254502    4.253556    4.252577    4.251874    4.251170    4.250765    4.250394    4.250341   -0.361500   -0.208712    4.275088
     4.275084    4.274834    4.274529    4.273990    4.273424    4.272658    4.271881    4.270947    4.270014    4.268969    4.267929    4.266815    4.265702    4.264547    4.263384    4.262208    4.261016    4.259841    4.258654    4.257516    4.256383    4.255340    4.254333    4.253465    4.252678    4.252088    4.251626    4.251405    4.251323    4.251408   -0.120500   -0.208712
     4.275136    4.275194    4.274898    4.274689    4.274258    4.273863    4.273267    4.272671    4.271918    4.271136    4.270251    4.269311    4.268325    4.267257    4.266192    4.265020    4.263896    4.262646    4.261489    4.260204    4.259056    4.257795    4.256717    4.255558    4.254632    4.253672    4.252996    4.252340    4.252012    4.251758    4.251829    0.120500
    -0.208712    4.278014    4.278027    4.277802    4.277469    4.276865    4.276173    4.275250    4.274267    4.273101    4.271901    4.270566    4.269220    4.267784    4.266353    4.264873    4.263408    4.261933    4.260482    4.259056    4.257664    4.256336    4.255055    4.253879    4.252767    4.251805    4.250930    4.250254    4.249689    4.249356    4.249144    4.249164
     0.361500   -0.208712    4.277928    4.277906    4.277645    4.277291    4.276669    4.275992    4.275108    4.274189    4.273120    4.272022    4.270828    4.269604    4.268331    4.267019    4.265697    4.264321    4.262971    4.261555    4.260203    4.258784    4.257471    4.256105    4.254890    4.253648    4.252603    4.251573    4.250786    4.250061    4.249611    4.249251
     4.249157    0.602500   -0.208712    4.279339    4.279315    4.278957    4.278521    4.277739    4.276929    4.275837    4.274748    4.273425    4.272121    4.270632    4.269171    4.267574    4.266012    4.264360    4.262745    4.261087    4.259467    4.257851    4.256280    4.254767    4.253314    4.251983    4.250738    4.249685    4.248752    4.248083    4.247553    4.247323
     4.247186    4.247239    0.843500   -0.208712    4.277866    4.277961    4.277649    4.277426    4.276964    4.276533    4.275868    4.275190    4.274322    4.273407    4.272356    4.271227    4.270018    4.268704    4.267364    4.265901    4.264464    4.262895    4.261410    4.259803    4.258340    4.256779    4.255429    4.254018    4.252885    4.251732    4.250913    4.250113
     4.249695    4.249368    4.249478    1.084500   -0.208712    4.275962    4.275979    4.275633    4.275311    4.274734    4.274167    4.273367    4.272584    4.271606    4.270648    4.269534    4.268436    4.267219    4.266009    4.264715    4.263418    4.262073    4.260717    4.259353    4.257980    4.256644    4.255319    4.254084    4.252895    4.251862    4.250923    4.250207
     4.249634    4.249342    4.249235    4.249378    1.325500   -0.208712    4.277810    4.277733    4.277439    4.277002    4.276299    4.275514    4.274525    4.273503    4.272323    4.271135    4.269823    4.268516    4.267116    4.265727    4.264278    4.262846    4.261388    4.259953    4.258529    4.257137    4.255800    4.254511    4.253330    4.252219    4.251275    4.250422
     4.249785    4.249253    4.248966    4.248771    4.248756    1.566500   -0.208712    4.274561    4.274561    4.274214    4.273901    4.273316    4.272765    4.271976    4.271227    4.270284    4.269380    4.268329    4.267306    4.266178    4.265065    4.263889    4.262712    4.261514    4.260302    4.259113    4.257908    4.256773    4.255631    4.254616    4.253614    4.252801
     4.252026    4.251494    4.251023    4.250836    4.250723    4.250826   -1.446000   -0.417424    4.274100    4.274079    4.273769    4.273442    4.272840    4.272233    4.271401    4.270591    4.269599    4.268638    4.267539    4.266476    4.265320    4.264203    4.263041    4.261917    4.260793    4.259703    4.258654    4.257631    4.256688    4.255767    4.254965    4.254189
     4.253580    4.253011    4.252652    4.252337    4.252245    4.252177    4.252255   -1.205000   -0.417424    4.279062    4.279019    4.278842    4.278459    4.277817    4.277023    4.276031    4.274924    4.273664    4.272316    4.270861    4.269347    4.267769    4.266161    4.264530    4.262896    4.261276    4.259679    4.258131    4.256631    4.255214    4.253872    4.252649
     4.251530    4.250567    4.249732    4.249076    4.248553    4.248198    4.247936    4.247814   -0.964000   -0.417424    4.279539    4.279549    4.279274    4.278892    4.278224    4.277479    4.276487    4.275436    4.274188    4.272899    4.271463    4.270002    4.268445    4.266875    4.265260    4.263640    4.262019    4.260403    4.258833    4.257281    4.255820    4.254395
     4.253109    4.251882    4.250845    4.249894    4.249180    4.248574    4.248236    4.248017    4.248064   -0.723000   -0.417424    4.280613    4.280613    4.280387    4.280003    4.279321    4.278500    4.277427    4.276254    4.274880    4.273443    4.271861    4.270248    4.268543    4.266835    4.265081    4.263346    4.261609    4.259906    4.258244    4.256635    4.255108
     4.253652    4.252321    4.251077    4.250000    4.249029    4.248262    4.247618    4.247198    4.246901    4.246840   -0.482000   -0.417424    4.276756    4.276758    4.276412    4.276074    4.275479    4.274881    4.274050    4.273215    4.272186    4.271152    4.269967    4.268778    4.267484    4.266182    4.264820    4.263446    4.262054    4.260651    4.259273    4.257892
     4.256582    4.255286    4.254108    4.252967    4.251992    4.251087    4.250401    4.249824    4.249522    4.249371    4.249477   -0.241000   -0.417424    4.277305    4.277257    4.277074    4.276720    4.276118    4.275396    4.274481    4.273484    4.272335    4.271133    4.269817    4.268471    4.267042    4.265604    4.264108    4.262623    4.261104    4.259621    4.258135
     4.256716    4.255331    4.254050    4.252844    4.251776    4.250828    4.250046    4.249426    4.248987    4.248722    4.248584    4.248534    0.000000   -0.417424    4.277032    4.277013    4.276741    4.276373    4.275728    4.275016    4.274074    4.273104    4.271956    4.270807    4.269526    4.268259    4.266900    4.265560    4.264163    4.262787    4.261389    4.260014
     4.258655    4.257327    4.256058    4.254833    4.253713    4.252656    4.251750    4.250931    4.250311    4.249801    4.249521    4.249350    4.249370    0.241000   -0.417424    4.278336    4.278308    4.277990    4.277607    4.276956    4.276269    4.275367    4.274431    4.273331    4.272189    4.270934    4.269629    4.268260    4.266831    4.265382    4.263865    4.262370
     4.260808    4.259311    4.257764    4.256332    4.254883    4.253603    4.252350    4.251326    4.250375    4.249709    4.249147    4.248897    4.248730    4.248764    0.482000   -0.417424    4.278244    4.278244    4.278051    4.277732    4.277174    4.276513    4.275653    4.274714    4.273625    4.272481    4.271232    4.269940    4.268580    4.267183    4.265747    4.264274
     4.262793    4.261278    4.259788    4.258277    4.256830    4.255389    4.254060    4.252777    4.251659    4.250631    4.249820    4.249139    4.248706    4.248416    4.248364    0.723000   -0.417424    4.277443    4.277432    4.277111    4.276754    4.276149    4.275525    4.274681    4.273830    4.272796    4.271757    4.270574    4.269382    4.268080    4.266760    4.265365
     4.263943    4.262483    4.260994    4.259507    4.257998    4.256540    4.255082    4.253729    4.252412    4.251262    4.250199    4.249366    4.248674    4.248272    4.248057    4.248109    0.964000   -0.417424    4.282352    4.282282    4.282079    4.281600    4.280788    4.279793    4.278548    4.277188    4.275630    4.274008    4.272235    4.270438    4.268534    4.266638
     4.264671    4.262735    4.260763    4.258842    4.256920    4.255068    4.253258    4.251548    4.249933    4.248457    4.247140    4.246005    4.245087    4.244377    4.243900    4.243572    4.243394    1.205000   -0.417424    4.278456    4.278455    4.278183    4.277858    4.277316    4.276704    4.275898    4.275019    4.273981    4.272868    4.271634    4.270323    4.268927
     4.267455    4.265936    4.264348    4.262749    4.261098    4.259476    4.257831    4.256262    4.254713    4.253296    4.251949    4.250795    4.249756    4.248962    4.248311    4.247938    4.247731    4.247788    1.446000   -0.417424    4.281224    4.281170    4.281018    4.280620    4.279970    4.279114    4.278074    4.276877    4.275550    4.274102    4.272571    4.270948
     4.269279    4.267542    4.265794    4.264000    4.262224    4.260425    4.258673    4.256922    4.255250    4.253613    4.252094    4.250651    4.249366    4.248205    4.247239    4.246434    4.245840    4.245414    4.245218   -1.325500   -0.626136    4.277890    4.277884    4.277598    4.277220    4.276559    4.275844    4.274892    4.273906    4.272730    4.271537    4.270203
     4.268864    4.267434    4.266010    4.264546    4.263095    4.261652    4.260226    4.258853    4.257497    4.256241    4.255005    4.253915    4.252856    4.251992    4.251179    4.250609    4.250103    4.249864    4.249684    4.249731   -1.084500   -0.626136    4.277593    4.277571    4.277325    4.276992    4.276440    4.275828    4.275047    4.274203    4.273232    4.272188
     4.271062    4.269857    4.268618    4.267295    4.265986    4.264591    4.263254    4.261832    4.260509    4.259108    4.257841    4.256513    4.255356    4.254168    4.253193    4.252233    4.251527    4.250882    4.250511    4.250220    4.250171   -0.843500   -0.626136    4.279257    4.279220    4.279050    4.278703    4.278130    4.277413    4.276521    4.275500    4.274342
     4.273069    4.271699    4.270234    4.268716    4.267126    4.265523    4.263873    4.262248    4.260600    4.259010    4.257426    4.255934    4.254480    4.253155    4.251909    4.250834    4.249880    4.249135    4.248541    4.248159    4.247898    4.247790   -0.602500   -0.626136    4.279296    4.279290    4.279002    4.278616    4.277932    4.277171    4.276155    4.275086
     4.273819    4.272520    4.271080    4.269623    4.268077    4.266519    4.264915    4.263301    4.261681    4.260054    4.258464    4.256880    4.255378    4.253904    4.252560    4.251277    4.250171    4.249164    4.248381    4.247733    4.247344    4.247098    4.247077   -0.361500   -0.626136    4.277907    4.277904    4.277699    4.277410    4.276877    4.276265    4.275454
     4.274580    4.273554    4.272476    4.271295    4.270065    4.268777    4.267439    4.266081    4.264669    4.263275    4.261825    4.260429    4.258986    4.257636    4.256254    4.255004    4.253746    4.252659    4.251598    4.250747    4.249974    4.249449    4.249047    4.248935   -0.120500   -0.626136    4.276457    4.276456    4.276146    4.275798    4.275181    4.274533
     4.273643    4.272740    4.271639    4.270547    4.269306    4.268090    4.266771    4.265480    4.264125    4.262794    4.261434    4.260091    4.258754    4.257436    4.256165    4.254923    4.253778    4.252687    4.251746    4.250894    4.250249    4.249729    4.249459    4.249327    4.249385    0.120500   -0.626136    4.277651    4.277659    4.277497    4.277233    4.276757
     4.276181    4.275431    4.274591    4.273615    4.272557    4.271403    4.270179    4.268898    4.267556    4.266191    4.264773    4.263363    4.261906    4.260487    4.259034    4.257652    4.256257    4.254968    4.253700    4.252578    4.251523    4.250664    4.249931    4.249433    4.249093    4.249008    0.361500   -0.626136    4.275679    4.275647    4.275315    4.274947
     4.274309    4.273661    4.272782    4.271927    4.270877    4.269865    4.268688    4.267556    4.266286    4.265061    4.263727    4.262436    4.261067    4.259742    4.258376    4.257064    4.255757    4.254520    4.253345    4.252264    4.251308    4.250481    4.249846    4.249375    4.249149    4.249083    4.249160    0.602500   -0.626136    4.279096    4.279126    4.278912
     4.278654    4.278188    4.277655    4.276933    4.276116    4.275150    4.274073    4.272895    4.271597    4.270242    4.268760    4.267262    4.265637    4.264034    4.262315    4.260660    4.258915    4.257279    4.255593    4.254071    4.252550    4.251250    4.250010    4.249044    4.248193    4.247660    4.247290    4.247267    0.843500   -0.626136    4.280486    4.280527
     4.280238    4.279913    4.279312    4.278647    4.277723    4.276739    4.275540    4.274289    4.272871    4.271403    4.269813    4.268175    4.266458    4.264697    4.262901    4.261071    4.259254    4.257427    4.255669    4.253934    4.252333    4.250798    4.249464    4.248236    4.247269    4.246443    4.245931    4.245606    4.245638    1.084500   -0.626136    4.282137
     4.282131    4.281942    4.281605    4.281051    4.280352    4.279472    4.278435    4.277261    4.275921    4.274491    4.272894    4.271257    4.269462    4.267677    4.265752    4.263883    4.261900    4.260016    4.258049    4.256223    4.254355    4.252671    4.250997    4.249554    4.248180    4.247080    4.246107    4.245442    4.244961    4.244839    1.325500   -0.626136
     4.278524    4.278531    4.278162    4.277765    4.277043    4.276285    4.275229    4.274160    4.272849    4.271549    4.270063    4.268601    4.267008    4.265445    4.263802    4.262189    4.260547    4.258934    4.257343    4.255784    4.254300    4.252857    4.251547    4.250298    4.249241    4.248271    4.247547    4.246929    4.246602    4.246405    4.246482   -1.205000
    -0.834848    4.275029    4.275041    4.274722    4.274418    4.273838    4.273269    4.272460    4.271677    4.270700    4.269755    4.268664    4.267608    4.266459    4.265340    4.264180    4.263041    4.261911    4.260786    4.259713    4.258630    4.257640    4.256627    4.255749    4.254849    4.254133    4.253412    4.252921    4.252447    4.252240    4.252076    4.252173
    -0.964000   -0.834848    4.277277    4.277321    4.276967    4.276622    4.275931    4.275229    4.274207    4.273213    4.271953    4.270755    4.269343    4.268014    4.266524    4.265127    4.263621    4.262209    4.260741    4.259360    4.257977    4.256676    4.255429    4.254262    4.253208    4.252236    4.251437    4.250721    4.250227    4.249806    4.249642    4.249549
     4.249714   -0.723000   -0.834848    4.277024    4.276999    4.276666    4.276308    4.275686    4.275045    4.274181    4.273300    4.272241    4.271161    4.269947    4.268708    4.267383    4.266031    4.264640    4.263225    4.261819    4.260398    4.259033    4.257668    4.256406    4.255161    4.254066    4.253005    4.252139    4.251325    4.250743    4.250228    4.249974
     4.249804    4.249855   -0.482000   -0.834848    4.277428    4.277449    4.277242    4.276973    4.276476    4.275914    4.275151    4.274324    4.273338    4.272294    4.271136    4.269928    4.268653    4.267330    4.265985    4.264593    4.263218    4.261799    4.260435    4.259035    4.257729    4.256402    4.255213    4.254027    4.253023    4.252055    4.251311    4.250641
     4.250236    4.249949    4.249941   -0.241000   -0.834848    4.277445    4.277435    4.277280    4.276998    4.276538    4.275970    4.275257    4.274429    4.273494    4.272445    4.271332    4.270109    4.268863    4.267510    4.266169    4.264729    4.263332    4.261852    4.260444    4.258978    4.257619    4.256236    4.254993    4.253769    4.252718    4.251730    4.250947
     4.250271    4.249823    4.249511    4.249414    0.000000   -0.834848    4.276887    4.276867    4.276625    4.276311    4.275781    4.275199    4.274437    4.273629    4.272680    4.271683    4.270580    4.269425    4.268196    4.266912    4.265585    4.264205    4.262815    4.261384    4.259979    4.258557    4.257201    4.255862    4.254638    4.253467    4.252459    4.251540
     4.250828    4.250235    4.249883    4.249667    4.249667    0.241000   -0.834848    4.279189    4.279189    4.278963    4.278630    4.278072    4.277424    4.276589    4.275665    4.274606    4.273458    4.272230    4.270910    4.269561    4.268114    4.266684    4.265150    4.263674    4.262092    4.260608    4.259028    4.257587    4.256074    4.254743    4.253378    4.252240
     4.251111    4.250248    4.249441    4.248932    4.248542    4.248496    0.482000   -0.834848    4.278771    4.278753    4.278524    4.278151    4.277465    4.276653    4.275576    4.274429    4.273068    4.271689    4.270138    4.268605    4.266934    4.265309    4.263576    4.261909    4.260166    4.258510    4.256816    4.255234    4.253659    4.252228    4.250862    4.249668
     4.248597    4.247719    4.247015    4.246505    4.246189    4.246022    4.245994    0.723000   -0.834848    4.280708    4.280673    4.280460    4.280077    4.279446    4.278675    4.277705    4.276616    4.275380    4.274042    4.272607    4.271084    4.269511    4.267860    4.266199    4.264466    4.262762    4.260994    4.259287    4.257531    4.255873    4.254192    4.252650
     4.251131    4.249796    4.248543    4.247521    4.246643    4.246034    4.245615    4.245474    0.964000   -0.834848    4.277982    4.277975    4.277682    4.277335    4.276723    4.276059    4.275161    4.274231    4.273112    4.271978    4.270701    4.269415    4.268030    4.266632    4.265176    4.263701    4.262208    4.260691    4.259200    4.257687    4.256246    4.254800
     4.253482    4.252185    4.251073    4.250017    4.249199    4.248471    4.248024    4.247714    4.247694    1.205000   -0.834848    4.278132    4.278048    4.277849    4.277451    4.276804    4.276012    4.275029    4.273945    4.272714    4.271413    4.270001    4.268546    4.267011    4.265454    4.263849    4.262246    4.260626    4.259030    4.257452    4.255925    4.254452
     4.253060    4.251767    4.250586    4.249547    4.248649    4.247928    4.247359    4.246976    4.246721    4.246587   -1.084500   -1.043561    4.279146    4.279126    4.278834    4.278433    4.277733    4.276965    4.275951    4.274878    4.273609    4.272287    4.270825    4.269319    4.267733    4.266115    4.264474    4.262814    4.261188    4.259558    4.258014    4.256481
     4.255087    4.253720    4.252540    4.251406    4.250507    4.249669    4.249099    4.248597    4.248375    4.248196    4.248213   -0.843500   -1.043561    4.275503    4.275510    4.275245    4.274953    4.274400    4.273821    4.273014    4.272198    4.271204    4.270217    4.269102    4.268002    4.266822    4.265658    4.264460    4.263269    4.262087    4.260901    4.259764
     4.258612    4.257547    4.256467    4.255514    4.254556    4.253769    4.252998    4.252434    4.251907    4.251616    4.251398    4.251432   -0.602500   -1.043561    4.277786    4.277775    4.277633    4.277343    4.276818    4.276177    4.275352    4.274425    4.273362    4.272211    4.270972    4.269657    4.268299    4.266875    4.265448    4.263966    4.262515    4.261021
     4.259591    4.258134    4.256775    4.255418    4.254195    4.253013    4.252003    4.251075    4.250351    4.249741    4.249348    4.249057    4.248938   -0.361500   -1.043561    4.275739    4.275713    4.275307    4.274891    4.274147    4.273404    4.272366    4.271372    4.270134    4.268975    4.267617    4.266358    4.264941    4.263635    4.262213    4.260905    4.259522
     4.258252    4.256952    4.255762    4.254589    4.253529    4.252541    4.251673    4.250936    4.250324    4.249895    4.249585    4.249492    4.249502    4.249665   -0.120500   -1.043561    4.278415    4.278393    4.278243    4.277903    4.277302    4.276550    4.275587    4.274514    4.273275    4.271966    4.270534    4.269068    4.267519    4.265967    4.264369    4.262794
     4.261206    4.259659    4.258131    4.256662    4.255243    4.253904    4.252653    4.251512    4.250498    4.249624    4.248916    4.248369    4.248003    4.247777    4.247695    0.120500   -1.043561    4.275708    4.275738    4.275554    4.275340    4.274932    4.274464    4.273822    4.273113    4.272270    4.271362    4.270361    4.269295    4.268172    4.266980    4.265765
     4.264476    4.263193    4.261838    4.260520    4.259145    4.257843    4.256515    4.255303    4.254110    4.253078    4.252113    4.251347    4.250686    4.250246    4.249948    4.249897    0.361500   -1.043561    4.276787    4.276729    4.276406    4.275997    4.275318    4.274590    4.273635    4.272657    4.271498    4.270332    4.269025    4.267724    4.266319    4.264927
     4.263468    4.262029    4.260561    4.259120    4.257688    4.256297    4.254958    4.253679    4.252505    4.251419    4.250496    4.249691    4.249102    4.248652    4.248450    4.248372    4.248439    0.602500   -1.043561    4.277776    4.277792    4.277495    4.277180    4.276588    4.275951    4.275064    4.274145    4.273030    4.271895    4.270615    4.269316    4.267919
     4.266499    4.265027    4.263530    4.262024    4.260493    4.258997    4.257485    4.256058    4.254633    4.253347    4.252094    4.251037    4.250044    4.249295    4.248635    4.248256    4.248002    4.248046    0.843500   -1.043561    4.278882    4.278862    4.278679    4.278374    4.277833    4.277163    4.276299    4.275321    4.274195    4.272971    4.271643    4.270229
     4.268753    4.267205    4.265630    4.264000    4.262378    4.260722    4.259108    4.257490    4.255951    4.254447    4.253065    4.251761    4.250621    4.249599    4.248779    4.248102    4.247649    4.247346    4.247275    1.084500   -1.043561    4.277993    4.277977    4.277759    4.277412    4.276821    4.276120    4.275201    4.274188    4.273000    4.271743    4.270356
     4.268922    4.267402    4.265855    4.264260    4.262659    4.261049    4.259450    4.257882    4.256350    4.254890    4.253493    4.252215    4.251030    4.250008    4.249102    4.248396    4.247821    4.247471    4.247260    4.247253   -0.964000   -1.252273    4.276032    4.276010    4.275799    4.275487    4.274937    4.274307    4.273482    4.272599    4.271565    4.270494
     4.269315    4.268112    4.266844    4.265564    4.264262    4.262958    4.261672    4.260392    4.259166    4.257955    4.256836    4.255742    4.254777    4.253852    4.253091    4.252386    4.251868    4.251413    4.251156    4.250958    4.250927   -0.723000   -1.252273    4.275055    4.275024    4.274750    4.274423    4.273837    4.273223    4.272394    4.271563    4.270562
     4.269572    4.268451    4.267348    4.266155    4.264984    4.263764    4.262565    4.261360    4.260176    4.259024    4.257893    4.256836    4.255804    4.254888    4.254006    4.253285    4.252613    4.252141    4.251730    4.251541    4.251404    4.251425   -0.482000   -1.252273    4.276332    4.276368    4.276279    4.276089    4.275701    4.275213    4.274556    4.273798
     4.272909    4.271928    4.270856    4.269703    4.268497    4.267219    4.265926    4.264572    4.263235    4.261853    4.260519    4.259157    4.257876    4.256592    4.255426    4.254289    4.253305    4.252385    4.251646    4.251000    4.250557    4.250239    4.250168   -0.241000   -1.252273    4.276428    4.276422    4.276242    4.275981    4.275526    4.274989    4.274295
     4.273521    4.272636    4.271666    4.270631    4.269503    4.268351    4.267099    4.265860    4.264516    4.263221    4.261826    4.260511    4.259114    4.257830    4.256495    4.255311    4.254119    4.253116    4.252152    4.251404    4.250736    4.250301    4.249981    4.249906    0.000000   -1.252273    4.275835    4.275806    4.275502    4.275137    4.274522    4.273854
     4.272961    4.272037    4.270926    4.269806    4.268533    4.267270    4.265892    4.264543    4.263115    4.261734    4.260314    4.258958    4.257602    4.256326    4.255095    4.253958    4.252912    4.251975    4.251177    4.250495    4.249990    4.249602    4.249417    4.249346    4.249425    0.241000   -1.252273    4.278740    4.278729    4.278631    4.278323    4.277758
     4.277016    4.276075    4.275008    4.273799    4.272507    4.271118    4.269675    4.268170    4.266630    4.265058    4.263466    4.261868    4.260266    4.258684    4.257120    4.255605    4.254140    4.252761    4.251476    4.250316    4.249296    4.248435    4.247746    4.247227    4.246870    4.246711    0.482000   -1.252273    4.276957    4.276939    4.276802    4.276522
     4.276044    4.275437    4.274665    4.273781    4.272771    4.271667    4.270471    4.269195    4.267858    4.266455    4.265019    4.263535    4.262045    4.260534    4.259047    4.257568    4.256148    4.254775    4.253503    4.252323    4.251286    4.250379    4.249649    4.249069    4.248675    4.248425    4.248336    0.723000   -1.252273    4.277051    4.277053    4.276830
     4.276532    4.275996    4.275379    4.274553    4.273656    4.272603    4.271493    4.270281    4.269022    4.267707    4.266349    4.264975    4.263559    4.262166    4.260733    4.259360    4.257957    4.256654    4.255342    4.254173    4.253025    4.252060    4.251146    4.250446    4.249819    4.249430    4.249152    4.249126    0.964000   -1.252273    4.275724    4.275690
     4.275403    4.275036    4.274369    4.273644    4.272668    4.271670    4.270479    4.269298    4.267979    4.266690    4.265312    4.263973    4.262591    4.261251    4.259909    4.258608    4.257343    4.256116    4.254963    4.253852    4.252855    4.251910    4.251119    4.250395    4.249863    4.249409    4.249168    4.249003    4.248994   -0.602500   -1.460985    4.271976
     4.272004    4.271732    4.271514    4.271050    4.270644    4.270017    4.269444    4.268688    4.267980    4.267133    4.266321    4.265413    4.264523    4.263580    4.262639    4.261688    4.260722    4.259789    4.258833    4.257954    4.257052    4.256278    4.255492    4.254886    4.254284    4.253904    4.253540    4.253429    4.253344    4.253456   -0.361500   -1.460985
     4.274481    4.274437    4.274271    4.273980    4.273487    4.272915    4.272185    4.271402    4.270495    4.269555    4.268517    4.267459    4.266329    4.265190    4.264007    4.262827    4.261631    4.260447    4.259274    4.258126    4.257020    4.255957    4.254972    4.254054    4.253254    4.252546    4.251989    4.251539    4.251257    4.251077    4.251026   -0.120500
    -1.460985    4.276050    4.276047    4.275886    4.275623    4.275161    4.274609    4.273890    4.273092    4.272165    4.271170    4.270084    4.268939    4.267738    4.266482    4.265206    4.263881    4.262566    4.261210    4.259893    4.258547    4.257270    4.255989    4.254813    4.253668    4.252670    4.251744    4.250998    4.250364    4.249934    4.249644    4.249560
     0.120500   -1.460985    4.277072    4.277036    4.276816    4.276467    4.275880    4.275186    4.274298    4.273330    4.272215    4.271040    4.269762    4.268438    4.267049    4.265625    4.264173    4.262697    4.261227    4.259749    4.258311    4.256886    4.255540    4.254238    4.253057    4.251955    4.251019    4.250191    4.249558    4.249045    4.248737    4.248536
     4.248496    0.361500   -1.460985    4.274662    4.274662    4.274351    4.274056    4.273515    4.272981    4.272231    4.271489    4.270576    4.269668    4.268637    4.267602    4.266488    4.265357    4.264189    4.262991    4.261798    4.260568    4.259382    4.258158    4.257023    4.255859    4.254833    4.253802    4.252955    4.252132    4.251536    4.250990    4.250705
     4.250507    4.250545    0.602500   -1.460985    4.276172    4.276118    4.275962    4.275646    4.275107    4.274437    4.273597    4.272664    4.271606    4.270485    4.269274    4.268023    4.266713    4.265380    4.264017    4.262648    4.261274    4.259911    4.258570    4.257260    4.256001    4.254797    4.253680    4.252646    4.251737    4.250938    4.250295    4.249777
     4.249427    4.249187    4.249079
