         -0.6025         1.4610     75671.2854     73060.1719     70449.0669     67837.5322     65226.1240     62614.4264     60002.9500     57391.3031     54779.9419     52168.5152     49557.4397     46946.3845     44335.7305     41725.1725     39115.0461     36505.0833     33895.5700     31286.2671     28677.4126     26068.8019     23460.6290     20852.7108     18245.1965     15637.9372     13031.0321     10424.3617      7817.9828      5211.8013      2605.8296         0.0000
         -0.3615         1.4610     75671.2788     73060.1591     70449.0423     67837.4907     65226.0669     62614.3496     60002.8607     57391.1926     54779.8268     52168.3828     49557.3009     46946.2408     44335.5869     41725.0302     39114.9127     36504.9620     33895.4603     31286.1686     28677.3349     26068.7403     23460.5798     20852.6761     18245.1742     15637.9262     13031.0286     10424.3645      7817.9883      5211.8077      2605.8341         0.0000
         -0.1205         1.4610     75671.2788     73060.1527     70449.0299     67837.4788     65226.0612     62614.3496     60002.8607     57391.1926     54779.8316     52168.3874     49557.3096     46946.2531     44335.5908     41725.0411     39114.9195     36504.9620     33895.4603     31286.1659     28677.3299     26068.7358     23460.5757     20852.6706     18245.1710     15637.9208     13031.0264     10424.3617      7817.9869      5211.8067      2605.8334         0.0000
          0.1205         1.4610     75671.2722     73060.1271     70448.9991     67837.4372     65226.0098     62614.2894     60002.7977     57391.1324     54779.7597     52168.3280     49557.2445     46946.1915     44335.5365     41724.9863     39114.8716     36504.9141     33895.4158     31286.1303     28677.2922     26068.7016     23460.5429     20852.6415     18245.1439     15637.8975     13031.0059     10424.3471      7817.9760      5211.7999      2605.8305         0.0000
          0.3615         1.4610     75671.2920     73060.2039     70449.1163     67837.5916     65226.2039     62614.5141     60003.0446     57391.3935     54780.0330     52168.6020     49557.5221     46946.4585     44335.7964     41725.2273     39115.0906     36505.1217     33895.6026     31286.2918     28677.4327     26068.8201     23460.6434     20852.7235     18245.2077     15637.9467     13031.0412     10424.3690      7817.9890      5211.8067      2605.8325         0.0000
          0.6025         1.4610     75671.2920     73060.2039     70449.1101     67837.5857     65226.1925     62614.4976     60003.0288     57391.3785     54780.0186     52168.5883     49557.5004     46946.4462     44335.7848     41725.2163     39115.0838     36505.1121     33895.5937     31286.2863     28677.4277     26068.8133     23460.6372     20852.7180     18245.2029     15637.9426     13031.0378     10424.3672      7817.9869      5211.8054      2605.8321         0.0000
         -0.9640         1.2523     75671.2854     73060.1719     70449.0669     67837.5322     65226.1240     62614.4319     60002.9500     57391.3031     54779.9419     52168.5152     49557.4397     46946.3845     44335.7305     41725.1762     39115.0564     36505.0929     33895.5789     31286.2781     28677.4277     26068.8178     23460.6413     20852.7217     18245.2029     15637.9413     13031.0355     10424.3617      7817.9808      5211.7985      2605.8277         0.0000
         -0.7230         1.2523     75671.2059     73059.9800     70448.7463     67837.0691     65225.5188     62613.6756     60002.0573     57390.2684     54778.7866     52167.2461     49556.0694     46944.9345     44334.2137     41723.6102     39113.4550     36503.4899     33893.9897     31284.7183     28675.9203     26067.3816     23459.2955     20851.4799     18244.0846     15636.9568     13030.1958     10423.6791      7817.4634      5211.4509      2605.6537         0.0000
         -0.4820         1.2523     75671.2126     73060.0056     70448.7833     67837.1106     65225.5702     62613.7304     60002.1098     57390.3237     54778.8297     52167.2781     49556.0910     46944.9427     44334.2060     41723.5919     39113.4276     36503.4484     33893.9393     31284.6608     28675.8576     26067.3132     23459.2278     20851.4143     18244.0223     15636.8994     13030.1457     10423.6381      7817.4320      5211.4300      2605.6425         0.0000
         -0.2410         1.2523     75671.1993     73059.9609     70448.7093     67837.0216     65225.4560     62613.5934     60001.9575     57390.1630     54778.6571     52167.1046     49555.9263     46944.7784     44334.0508     41723.4422     39113.2873     36503.3174     33893.8207     31284.5541     28675.7598     26067.2288     23459.1539     20851.3523     18243.9713     15636.8598     13030.1161     10423.6180      7817.4197      5211.4240      2605.6412         0.0000
          0.0000         1.2523     75671.2059     73059.9800     70448.7463     67837.0631     65225.5131     62613.6646     60002.0310     57390.2333     54778.7338     52167.1731     49555.9870     46944.8318     44334.0935     41723.4751     39113.3112     36503.3334     33893.8266     31284.5541     28675.7548     26067.2197     23459.1396     20851.3359     18243.9569     15636.8447     13030.1047     10423.6080      7817.4108      5211.4186      2605.6384         0.0000
          0.2410         1.2523     75671.1993     73059.9545     70448.6969     67837.0038     65225.4446     62613.5824     60001.9522     57390.1630     54778.6715     52167.1228     49555.9436     46944.7990     44334.0819     41723.4751     39113.3284     36503.3653     33893.8681     31284.6061     28675.8150     26067.2790     23459.2011     20851.3961     18244.0112     15636.8939     13030.1423     10423.6372      7817.4313      5211.4304      2605.6430         0.0000
          0.4820         1.2523     75671.2126     73059.9992     70448.7709     67837.1047     65225.5531     62613.7139     60002.0993     57390.3036     54778.8153     52167.2735     49556.0867     46944.9386     44334.2060     41723.5919     39113.4344     36503.4516     33893.9423     31284.6663     28675.8626     26067.3177     23459.2298     20851.4161     18244.0223     15636.8980     13030.1445     10423.6363      7817.4299      5211.4281      2605.6419         0.0000
          0.7230         1.2523     75671.2324     73060.0568     70448.8696     67837.2413     65225.7301     62613.9222     60002.3303     57390.5648     54779.0982     52167.5611     49556.3946     46945.2508     44334.5241     41723.9095     39113.7424     36503.7549     33894.2387     31284.9454     28676.1185     26067.5525     23459.4412     20851.6039     18244.1835     15637.0348     13030.2528     10423.7192      7817.4887      5211.4650      2605.6589         0.0000
          0.9640         1.2523     75671.2920     73060.2103     70449.1163     67837.5976     65226.2096     62614.5250     60003.0656     57391.4237     54780.0713     52168.6476     49557.5698     46946.5201     44335.8623     41725.3003     39115.1727     36505.2047     33895.6826     31286.3684     28677.5080     26068.8885     23460.7008     20852.7709     18245.2460     15637.9727     13031.0583     10424.3781      7817.9917      5211.8049      2605.8305         0.0000
         -1.0845         1.0436     75671.3185     73060.2614     70449.2026     67837.7104     65226.3352     62614.6675     60003.2074     57391.5744     54780.2248     52168.7937     49557.7172     46946.6474     44335.9787     41725.4025     39115.2583     36505.2749     33895.7419     31286.4176     28677.5456     26068.9182     23460.7214     20852.7873     18245.2587     15637.9850     13031.0674     10424.3863      7817.9986      5211.8095      2605.8330         0.0000
         -0.8435         1.0436     75671.2126     73060.0056     70448.7894     67837.1225     65225.5930     62613.7578     60002.1465     57390.3639     54778.8776     52167.3420     49556.1604     46945.0167     44334.2836     41723.6722     39113.5097     36503.5282     33894.0134     31284.7320     28675.9203     26067.3724     23459.2770     20851.4581     18244.0558     15636.9254     13030.1639     10423.6509      7817.4395      5211.4341      2605.6441         0.0000
         -0.6025         1.0436     75671.1662     73059.8969     70448.5983     67836.8494     65225.2048     62613.2755     60001.5531     57389.6607     54778.0771     52166.4335     49555.1588     46943.9364     44333.1393     41722.4713     39112.2677     36502.2637     33892.7446     31283.4761     28674.6940     26066.1916     23458.1590     20850.4152     18243.1099     15636.0860     13029.4451     10423.0595      7816.9871      5211.1279      2605.4895         0.0000
         -0.3615         1.0436     75671.1463     73059.8329     70448.5058     67836.7187     65225.0507     62613.0837     60001.3431     57389.4246     54777.8278     52166.1733     49554.8986     46943.6653     44332.8678     41722.2048     39112.0076     36502.0147     33892.5074     31283.2517     28674.4858     26066.0001     23457.9908     20850.2675     18242.9839     15635.9821     13029.3619     10422.9966      7816.9427      5211.0992      2605.4760         0.0000
         -0.1205         1.0436     75671.1331     73059.8074     70448.4564     67836.6593     65224.9707     62613.0015     60001.2590     57389.3443     54777.7463     52166.0957     49554.8249     46943.6078     44332.8135     41722.1610     39111.9803     36501.9923     33892.4985     31283.2517     28674.4883     26066.0093     23457.9990     20850.2766     18242.9919     15635.9862     13029.3642     10422.9984      7816.9420      5211.0983      2605.4751         0.0000
          0.1205         1.0436     75671.1529     73059.8457     70448.5119     67836.7247     65225.0564     62613.0837     60001.3378     57389.4196     54777.8086     52166.1459     49554.8639     46943.6242     44332.8174     41722.1464     39111.9426     36501.9413     33892.4303     31283.1724     28674.4056     26065.9226     23457.9129     20850.1946     18242.9169     15635.9219     13029.3107     10422.9574      7816.9126      5211.0805      2605.4674         0.0000
          0.3615         1.0436     75671.1596     73059.8777     70448.5736     67836.8256     65225.1877     62613.2426     60001.5269     57389.6406     54778.0531     52166.4061     49555.1414     46943.9159     44333.1122     41722.4421     39112.2369     36502.2318     33892.7060     31283.4350     28674.6488     26066.1415     23458.1077     20850.3659     18243.0605     15636.0395     13029.4041     10423.0257      7816.9604      5211.1092      2605.4797         0.0000
          0.6025         1.0436     75671.1463     73059.8265     70448.4934     67836.6950     65225.0335     62613.0672     60001.3273     57389.4347     54777.8422     52166.2053     49554.9463     46943.7392     44332.9609     41722.3180     39112.1411     36502.1616     33892.6675     31283.4159     28674.6539     26066.1665     23458.1467     20850.4152     18243.1163     15636.0955     13029.4554     10423.0722      7816.9973      5211.1352      2605.4936         0.0000
          0.8435         1.0436     75671.2059     73059.9800     70448.7524     67837.0750     65225.5245     62613.6810     60002.0625     57390.2735     54778.7913     52167.2461     49556.0650     46944.9263     44334.1982     41723.5882     39113.4344     36503.4548     33893.9541     31284.6745     28675.8727     26067.3291     23459.2381     20851.4252     18244.0319     15636.9062     13030.1514     10423.6427      7817.4340      5211.4309      2605.6430         0.0000
          1.0845         1.0436     75671.2788     73060.1591     70449.0423     67837.4966     65226.0783     62614.3771     60002.8870     57391.2278     54779.8700     52168.4422     49557.3660     46946.3147     44335.6606     41725.1105     39114.9914     36505.0386     33895.5344     31286.2425     28677.3976     26068.7973     23460.6290     20852.7180     18245.2061     15637.9481     13031.0446     10424.3745      7817.9924      5211.8081      2605.8330         0.0000
         -1.2050         0.8348     75671.2788     73060.1527     70449.0361     67837.4907     65226.0783     62614.3825     60002.9080     57391.2529     54779.8988     52168.4741     49557.3963     46946.3517     44335.6955     41725.1433     39115.0187     36505.0610     33895.5522     31286.2507     28677.4026     26068.7928     23460.6208     20852.7071     18245.1949     15637.9358     13031.0309     10424.3617      7817.9828      5211.8017      2605.8302         0.0000
         -0.9640         0.8348     75671.2258     73060.0568     70448.8634     67837.2353     65225.7129     62613.8948     60002.2936     57390.5246     54779.0454     52167.5017     49556.3295     46945.1810     44334.4504     41723.8328     39113.6671     36503.6751     33894.1557     31284.8661     28676.0432     26067.4819     23459.3755     20851.5401     18244.1260     15636.9814     13030.2072     10423.6809      7817.4593      5211.4450      2605.6480         0.0000
         -0.7230         0.8348     75671.1662     73059.8969     70448.5921     67836.8256     65225.1820     62613.2371     60001.5058     57389.6055     54778.0052     52166.3559     49555.0720     46943.8378     44333.0268     41722.3508     39112.1411     36502.1264     33892.5993     31283.3256     28674.5435     26066.0389     23458.0134     20850.2784     18242.9823     15635.9725     13029.3471     10422.9811      7816.9269      5211.0874      2605.4692         0.0000
         -0.4820         0.8348     75671.0999     73059.7434     70448.3393     67836.4693     65224.7138     62612.6453     60000.8022     57388.8019     54777.1040     52165.3654     49554.0054     46942.7042     44331.8477     41721.1354     39110.9060     36500.8876     33891.3691     31282.1163     28673.3674     26064.9152     23456.9447     20849.2849     18242.0732     15635.1605     13028.6444     10422.3998      7816.4767      5210.7795      2605.3119         0.0000
         -0.2410         0.8348     75671.0999     73059.7498     70448.3516     67836.4931     65224.7367     62612.6727     60000.8284     57388.8119     54777.0992     52165.3425     49553.9663     46942.6508     44331.7740     41721.0405     39110.7896     36500.7567     33891.2298     31281.9686     28673.2170     26064.7625     23456.7971     20849.1463     18241.9440     15635.0471     13028.5476     10422.3196      7816.4158      5210.7385      2605.2914         0.0000
          0.0000         0.8348     75671.0999     73059.7306     70448.3331     67836.4575     65224.7024     62612.6453     60000.8022     57388.7968     54777.0992     52165.3471     49553.9793     46942.6714     44331.8012     41721.0697     39110.8273     36500.7950     33891.2624     31282.0014     28673.2421     26064.7852     23456.8155     20849.1609     18241.9568     15635.0539     13028.5521     10422.3224      7816.4179      5210.7394      2605.2916         0.0000
          0.2410         0.8348     75671.0668     73059.6539     70448.1974     67836.2853     65224.4912     62612.3987     60000.5343     57388.5106     54776.8020     52165.0550     49553.6932     46942.3962     44331.5491     41720.8398     39110.6220     36500.6163     33891.1171     31281.8810     28673.1543     26064.7191     23456.7745     20849.1318     18241.9424     15635.0484     13028.5521     10422.3251      7816.4213      5210.7412      2605.2930         0.0000
          0.4820         0.8348     75671.0734     73059.6667     70448.2221     67836.3149     65224.5368     62612.4535     60000.6026     57388.5959     54776.8978     52165.1599     49553.8059     46942.5235     44331.6810     41720.9821     39110.7623     36500.7631     33891.2653     31282.0288     28673.2947     26064.8559     23456.9017     20849.2521     18242.0540     15635.1482     13028.6387     10422.3989      7816.4787      5210.7827      2605.3146         0.0000
          0.7230         0.8348     75671.1596     73059.8649     70448.5428     67836.7722     65225.1306     62613.1823     60001.4533     57389.5653     54777.9812     52166.3468     49555.0764     46943.8584     44333.0656     41722.4092     39112.2095     36502.2095     33892.6942     31283.4268     28674.6438     26066.1369     23458.1016     20850.3568     18243.0525     15636.0272     13029.3881     10423.0084      7816.9427      5211.0942      2605.4706         0.0000
          0.9640         0.8348     75671.1993     73059.9609     70448.7093     67837.0216     65225.4617     62613.6098     60001.9785     57390.1831     54778.6955     52167.1548     49555.9783     46944.8400     44334.1168     41723.5189     39113.3694     36503.4037     33893.9067     31284.6390     28675.8401     26067.3063     23459.2196     20851.4088     18244.0207     15636.8967     13030.1445     10423.6363      7817.4299      5211.4281      2605.6421         0.0000
          1.2050         0.8348     75671.2655     73060.1080     70448.9621     67837.3897     65225.9641     62614.2455     60002.7505     57391.0922     54779.7310     52168.3052     49557.2359     46946.1915     44335.5443     41725.0009     39114.8955     36504.9524     33895.4573     31286.1741     28677.3374     26068.7449     23460.5839     20852.6798     18245.1742     15637.9235     13031.0241     10424.3581      7817.9821      5211.8017      2605.8302         0.0000
         -1.3255         0.6261     75671.2523     73060.0760     70448.9128     67837.3303     65225.8785     62614.1414     60002.6349     57390.9666     54779.5919     52168.1591     49557.0884     46946.0436     44335.4046     41724.8732     39114.7724     36504.8374     33895.3565     31286.0865     28677.2647     26068.6856     23460.5367     20852.6451     18245.1534     15637.9085     13031.0184     10424.3562      7817.9842      5211.8049      2605.8325         0.0000
         -1.0845         0.6261     75671.2258     73060.0376     70448.8388     67837.1938     65225.6730     62613.8400     60002.2358     57390.4493     54778.9639     52167.4241     49556.2385     46945.0865     44334.3534     41723.7343     39113.5645     36503.5793     33894.0609     31284.7758     28675.9604     26067.4089     23459.3119     20851.4891     18244.0862     15636.9514     13030.1878     10423.6691      7817.4531      5211.4427      2605.6482         0.0000
         -0.8435         0.6261     75671.1529     73059.8585     70448.5428     67836.7603     65225.1020     62613.1440     60001.4061     57389.5000     54777.8997     52166.2418     49554.9636     46943.7228     44332.9260     41722.2559     39112.0487     36502.0498     33892.5341     31283.2681     28674.4959     26066.0001     23457.9806     20850.2493     18242.9584     15635.9506     13029.3289     10422.9656      7816.9146      5211.0792      2605.4651         0.0000
         -0.6025         0.6261     75671.0801     73059.6922     70448.2591     67836.3743     65224.5882     62612.5137     60000.6604     57388.6411     54776.9362     52165.1873     49553.8233     46942.5235     44331.6577     41720.9456     39110.7144     36500.6961     33891.1823     31281.9385     28673.1969     26064.7533     23456.7971     20849.1500     18241.9552     15635.0594     13028.5601     10422.3324      7816.4275      5210.7471      2605.2964         0.0000
         -0.3615         0.6261     75671.0204     73059.5451     70448.0124     67836.0240     65224.1372     62611.9548     59999.9935     57387.8727     54776.0781     52164.2470     49552.8130     46941.4516     44330.5407     41719.7960     39109.5409     36499.5180     33890.0145     31280.7922     28672.0861     26063.6913     23455.7982     20848.2258     18241.1179     15634.3199     13027.9303     10421.8204      7816.0387      5210.4866      2605.1657         0.0000
         -0.1205         0.6261     75671.0602     73059.6411     70448.1666     67836.2259     65224.3770     62612.2343     60000.3085     57388.2092     54776.4281     52164.6031     49553.1642     46941.7924     44330.8665     41720.0952     39109.8180     36499.7670     33890.2309     31280.9755     28672.2391     26063.8189     23455.8987     20848.3005     18241.1705     15634.3527     13027.9462     10421.8222      7816.0326      5210.4761      2605.1577         0.0000
          0.1205         0.6261     75671.0469     73059.6091     70448.1172     67836.1546     65224.2914     62612.1301     60000.1825     57388.0736     54776.2795     52164.4479     49553.0038     46941.6364     44330.7152     41719.9529     39109.6846     36499.6457     33890.1271     31280.8852     28672.1639     26063.7551     23455.8475     20848.2586     18241.1370     15634.3281     13027.9280     10421.8094      7816.0237      5210.4720      2605.1559         0.0000
          0.3615         0.6261     75671.0271     73059.5643     70448.0617     67836.0834     65224.2171     62612.0534     60000.1143     57388.0134     54776.2411     52164.4205     49552.9994     46941.6446     44330.7424     41720.0003     39109.7428     36499.7191     33890.2071     31280.9755     28672.2617     26063.8554     23455.9521     20848.3643     18241.2391     15634.4238     13028.0134     10421.8832      7816.0831      5210.5130      2605.1773         0.0000
          0.6025         0.6261     75671.0602     73059.6155     70448.1419     67836.2081     65224.3941     62612.2781     60000.3926     57388.3549     54776.6294     52164.8678     49553.5024     46942.1990     44331.3435     41720.6390     39110.4236     36500.4247     33890.9334     31281.7087     28672.9938     26064.5733     23456.6432     20849.0187     18241.8483     15634.9719     13028.4929     10422.2832      7816.3947      5210.7275      2605.2877         0.0000
          0.8435         0.6261     75671.1463     73059.8265     70448.4996     67836.7187     65225.0507     62613.0892     60001.3536     57389.4498     54777.8518     52166.2053     49554.9333     46943.7146     44332.9221     41722.2632     39112.0692     36502.0754     33892.5637     31283.3037     28674.5310     26066.0389     23458.0175     20850.2875     18242.9919     15635.9807     13029.3540     10422.9847      7816.9283      5211.0874      2605.4688         0.0000
          1.0845         0.6261     75671.1794     73059.9225     70448.6476     67836.9444     65225.3647     62613.5002     60001.8629     57390.0625     54778.5708     52167.0224     49555.8482     46944.7168     44334.0082     41723.4094     39113.2702     36503.3143     33893.8326     31284.5760     28675.7924     26067.2698     23459.1970     20851.3961     18244.0144     15636.8980     13030.1502     10423.6454      7817.4381      5211.4359      2605.6462         0.0000
          1.3255         0.6261     75671.2523     73060.0696     70448.9066     67837.3125     65225.8671     62614.1250     60002.6192     57390.9465     54779.5776     52168.1454     49557.0711     46946.0272     44335.3891     41724.8549     39114.7552     36504.8247     33895.3417     31286.0701     28677.2496     26068.6674     23460.5203     20852.6269     18245.1343     15637.8921     13031.0024     10424.3435      7817.9739      5211.7981      2605.8293         0.0000
         -1.4460         0.4174     75671.2523     73060.0568     70448.8696     67837.2650     65225.7986     62614.0537     60002.5351     57390.8511     54779.4673     52168.0267     49556.9540     46945.8998     44335.2611     41724.7235     39114.6252     36504.6937     33895.2142     31285.9442     28677.1317     26068.5602     23460.4239     20852.5430     18245.0641     15637.8333     13030.9569     10424.3107      7817.9514      5211.7853      2605.8241         0.0000
         -1.2050         0.4174     75671.1794     73059.9161     70448.6538     67836.9562     65225.3818     62613.5276     60001.8997     57390.1027     54778.6188     52167.0818     49555.9089     46944.7743     44334.0586     41723.4641     39113.3181     36503.3622     33893.8681     31284.6061     28675.8175     26067.2881     23459.2093     20851.4034     18244.0176     15636.8980     13030.1457     10423.6390      7817.4320      5211.4300      2605.6425         0.0000
         -0.9640         0.4174     75671.1463     73059.8202     70448.4873     67836.6890     65225.0107     62613.0398     60001.2958     57389.3794     54777.7847     52166.1322     49554.8509     46943.6242     44332.8290     41722.1683     39111.9768     36501.9796     33892.4748     31283.2162     28674.4482     26065.9614     23457.9477     20850.2237     18242.9377     15635.9370     13029.3198     10422.9601      7816.9126      5211.0792      2605.4660         0.0000
         -0.7230         0.4174     75671.0999     73059.7306     70448.3208     67836.4515     65224.6853     62612.6179     60000.7707     57388.7617     54777.0560     52165.3015     49553.9360     46942.6262     44331.7547     41721.0332     39110.7896     36500.7631     33891.2416     31281.9850     28673.2370     26064.7852     23456.8237     20849.1737     18241.9727     15635.0744     13028.5715     10422.3415      7816.4343      5210.7517      2605.2984         0.0000
         -0.4820         0.4174     75671.0536     73059.6219     70448.1481     67836.1903     65224.3313     62612.1685     60000.2193     57388.1038     54776.2986     52164.4570     49552.9994     46941.6076     44330.6687     41719.8945     39109.6059     36499.5531     33890.0234     31280.7731     28672.0460     26063.6320     23455.7265     20848.1456     18241.0350     15634.2366     13027.8517     10421.7484      7815.9793      5210.4434      2605.1429         0.0000
         -0.2410         0.4174     75670.9940     73059.4748     70447.9014     67835.8459     65223.8974     62611.6479     59999.6259     57387.4408     54775.5748     52163.6902     49552.1973     46940.7821     44329.8349     41719.0442     39108.7644     36498.7231     33889.2053     31279.9825     28671.2888     26062.9187     23455.0599     20847.5314     18240.4800     15633.7473     13027.4326     10421.4059      7815.7176      5210.2648      2605.0518         0.0000
          0.0000         0.4174     75670.9873     73059.4556     70447.8644     67835.7984     65223.8404     62611.5712     59999.5419     57387.3554     54775.4934     52163.6034     49552.1150     46940.7041     44329.7535     41718.9785     39108.7062     36498.6688     33889.1579     31279.9415     28671.2512     26062.8845     23455.0312     20847.5058     18240.4561     15633.7241     13027.4110     10421.3868      7815.7012      5210.2530      2605.0457         0.0000
          0.2410         0.4174     75671.0072     73059.5132     70447.9569     67835.9231     65223.9945     62611.7630     59999.7414     57387.5614     54775.7043     52163.8088     49552.3101     46940.8889     44329.9280     41719.1281     39108.8362     36498.7806     33889.2528     31280.0208     28671.3139     26062.9346     23455.0682     20847.5350     18240.4784     15633.7432     13027.4258     10421.3986      7815.7108      5210.2603      2605.0498         0.0000
          0.4820         0.4174     75671.0204     73059.5451     70448.0247     67836.0359     65224.1601     62611.9822     60000.0302     57387.9179     54776.1309     52164.3064     49552.8780     46941.5173     44330.6144     41719.8653     39109.6162     36499.5882     33890.0797     31280.8497     28672.1388     26063.7368     23455.8372     20848.2550     18241.1370     15634.3309     13027.9314     10421.8149      7816.0291      5210.4766      2605.1591         0.0000
          0.7230         0.4174     75671.0933     73059.7050     70448.2899     67836.4040     65224.6339     62612.5685     60000.7234     57388.7165     54777.0225     52165.2832     49553.9273     46942.6262     44331.7702     41721.0588     39110.8238     36500.8014     33891.2831     31282.0288     28673.2772     26064.8217     23456.8545     20849.1937     18241.9855     15635.0799     13028.5692     10422.3324      7816.4227      5210.7394      2605.2904         0.0000
          0.9640         0.4174     75671.1463     73059.8265     70448.4934     67836.7069     65225.0450     62613.0837     60001.3483     57389.4498     54777.8614     52166.2190     49554.9506     46943.7392     44332.9493     41722.2888     39112.0966     36502.1009     33892.5934     31283.3311     28674.5560     26066.0617     23458.0380     20850.3040     18243.0062     15635.9930     13029.3631     10422.9929      7816.9345      5211.0915      2605.4710         0.0000
          1.2050         0.4174     75671.2126     73059.9864     70448.7586     67837.0928     65225.5417     62613.6975     60002.0783     57390.2936     54778.8057     52167.2644     49556.0867     46944.9427     44334.2176     41723.6102     39113.4515     36503.4739     33893.9660     31284.6909     28675.8852     26067.3428     23459.2504     20851.4344     18244.0399     15636.9131     13030.1548     10423.6454      7817.4354      5211.4313      2605.6430         0.0000
          1.4460         0.4174     75671.2920     73060.1911     70449.0978     67837.5797     65226.1925     62614.5031     60003.0393     57391.3986     54780.0474     52168.6339     49557.5611     46946.5037     44335.8546     41725.2966     39115.1727     36505.2079     33895.6886     31286.3793     28677.5230     26068.9045     23460.7193     20852.7928     18245.2699     15637.9960     13031.0811     10424.3991      7818.0088      5211.8168      2605.8366         0.0000
         -1.5665         0.2087     75671.2722     73060.1399     70449.0176     67837.4669     65226.0498     62614.3332     60002.8450     57391.1826     54779.8220     52168.3828     49557.3052     46946.2490     44335.5986     41725.0448     39114.9263     36504.9748     33895.4692     31286.1823     28677.3424     26068.7449     23460.5818     20852.6743     18245.1710     15637.9180     13031.0195     10424.3544      7817.9787      5211.7995      2605.8289         0.0000
         -1.3255         0.2087     75671.1993     73059.9609     70448.7093     67837.0216     65225.4617     62613.6153     60001.9890     57390.2031     54778.7194     52167.1776     49556.0087     46944.8729     44334.1517     41723.5554     39113.4071     36503.4388     33893.9393     31284.6691     28675.8727     26067.3337     23459.2504     20851.4380     18244.0463     15636.9213     13030.1662     10423.6545      7817.4443      5211.4391      2605.6476         0.0000
         -1.0845         0.2087     75671.1662     73059.8841     70448.5736     67836.8137     65225.1706     62613.2152     60001.4796     57389.5803     54777.9812     52166.3285     49555.0504     46943.8173     44333.0152     41722.3435     39112.1342     36502.1328     33892.6112     31283.3447     28674.5661     26066.0640     23458.0380     20850.3021     18243.0046     15635.9916     13029.3619     10422.9911      7816.9324      5211.0897      2605.4692         0.0000
         -0.8435         0.2087     75671.0734     73059.6731     70448.2344     67836.3328     65224.5426     62612.4480     60000.5869     57388.5608     54776.8451     52165.0869     49553.7279     46942.4249     44331.5607     41720.8507     39110.6220     36500.6163     33891.1082     31281.8701     28673.1392     26064.7009     23456.7560     20849.1154     18241.9264     15635.0361     13028.5407     10422.3160      7816.4165      5210.7398      2605.2927         0.0000
         -0.6025         0.2087     75671.0469     73059.6027     70448.0987     67836.1309     65224.2628     62612.0863     60000.1405     57388.0334     54776.2411     52164.4113     49552.9778     46941.6117     44330.6997     41719.9493     39109.6880     36499.6585     33890.1449     31280.9126     28672.1940     26063.7870     23455.8844     20848.2969     18241.1737     15634.3623     13027.9576     10421.8359      7816.0442      5210.4857      2605.1632         0.0000
         -0.3615         0.2087     75671.0138     73059.5451     70448.0062     67835.9943     65224.0687     62611.8342     59999.8254     57387.6417     54775.7858     52163.8910     49552.3881     46940.9587     44329.9939     41719.1938     39108.8944     36498.8380     33889.3120     31280.0728     28671.3666     26062.9802     23455.1112     20847.5715     18240.5103     15633.7692     13027.4474     10421.4150      7815.7231      5210.2676      2605.0527         0.0000
         -0.1205         0.2087     75670.9873     73059.4620     70447.8767     67835.8043     65223.8232     62611.5438     59999.4684     57387.2349     54775.3208     52163.3752     49551.8288     46940.3591     44329.3540     41718.5259     39108.2068     36498.1389     33888.6066     31279.3725     28670.6846     26062.3239     23454.4919     20846.9992     18239.9921     15633.3127     13027.0580     10421.0989      7815.4833      5210.1077      2604.9735         0.0000
          0.1205         0.2087     75670.9940     73059.4684     70447.8767     67835.8102     65223.8404     62611.5493     59999.4841     57387.2650     54775.3591     52163.4209     49551.8852     46940.4289     44329.4354     41718.6135     39108.3026     36498.2379     33888.7044     31279.4764     28670.7824     26062.4151     23454.5760     20847.0721     18240.0559     15633.3619     13027.0967     10421.1263      7815.4997      5210.1168      2604.9767         0.0000
          0.3615         0.2087     75671.0138     73059.5387     70447.9939     67835.9587     65224.0345     62611.7904     59999.7782     57387.5965     54775.7330     52163.8362     49552.3361     46940.9135     44329.9474     41719.1537     39108.8567     36498.8029     33889.2765     31280.0454     28671.3415     26062.9574     23455.0907     20847.5551     18240.4960     15633.7555     13027.4338     10421.4032      7815.7129      5210.2598      2605.0491         0.0000
          0.6025         0.2087     75671.0536     73059.6411     70448.1666     67836.2259     65224.3827     62612.2343     60000.3085     57388.2243     54776.4377     52164.6122     49553.1772     46941.8048     44330.8781     41720.1025     39109.8215     36499.7702     33890.2309     31280.9728     28672.2341     26063.8052     23455.8844     20848.2860     18241.1530     15634.3363     13027.9303     10421.8085      7816.0209      5210.4684      2605.1536         0.0000
          0.8435         0.2087     75671.1198     73059.7946     70448.4194     67836.5762     65224.8394     62612.7932     60000.9650     57388.9626     54777.2621     52165.5206     49554.1528     46942.8480     44331.9680     41721.2413     39110.9915     36500.9547     33891.4195     31282.1464     28673.3825     26064.9129     23456.9365     20849.2648     18242.0477     15635.1305     13028.6147     10422.3715      7816.4534      5210.7617      2605.3023         0.0000
          1.0845         0.2087     75671.1529     73059.8585     70448.5489     67836.7722     65225.1249     62613.1769     60001.4481     57389.5603     54777.9764     52166.3331     49555.0720     46943.8543     44333.0617     41722.4056     39112.2095     36502.2095     33892.6971     31283.4296     28674.6488     26066.1460     23458.1139     20850.3696     18243.0621     15636.0395     13029.3995     10423.0185      7816.9529      5211.1020      2605.4754         0.0000
          1.3255         0.2087     75671.1794     73059.9097     70448.6414     67836.9206     65225.3304     62613.4563     60001.8104     57390.0022     54778.5037     52166.9539     49555.7788     46944.6470     44333.9306     41723.3400     39113.1983     36503.2440     33893.7614     31284.5076     28675.7222     26067.1992     23459.1273     20851.3286     18243.9506     15636.8392     13030.0967     10423.5998      7817.4033      5211.4113      2605.6334         0.0000
          1.5665         0.2087     75671.2722     73060.1335     70449.0053     67837.4491     65226.0326     62614.3277     60002.8397     57391.1876     54779.8268     52168.4011     49557.3226     46946.2736     44335.6296     41725.0776     39114.9606     36505.0099     33895.5047     31286.2124     28677.3675     26068.7654     23460.5983     20852.6852     18245.1774     15637.9235     13031.0218     10424.3544      7817.9774      5211.7985      2605.8286         0.0000
         -1.4460         0.0000     75671.2059     73059.9736     70448.7339     67837.0513     65225.5017     62613.6536     60002.0310     57390.2333     54778.7482     52167.1959     49556.0130     46944.8688     44334.1401     41723.5298     39113.3728     36503.4037     33893.9037     31284.6307     28675.8376     26067.3063     23459.2257     20851.4198     18244.0319     15636.9144     13030.1628     10423.6572      7817.4484      5211.4432      2605.6503         0.0000
         -1.2050         0.0000     75671.1331     73059.8074     70448.4564     67836.6653     65224.9879     62613.0179     60001.2748     57389.3694     54777.7703     52166.1322     49554.8639     46943.6489     44332.8639     41722.2121     39112.0316     36502.0434     33892.5519     31283.3010     28674.5410     26066.0548     23458.0442     20850.3204     18243.0302     15636.0203     13029.3938     10423.0221      7816.9604      5211.1115      2605.4820         0.0000
         -0.9640         0.0000     75671.0933     73059.7050     70448.2714     67836.3862     65224.6054     62612.5247     60000.6709     57388.6512     54776.9458     52165.1965     49553.8319     46942.5276     44331.6655     41720.9529     39110.7212     36500.7088     33891.1972     31281.9549     28673.2145     26064.7739     23456.8217     20849.1773     18241.9855     15635.0908     13028.5908     10422.3624      7816.4548      5210.7681      2605.3082         0.0000
         -0.7230         0.0000     75671.0536     73059.6219     70448.1542     67836.2021     65224.3542     62612.2069     60000.2823     57388.1891     54776.4089     52164.5894     49553.1599     46941.7924     44330.8743     41720.1098     39109.8420     36499.7990     33890.2724     31281.0220     28672.2943     26063.8736     23455.9582     20848.3625     18241.2343     15634.4156     13028.0054     10421.8759      7816.0777      5210.5094      2605.1759         0.0000
         -0.4820         0.0000     75671.0204     73059.5707     70448.0494     67836.0477     65224.1372     62611.9274     59999.9305     57387.7673     54775.9200     52164.0371     49552.5399     46941.1148     44330.1490     41719.3434     39109.0415     36498.9753     33889.4335     31280.1794     28671.4618     26063.0623     23455.1789     20847.6298     18240.5566     15633.8061     13027.4725     10421.4305      7815.7313      5210.2717      2605.0539         0.0000
         -0.2410         0.0000     75670.9741     73059.4556     70447.8582     67835.7805     65223.8004     62611.5164     59999.4579     57387.2349     54775.3400     52163.4163     49551.8852     46940.4413     44329.4548     41718.6500     39108.3436     36498.2921     33888.7667     31279.5421     28670.8501     26062.4880     23454.6457     20847.1395     18240.1149     15633.4152     13027.1400     10421.1591      7815.5236      5210.1310      2604.9826         0.0000
          0.0000         0.0000     75670.9608     73059.4044     70447.7781     67835.6677     65223.6577     62611.3355     59999.2373     57386.9788     54775.0476     52163.0877     49551.5340     46940.0634     44329.0670     41718.2449     39107.9400     36497.8803     33888.3577     31279.1427     28670.4640     26062.1188     23454.2991     20846.8206     18239.8278     15633.1665     13026.9304     10420.9915      7815.3993      5210.0490      2604.9425         0.0000
          0.2410         0.0000     75670.9940     73059.4940     70447.9199     67835.8696     65223.9089     62611.6424     59999.5891     57387.3806     54775.4838     52163.5532     49552.0196     46940.5645     44329.5751     41718.7522     39108.4394     36498.3688     33888.8319     31279.5886     28670.8852     26062.5108     23454.6560     20847.1413     18240.1117     15633.4084     13027.1309     10421.1509      7815.5168      5210.1255      2604.9799         0.0000
          0.4820         0.0000     75671.0072     73059.5132     70447.9631     67835.9290     65224.0002     62611.7630     59999.7414     57387.5614     54775.7043     52163.8088     49552.3231     46940.9053     44329.9474     41719.1610     39108.8738     36498.8253     33889.3031     31280.0728     28671.3716     26062.9916     23455.1235     20847.5860     18240.5247     15633.7842     13027.4588     10421.4232      7815.7286      5210.2703      2605.0536         0.0000
          0.7230         0.0000     75671.0734     73059.6922     70448.2529     67836.3328     65224.5083     62612.3767     60000.4556     57388.3699     54776.5910     52164.7628     49553.3333     46941.9526     44331.0255     41720.2522     39109.9651     36499.9075     33890.3642     31281.1013     28672.3544     26063.9192     23455.9869     20848.3771     18241.2359     15634.4074     13027.9906     10421.8550      7816.0565      5210.4921      2605.1654         0.0000
          0.9640         0.0000     75671.1132     73059.7626     70448.3824     67836.5228     65224.7766     62612.7165     60000.8809     57388.8772     54777.1759     52165.4293     49554.0661     46942.7535     44331.8826     41721.1573     39110.9128     36500.8812     33891.3513     31282.0917     28673.3348     26064.8764     23456.9058     20849.2430     18242.0349     15635.1264     13028.6147     10422.3734      7816.4575      5210.7658      2605.3052         0.0000
          1.2050         0.0000     75671.1529     73059.8585     70448.5489     67836.7722     65225.1306     62613.1823     60001.4533     57389.5653     54777.9812     52166.3377     49555.0720     46943.8501     44333.0579     41722.3910     39112.1958     36502.1935     33892.6793     31283.4131     28674.6338     26066.1392     23458.1118     20850.3769     18243.0796     15636.0627     13029.4292     10423.0522      7816.9843      5211.1284      2605.4913         0.0000
          1.4460         0.0000     75671.2059     73059.9672     70448.7339     67837.0513     65225.4960     62613.6427     60002.0257     57390.2333     54778.7482     52167.2004     49556.0217     46944.8811     44334.1556     41723.5554     39113.4071     36503.4420     33893.9452     31284.6855     28675.8927     26067.3565     23459.2791     20851.4690     18244.0814     15636.9582     13030.1992     10423.6864      7817.4702      5211.4573      2605.6571         0.0000
         -1.5665        -0.2087     75671.2722     73060.1271     70448.9991     67837.4372     65226.0041     62614.2839     60002.7820     57391.1123     54779.7358     52168.3006     49557.2098     46946.1545     44335.4977     41724.9425     39114.8237     36504.8726     33895.3743     31286.0893     28677.2546     26068.6674     23460.5141     20852.6178     18245.1231     15637.8825     13030.9945     10424.3389      7817.9698      5211.7967      2605.8291         0.0000
         -1.3255        -0.2087     75671.2059     73059.9609     70448.7154     67837.0394     65225.4789     62613.6317     60002.0100     57390.2182     54778.7290     52167.1822     49556.0000     46944.8647     44334.1401     41723.5298     39113.3831     36503.4132     33893.9097     31284.6417     28675.8426     26067.3086     23459.2216     20851.4143     18244.0239     15636.9035     13030.1514     10423.6445      7817.4374      5211.4345      2605.6457         0.0000
         -1.0845        -0.2087     75671.1662     73059.8969     70448.5983     67836.8375     65225.1991     62613.2591     60001.5321     57389.6406     54778.0387     52166.3924     49555.1111     46943.8789     44333.0695     41722.3910     39112.1821     36502.1711     33892.6497     31283.3748     28674.5912     26066.0890     23458.0606     20850.3240     18243.0222     15636.0080     13029.3756     10423.0030      7816.9427      5211.0974      2605.4738         0.0000
         -0.8435        -0.2087     75671.0933     73059.7050     70448.2899     67836.3981     65224.6282     62612.5576     60000.7076     57388.6914     54776.9889     52165.2467     49553.8840     46942.5769     44331.7120     41720.9967     39110.7588     36500.7344     33891.2179     31281.9658     28673.2195     26064.7693     23456.8094     20849.1555     18241.9568     15635.0580     13028.5544     10422.3260      7816.4213      5210.7412      2605.2930         0.0000
         -0.6025        -0.2087     75671.0602     73059.6475     70448.1727     67836.2259     65224.3713     62612.2123     60000.2665     57388.1590     54776.3610     52164.5209     49553.0732     46941.6980     44330.7695     41720.0003     39109.7291     36499.6808     33890.1508     31280.9044     28672.1789     26063.7619     23455.8495     20848.2586     18241.1354     15634.3240     13027.9212     10421.8022      7816.0169      5210.4657      2605.1525         0.0000
         -0.3615        -0.2087     75670.9940     73059.4876     70447.9199     67835.8755     65223.9374     62611.6917     59999.6732     57387.5011     54775.6467     52163.7586     49552.2710     46940.8560     44329.9047     41719.1208     39108.8294     36498.7806     33889.2616     31280.0263     28671.3214     26062.9392     23455.0702     20847.5314     18240.4720     15633.7336     13027.4144     10421.3859      7815.6992      5210.2516      2605.0441         0.0000
         -0.1205        -0.2087     75670.9940     73059.4684     70447.8952     67835.8280     65223.8575     62611.5712     59999.5051     57387.2851     54775.3783     52163.4345     49551.8982     46940.4289     44329.4354     41718.6135     39108.3026     36498.2379     33888.7133     31279.4792     28670.7899     26062.4287     23454.5903     20847.0903     18240.0734     15633.3824     13027.1161     10421.1427      7815.5148      5210.1264      2604.9817         0.0000
          0.1205        -0.2087     75671.0006     73059.4940     70447.9261     67835.8755     65223.9146     62611.6479     59999.5944     57387.3856     54775.4886     52163.5624     49552.0282     46940.5768     44329.5789     41718.7559     39108.4462     36498.3751     33888.8348     31279.5941     28670.8902     26062.5176     23454.6642     20847.1504     18240.1212     15633.4179     13027.1411     10421.1600      7815.5236      5210.1314      2604.9833         0.0000
          0.3615        -0.2087     75671.0138     73059.5260     70447.9939     67835.9646     65224.0459     62611.8178     59999.8044     57387.6317     54775.7714     52163.8819     49552.3881     46940.9587     44329.9978     41719.1974     39108.8944     36498.8380     33889.3031     31280.0646     28671.3490     26062.9597     23455.0846     20847.5441     18240.4816     15633.7405     13027.4178     10421.3886      7815.6999      5210.2507      2605.0441         0.0000
          0.6025        -0.2087     75671.0536     73059.6155     70448.1234     67836.1606     65224.3142     62612.1466     60000.2088     57388.1088     54776.3178     52164.4889     49553.0471     46941.6733     44330.7502     41719.9858     39109.7120     36499.6713     33890.1479     31280.9044     28672.1764     26063.7642     23455.8536     20848.2623     18241.1402     15634.3295     13027.9280     10421.8094      7816.0250      5210.4720      2605.1563         0.0000
          0.8435        -0.2087     75671.1066     73059.7562     70448.3701     67836.5168     65224.7652     62612.7001     60000.8599     57388.8471     54777.1423     52165.3927     49554.0140     46942.7001     44331.8206     41721.0953     39110.8444     36500.8078     33891.2772     31282.0151     28673.2596     26064.7989     23456.8299     20849.1700     18241.9679     15635.0635     13028.5601     10422.3287      7816.4234      5210.7430      2605.2934         0.0000
          1.0845        -0.2087     75671.1132     73059.7562     70448.3824     67836.5525     65224.8566     62612.8700     60001.1067     57389.1836     54777.5833     52165.9314     49554.6644     46943.4517     44332.6622     41722.0223     39111.8434     36501.8710     33892.3829     31283.1478     28674.3956     26065.9272     23457.9293     20850.2183     18242.9424     15635.9479     13029.3335     10422.9738      7816.9249      5211.0874      2605.4701         0.0000
          1.3255        -0.2087     75671.1728     73059.8969     70448.6106     67836.8969     65225.3133     62613.4399     60001.7999     57389.9872     54778.4941     52166.9402     49555.7572     46944.6182     44333.9034     41723.3035     39113.1607     36503.1993     33893.7169     31284.4638     28675.6796     26067.1627     23459.0965     20851.3049     18243.9362     15636.8324     13030.0956     10423.6035      7817.4101      5211.4186      2605.6387         0.0000
          1.5665        -0.2087     75671.2391     73060.0504     70448.8696     67837.2650     65225.7986     62614.0537     60002.5404     57390.8611     54779.4817     52168.0404     49556.9627     46945.9080     44335.2688     41724.7272     39114.6252     36504.6937     33895.2142     31285.9442     28677.1292     26068.5579     23460.4218     20852.5393     18245.0609     15637.8333     13030.9591     10424.3125      7817.9541      5211.7872      2605.8255         0.0000
         -1.4460        -0.4174     75671.2788     73060.1399     70449.0114     67837.4491     65226.0155     62614.2948     60002.7925     57391.1173     54779.7453     52168.2961     49557.2055     46946.1422     44335.4822     41724.9243     39114.7997     36504.8470     33895.3446     31286.0564     28677.2245     26068.6354     23460.4834     20852.5886     18245.0992     15637.8606     13030.9762     10424.3243      7817.9596      5211.7903      2605.8261         0.0000
         -1.2050        -0.4174     75671.2059     73059.9672     70448.7401     67837.0572     65225.5017     62613.6591     60002.0310     57390.2333     54778.7530     52167.2004     49556.0173     46944.8688     44334.1362     41723.5262     39113.3694     36503.3941     33893.8889     31284.6198     28675.8225     26067.2881     23459.2052     20851.3997     18244.0160     15636.8967     13030.1457     10423.6399      7817.4354      5211.4327      2605.6448         0.0000
         -0.9640        -0.4174     75671.1596     73059.8777     70448.5674     67836.8078     65225.1477     62613.1988     60001.4638     57389.5603     54777.9572     52166.3103     49555.0243     46943.7926     44332.9919     41722.3216     39112.1171     36502.1073     33892.5874     31283.3201     28674.5410     26066.0389     23458.0134     20850.2803     18242.9839     15635.9752     13029.3494     10422.9838      7816.9290      5211.0887      2605.4706         0.0000
         -0.7230        -0.4174     75671.1198     73059.8010     70448.4379     67836.6000     65224.8794     62612.8426     60001.0227     57389.0228     54777.3340     52165.5890     49554.2178     46942.9014     44332.0184     41721.2778     39111.0189     36500.9675     33891.4225     31282.1437     28673.3724     26064.8969     23456.9140     20849.2430     18242.0253     15635.1099     13028.5965     10422.3561      7816.4418      5210.7540      2605.2982         0.0000
         -0.4820        -0.4174     75671.0469     73059.6155     70448.1234     67836.1606     65224.3085     62612.1411     60000.2035     57388.0937     54776.3082     52164.4798     49553.0341     46941.6651     44330.7424     41719.9785     39109.7086     36499.6681     33890.1419     31280.8934     28672.1714     26063.7574     23455.8475     20848.2568     18241.1338     15634.3254     13027.9246     10421.8067      7816.0216      5210.4702      2605.1554         0.0000
         -0.2410        -0.4174     75671.0138     73059.5387     70448.0001     67835.9765     65224.0573     62611.8342     59999.8359     57387.6718     54775.8241     52163.9366     49552.4445     46941.0285     44330.0676     41719.2704     39108.9696     36498.9083     33889.3743     31280.1302     28671.4142     26063.0258     23455.1481     20847.6043     18240.5358     15633.7910     13027.4645     10421.4287      7815.7320      5210.2739      2605.0559         0.0000
          0.0000        -0.4174     75671.0072     73059.5132     70447.9569     67835.9052     65223.9602     62611.7082     59999.6732     57387.4810     54775.6084     52163.6993     49552.1930     46940.7616     44329.7961     41718.9967     39108.7062     36498.6529     33889.1283     31279.9004     28671.2036     26062.8298     23454.9738     20847.4493     18240.4051     15633.6803     13027.3757     10421.3604      7815.6821      5210.2425      2605.0411         0.0000
          0.2410        -0.4174     75671.0138     73059.5387     70448.0062     67835.9884     65224.0573     62611.8287     59999.8202     57387.6417     54775.7905     52163.8910     49552.3968     46940.9751     44330.0094     41719.2157     39108.9217     36498.8636     33889.3387     31280.1001     28671.3916     26063.0076     23455.1317     20847.5897     18240.5247     15633.7801     13027.4531     10421.4177      7815.7231      5210.2667      2605.0518         0.0000
          0.4820        -0.4174     75671.0602     73059.6411     70448.1666     67836.2140     65224.3713     62612.2233     60000.2875     57388.1891     54776.4041     52164.5757     49553.1382     46941.7678     44330.8394     41720.0697     39109.7941     36499.7447     33890.2131     31280.9563     28672.2266     26063.8052     23455.8885     20848.2951     18241.1657     15634.3500     13027.9451     10421.8213      7816.0319      5210.4757      2605.1575         0.0000
          0.7230        -0.4174     75671.0933     73059.7050     70448.2838     67836.3981     65224.6225     62612.5521     60000.6919     57388.6763     54776.9745     52165.2239     49553.8579     46942.5522     44331.6848     41720.9675     39110.7281     36500.7025     33891.1823     31281.9275     28673.1844     26064.7351     23456.7765     20849.1299     18241.9328     15635.0389     13028.5419     10422.3160      7816.4152      5210.7385      2605.2914         0.0000
          0.9640        -0.4174     75671.1463     73059.8457     70448.5119     67836.7306     65225.0678     62613.1056     60001.3641     57389.4598     54777.8614     52166.2098     49554.9333     46943.7064     44332.9066     41722.2413     39112.0453     36502.0530     33892.5400     31283.2846     28674.5134     26066.0252     23458.0093     20850.2803     18242.9919     15635.9834     13029.3574     10422.9911      7816.9338      5211.0919      2605.4717         0.0000
          1.2050        -0.4174     75671.1728     73059.8777     70448.5921     67836.8553     65225.2505     62613.3687     60001.7054     57389.8917     54778.3791     52166.8215     49555.6357     46944.4868     44333.7677     41723.1721     39113.0307     36503.0812     33893.6013     31284.3544     28675.5843     26067.0761     23459.0268     20851.2447     18243.8883     15636.7955     13030.0705     10423.5871      7817.4005      5211.4140      2605.6380         0.0000
          1.4460        -0.4174     75671.2722     73060.1271     70448.9929     67837.4254     65225.9870     62614.2565     60002.7557     57391.0771     54779.6974     52168.2550     49557.1621     46946.0970     44335.4356     41724.8805     39114.7655     36504.8119     33895.3150     31286.0345     28677.2070     26068.6195     23460.4731     20852.5831     18245.0960     15637.8620     13030.9808     10424.3289      7817.9644      5211.7940      2605.8284         0.0000
         -1.3255        -0.6261     75671.2722     73060.1335     70448.9991     67837.4372     65226.0098     62614.2894     60002.7872     57391.1123     54779.7358     52168.2961     49557.2055     46946.1422     44335.4822     41724.9279     39114.8066     36504.8502     33895.3476     31286.0592     28677.2295     26068.6400     23460.4875     20852.5940     18245.1040     15637.8647     13030.9819     10424.3289      7817.9644      5211.7935      2605.8280         0.0000
         -1.0845        -0.6261     75671.1861     73059.9161     70448.6414     67836.9266     65225.3418     62613.4783     60001.8262     57390.0173     54778.5181     52166.9539     49555.7658     46944.6182     44333.8918     41723.2889     39113.1402     36503.1801     33893.6932     31284.4392     28675.6570     26067.1376     23459.0801     20851.2921     18243.9250     15636.8256     13030.0910     10423.6026      7817.4101      5211.4195      2605.6398         0.0000
         -0.8435        -0.6261     75671.1463     73059.8265     70448.4934     67836.7069     65225.0335     62613.0672     60001.3273     57389.4196     54777.8230     52166.1779     49554.9073     46943.6817     44332.8911     41722.2340     39112.0384     36502.0434     33892.5371     31283.2763     28674.5059     26066.0138     23457.9949     20850.2657     18242.9759     15635.9657     13029.3437     10422.9784      7816.9249      5211.0851      2605.4683         0.0000
         -0.6025        -0.6261     75671.0734     73059.6667     70448.2159     67836.3031     65224.5026     62612.4041     60000.5396     57388.5106     54776.7924     52165.0321     49553.6628     46942.3592     44331.4987     41720.7923     39110.5638     36500.5556     33891.0579     31281.8236     28673.0966     26064.6667     23456.7253     20849.0917     18241.9121     15635.0266     13028.5384     10422.3187      7816.4206      5210.7444      2605.2955         0.0000
         -0.3615        -0.6261     75671.0602     73059.6411     70448.1666     67836.2259     65224.3713     62612.2178     60000.2875     57388.1841     54776.3897     52164.5574     49553.1122     46941.7390     44330.8122     41720.0441     39109.7667     36499.7223     33890.1923     31280.9399     28672.2140     26063.7961     23455.8844     20848.2951     18241.1705     15634.3582     13027.9553     10421.8350      7816.0469      5210.4884      2605.1657         0.0000
         -0.1205        -0.6261     75671.0469     73059.6091     70448.1172     67836.1546     65224.2914     62612.1247     60000.1720     57388.0636     54776.2603     52164.4205     49552.9778     46941.5994     44330.6765     41719.9055     39109.6333     36499.5946     33890.0708     31280.8250     28672.1037     26063.6935     23455.7880     20848.2021     18241.0860     15634.2817     13027.8881     10421.7767      7815.9991      5210.4547      2605.1474         0.0000
          0.1205        -0.6261     75671.0668     73059.6539     70448.1912     67836.2496     65224.4170     62612.2671     60000.3348     57388.2343     54776.4377     52164.6031     49553.1555     46941.7678     44330.8316     41720.0514     39109.7667     36499.7096     33890.1716     31280.9126     28672.1764     26063.7551     23455.8393     20848.2440     18241.1211     15634.3076     13027.9086     10421.7930      7816.0114      5210.4629      2605.1518         0.0000
          0.3615        -0.6261     75671.0469     73059.6027     70448.1049     67836.1368     65224.2742     62612.1027     60000.1615     57388.0535     54776.2651     52164.4296     49552.9951     46941.6282     44330.7075     41719.9456     39109.6812     36499.6425     33890.1242     31280.8825     28672.1664     26063.7574     23455.8536     20848.2714     18241.1562     15634.3500     13027.9530     10421.8350      7816.0483      5210.4912      2605.1673         0.0000
          0.6025        -0.6261     75671.1132     73059.7690     70448.3824     67836.5228     65224.7709     62612.7110     60000.8704     57388.8521     54777.1423     52165.3836     49554.0097     46942.6919     44331.8128     41721.0843     39110.8307     36500.7950     33891.2624     31281.9987     28673.2395     26064.7807     23456.8094     20849.1500     18241.9456     15635.0430     13028.5407     10422.3123      7816.4097      5210.7335      2605.2886         0.0000
          0.8435        -0.6261     75671.1331     73059.8138     70448.4688     67836.6772     65225.0050     62613.0398     60001.2958     57389.3794     54777.7894     52166.1368     49554.8682     46943.6489     44332.8562     41722.1975     39112.0076     36502.0147     33892.5104     31283.2545     28674.4883     26066.0001     23457.9847     20850.2602     18242.9711     15635.9684     13029.3460     10422.9811      7816.9283      5211.0883      2605.4699         0.0000
          1.0845        -0.6261     75671.2059     73059.9736     70448.7401     67837.0631     65225.5074     62613.6591     60002.0257     57390.2232     54778.7242     52167.1685     49555.9783     46944.8195     44334.0857     41723.4714     39113.3112     36503.3398     33893.8355     31284.5651     28675.7698     26067.2357     23459.1601     20851.3560     18243.9729     15636.8625     13030.1172     10423.6180      7817.4197      5211.4236      2605.6407         0.0000
          1.3255        -0.6261     75671.2655     73060.1016     70448.9498     67837.3778     65225.9356     62614.2017     60002.6979     57391.0219     54779.6447     52168.2002     49557.1101     46946.0518     44335.3930     41724.8440     39114.7279     36504.7800     33895.2853     31286.0072     28677.1819     26068.5990     23460.4546     20852.5685     18245.0848     15637.8524     13030.9740     10424.3253      7817.9623      5211.7935      2605.8284         0.0000
         -1.2050        -0.8348     75671.2655     73060.1080     70448.9621     67837.3897     65225.9584     62614.2291     60002.7295     57391.0570     54779.6782     52168.2367     49557.1578     46946.0970     44335.4473     41724.8951     39114.7792     36504.8311     33895.3357     31286.0509     28677.2245     26068.6377     23460.4895     20852.5977     18245.1088     15637.8702     13030.9865     10424.3335      7817.9685      5211.7967      2605.8296         0.0000
         -0.9640        -0.8348     75671.2059     73059.9736     70448.7401     67837.0572     65225.4960     62613.6372     60002.0100     57390.2031     54778.7051     52167.1457     49555.9566     46944.8072     44334.0741     41723.4641     39113.3044     36503.3334     33893.8326     31284.5651     28675.7724     26067.2425     23459.1683     20851.3705     18243.9904     15636.8803     13030.1354     10423.6354      7817.4326      5211.4336      2605.6455         0.0000
         -0.7230        -0.8348     75671.1529     73059.8457     70448.5119     67836.7306     65225.0621     62613.1001     60001.3536     57389.4397     54777.8278     52166.1642     49554.8769     46943.6407     44332.8329     41722.1610     39111.9563     36501.9540     33892.4452     31283.1888     28674.4206     26065.9340     23457.9231     20850.2037     18242.9249     15635.9274     13029.3152     10422.9583      7816.9126      5211.0805      2605.4669         0.0000
         -0.4820        -0.8348     75671.0933     73059.7114     70448.2961     67836.4100     65224.6453     62612.5795     60000.7286     57388.7215     54777.0225     52165.2741     49553.9186     46942.6097     44331.7547     41721.0369     39110.8067     36500.7887     33891.2742     31282.0260     28673.2797     26064.8286     23456.8688     20849.2120     18242.0110     15635.1058     13028.5999     10422.3652      7816.4534      5210.7653      2605.3059         0.0000
         -0.2410        -0.8348     75671.0801     73059.6922     70448.2529     67836.3565     65224.5768     62612.4809     60000.6184     57388.5909     54776.8691     52165.1097     49553.7322     46942.4208     44331.5491     41720.8288     39110.5912     36500.5747     33891.0608     31281.8181     28673.0866     26064.6531     23456.7089     20849.0752     18241.8930     15635.0088     13028.5236     10422.3060      7816.4117      5210.7385      2605.2930         0.0000
          0.0000        -0.8348     75671.0999     73059.7114     70448.2961     67836.4100     65224.6396     62612.5631     60000.7076     57388.6863     54776.9841     52165.2284     49553.8579     46942.5440     44331.6810     41720.9566     39110.7178     36500.6929     33891.1735     31281.9193     28673.1769     26064.7305     23456.7724     20849.1245     18241.9328     15635.0389     13028.5441     10422.3205      7816.4206      5210.7435      2605.2948         0.0000
          0.2410        -0.8348     75671.0999     73059.7242     70448.3146     67836.4337     65224.6682     62612.6014     60000.7444     57388.7265     54777.0177     52165.2604     49553.8883     46942.5728     44331.6965     41720.9712     39110.7281     36500.6993     33891.1735     31281.9193     28673.1718     26064.7214     23456.7622     20849.1154     18241.9185     15635.0252     13028.5305     10422.3069      7816.4076      5210.7335      2605.2895         0.0000
          0.4820        -0.8348     75671.1132     73059.7626     70448.3701     67836.5168     65224.7595     62612.6946     60000.8494     57388.8420     54777.1375     52165.3836     49554.0227     46942.7165     44331.8477     41721.1245     39110.8854     36500.8557     33891.3335     31282.0753     28673.3248     26064.8673     23456.9017     20849.2430     18242.0365     15635.1291     13028.6204     10422.3816      7816.4664      5210.7749      2605.3112         0.0000
          0.7230        -0.8348     75671.1463     73059.8265     70448.4934     67836.6950     65225.0164     62613.0508     60001.2958     57389.3794     54777.7703     52166.1094     49554.8335     46943.5996     44332.8019     41722.1391     39111.9392     36501.9476     33892.4422     31283.1888     28674.4256     26065.9431     23457.9334     20850.2146     18242.9313     15635.9329     13029.3187     10422.9592      7816.9119      5211.0787      2605.4651         0.0000
          0.9640        -0.8348     75671.2059     73059.9736     70448.7339     67837.0513     65225.5017     62613.6536     60002.0205     57390.2283     54778.7338     52167.1822     49556.0000     46944.8524     44334.1284     41723.5225     39113.3626     36503.3909     33893.8889     31284.6198     28675.8225     26067.2835     23459.2032     20851.3942     18244.0080     15636.8871     13030.1389     10423.6335      7817.4285      5211.4290      2605.6430         0.0000
          1.2050        -0.8348     75671.2655     73060.1016     70448.9374     67837.3482     65225.9070     62614.1688     60002.6612     57390.9867     54779.6111     52168.1683     49557.0884     46946.0313     44335.3852     41724.8403     39114.7313     36504.7895     33895.3031     31286.0318     28677.2095     26068.6309     23460.4854     20852.5959     18245.1088     15637.8729     13030.9876     10424.3335      7817.9664      5211.7940      2605.8275         0.0000
         -1.0845        -1.0436     75671.2589     73060.0888     70448.9374     67837.3482     65225.9070     62614.1688     60002.6664     57390.9917     54779.6207     52168.1865     49557.1058     46946.0559     44335.4124     41724.8659     39114.7587     36504.8215     33895.3328     31286.0537     28677.2295     26068.6468     23460.4998     20852.6086     18245.1183     15637.8797     13030.9933     10424.3380      7817.9698      5211.7972      2605.8296         0.0000
         -0.8435        -1.0436     75671.1794     73059.9161     70448.6538     67836.9444     65225.3647     62613.4892     60001.8524     57390.0324     54778.5325     52166.9722     49555.7832     46944.6347     44333.8996     41723.2926     39113.1367     36503.1706     33893.6754     31284.4201     28675.6344     26067.1126     23459.0493     20851.2593     18243.8931     15636.7941     13030.0659     10423.5789      7817.3923      5211.4067      2605.6334         0.0000
         -0.6025        -1.0436     75671.1198     73059.7626     70448.3886     67836.5703     65224.8737     62612.8864     60001.1382     57389.2237     54777.6217     52165.9862     49554.7251     46943.5174     44332.7437     41722.1099     39111.9392     36501.9764     33892.5015     31283.2681     28674.5285     26066.0640     23458.0647     20850.3532     18243.0716     15636.0709     13029.4451     10423.0695      7817.0021      5211.1425      2605.4993         0.0000
         -0.3615        -1.0436     75671.1331     73059.8138     70448.4626     67836.6653     65224.9879     62613.0124     60001.2590     57389.3393     54777.7319     52166.0775     49554.8032     46943.5791     44332.7786     41722.1209     39111.9289     36501.9381     33892.4363     31283.1861     28674.4256     26065.9454     23457.9354     20850.2201     18242.9392     15635.9424     13029.3266     10422.9674      7816.9201      5211.0846      2605.4690         0.0000
         -0.1205        -1.0436     75671.1529     73059.8521     70448.5181     67836.7365     65225.0792     62613.1111     60001.3693     57389.4598     54777.8661     52166.2098     49554.9289     46943.6982     44332.8988     41722.2304     39112.0316     36502.0307     33892.5163     31283.2572     28674.4858     26065.9933     23457.9765     20850.2493     18242.9600     15635.9547     13029.3346     10422.9711      7816.9201      5211.0828      2605.4669         0.0000
          0.1205        -1.0436     75671.1529     73059.8585     70448.5366     67836.7544     65225.0906     62613.1275     60001.3851     57389.4799     54777.8757     52166.2235     49554.9506     46943.7228     44332.9299     41722.2669     39112.0726     36502.0817     33892.5756     31283.3174     28674.5485     26066.0571     23458.0421     20850.3131     18243.0206     15636.0094     13029.3813     10423.0103      7816.9502      5211.1029      2605.4774         0.0000
          0.3615        -1.0436     75671.1728     73059.9225     70448.6414     67836.9087     65225.2790     62613.3467     60001.6371     57389.7411     54778.1490     52166.5020     49555.2238     46943.9857     44333.1781     41722.4968     39112.2814     36502.2637     33892.7357     31283.4515     28674.6564     26066.1460     23458.1077     20850.3623     18243.0541     15636.0313     13029.3938     10423.0166      7816.9522      5211.1024      2605.4758         0.0000
          0.6025        -1.0436     75671.1662     73059.8969     70448.5983     67836.8375     65225.1991     62613.2645     60001.5374     57389.6507     54778.0627     52166.4244     49555.1501     46943.9282     44333.1316     41722.4713     39112.2677     36502.2701     33892.7535     31283.4843     28674.7040     26066.2007     23458.1713     20850.4261     18243.1195     15636.0942     13029.4508     10423.0667      7816.9925      5211.1316      2605.4918         0.0000
          0.8435        -1.0436     75671.2258     73060.0248     70448.8141     67837.1522     65225.6159     62613.7852     60002.1623     57390.3739     54778.8728     52167.3146     49556.1257     46944.9674     44334.2293     41723.6065     39113.4379     36503.4516     33893.9423     31284.6636     28675.8576     26067.3132     23459.2278     20851.4161     18244.0239     15636.9035     13030.1502     10423.6427      7817.4354      5211.4322      2605.6444         0.0000
          1.0845        -1.0436     75671.2655     73060.1016     70448.9559     67837.3778     65225.9299     62614.2017     60002.6927     57391.0168     54779.6399     52168.1956     49557.1101     46946.0559     44335.3968     41724.8513     39114.7381     36504.7991     33895.3090     31286.0291     28677.2070     26068.6263     23460.4813     20852.5922     18245.1040     15637.8702     13030.9853     10424.3326      7817.9664      5211.7944      2605.8284         0.0000
         -0.9640        -1.2523     75671.2722     73060.1271     70448.9991     67837.4372     65226.0098     62614.2894     60002.7925     57391.1223     54779.7597     52168.3189     49557.2359     46946.1833     44335.5249     41724.9754     39114.8579     36504.9109     33895.4128     31286.1303     28677.2922     26068.7038     23460.5490     20852.6506     18245.1550     15637.9071     13031.0173     10424.3553      7817.9828      5211.8045      2605.8327         0.0000
         -0.7230        -1.2523     75671.2059     73059.9800     70448.7524     67837.0750     65225.5245     62613.6810     60002.0573     57390.2634     54778.7626     52167.2096     49556.0173     46944.8647     44334.1245     41723.5079     39113.3386     36503.3622     33893.8504     31284.5760     28675.7774     26067.2402     23459.1622     20851.3596     18243.9809     15636.8693     13030.1263     10423.6290      7817.4306      5211.4336      2605.6466         0.0000
         -0.4820        -1.2523     75671.2059     73059.9736     70448.7339     67837.0513     65225.4903     62613.6317     60001.9995     57390.2031     54778.7099     52167.1457     49555.9610     46944.8154     44334.0819     41723.4714     39113.3147     36503.3430     33893.8444     31284.5760     28675.7799     26067.2471     23459.1724     20851.3724     18243.9904     15636.8762     13030.1320     10423.6308      7817.4285      5211.4300      2605.6437         0.0000
         -0.2410        -1.2523     75671.1861     73059.9289     70448.6723     67836.9681     65225.3875     62613.5276     60001.8892     57390.0826     54778.5804     52167.0315     49555.8482     46944.7086     44333.9849     41723.3838     39113.2360     36503.2759     33893.7851     31284.5295     28675.7423     26067.2197     23459.1498     20851.3560     18243.9777     15636.8693     13030.1275     10423.6299      7817.4285      5211.4313      2605.6448         0.0000
          0.0000        -1.2523     75671.2059     73059.9672     70448.7216     67837.0394     65225.4789     62613.6208     60001.9890     57390.1831     54778.6811     52167.1228     49555.9306     46944.7784     44334.0431     41723.4349     39113.2736     36503.3015     33893.8000     31284.5350     28675.7423     26067.2106     23459.1396     20851.3414     18243.9633     15636.8529     13030.1115     10423.6135      7817.4156      5211.4208      2605.6394         0.0000
          0.2410        -1.2523     75671.2059     73059.9800     70448.7463     67837.0631     65225.5188     62613.6701     60002.0520     57390.2534     54778.7626     52167.2096     49556.0260     46944.8770     44334.1478     41723.5335     39113.3694     36503.3973     33893.8889     31284.6198     28675.8175     26067.2790     23459.1970     20851.3869     18243.9984     15636.8830     13030.1320     10423.6281      7817.4251      5211.4263      2605.6416         0.0000
          0.4820        -1.2523     75671.2192     73060.0056     70448.7894     67837.1166     65225.5702     62613.7249     60002.1045     57390.3086     54778.8153     52167.2644     49556.0694     46944.9140     44334.1788     41723.5554     39113.3865     36503.4005     33893.8889     31284.6089     28675.8024     26067.2585     23459.1724     20851.3651     18243.9777     15636.8598     13030.1138     10423.6135      7817.4142      5211.4190      2605.6380         0.0000
          0.7230        -1.2523     75671.2192     73060.0120     70448.8018     67837.1463     65225.6045     62613.7687     60002.1570     57390.3689     54778.8824     52167.3374     49556.1518     46945.0043     44334.2719     41723.6576     39113.4994     36503.5186     33894.0105     31284.7320     28675.9228     26067.3793     23459.2873     20851.4690     18244.0734     15636.9459     13030.1867     10423.6718      7817.4572      5211.4473      2605.6517         0.0000
          0.9640        -1.2523     75671.2788     73060.1527     70449.0361     67837.4788     65226.0612     62614.3496     60002.8660     57391.1976     54779.8364     52168.4011     49557.3183     46946.2654     44335.6102     41725.0557     39114.9366     36504.9811     33895.4781     31286.1850     28677.3449     26068.7449     23460.5818     20852.6743     18245.1694     15637.9167     13031.0184     10424.3535      7817.9787      5211.7999      2605.8293         0.0000
         -0.6025        -1.4610     75671.2722     73060.1335     70449.0053     67837.4432     65226.0155     62614.2948     60002.7977     57391.1223     54779.7549     52168.3143     49557.2272     46946.1668     44335.5132     41724.9608     39114.8408     36504.8885     33895.3891     31286.1029     28677.2697     26068.6765     23460.5223     20852.6232     18245.1279     15637.8838     13030.9945     10424.3362      7817.9685      5211.7944      2605.8277         0.0000
         -0.3615        -1.4610     75671.2655     73060.1143     70448.9806     67837.4016     65225.9698     62614.2455     60002.7452     57391.0671     54779.6878     52168.2459     49557.1621     46946.1011     44335.4473     41724.8987     39114.7860     36504.8342     33895.3417     31286.0646     28677.2346     26068.6514     23460.5039     20852.6123     18245.1231     15637.8852     13031.0002     10424.3435      7817.9760      5211.8013      2605.8316         0.0000
         -0.1205        -1.4610     75671.2722     73060.1335     70449.0053     67837.4491     65226.0269     62614.3168     60002.8292     57391.1625     54779.7981     52168.3646     49557.2836     46946.2284     44335.5714     41725.0229     39114.9024     36504.9492     33895.4425     31286.1549     28677.3123     26068.7175     23460.5531     20852.6488     18245.1471     15637.8975     13031.0024     10424.3408      7817.9698      5211.7944      2605.8273         0.0000
          0.1205        -1.4610     75671.2589     73060.0824     70448.9189     67837.3363     65225.8899     62614.1524     60002.6507     57390.9766     54779.6015     52168.1637     49557.0884     46946.0354     44335.3930     41724.8513     39114.7450     36504.8087     33895.3209     31286.0482     28677.2245     26068.6446     23460.4977     20852.6050     18245.1167     15637.8797     13030.9922     10424.3362      7817.9698      5211.7967      2605.8291         0.0000
          0.3615        -1.4610     75671.2920     73060.1911     70449.1101     67837.5857     65226.1868     62614.4976     60003.0288     57391.3785     54780.0186     52168.5928     49557.5134     46946.4585     44335.8003     41725.2419     39115.1146     36505.1536     33895.6352     31286.3355     28677.4829     26068.8703     23460.6947     20852.7709     18245.2539     15637.9891     13031.0765     10424.3982      7818.0102      5211.8195      2605.8382         0.0000
          0.6025        -1.4610     75671.3053     73060.2103     70449.1286     67837.6154     65226.2153     62614.5250     60003.0551     57391.4036     54780.0474     52168.6111     49557.5307     46946.4708     44335.8080     41725.2492     39115.1180     36505.1536     33895.6322     31286.3273     28677.4678     26068.8543     23460.6762     20852.7527     18245.2332     15637.9673     13031.0560     10424.3799      7817.9958      5211.8090      2605.8332         0.0000
