    -0.6025    1.4610  751.9754  751.9573  751.9379  751.9123  751.8861  751.8543  751.8224  751.7855  751.7489  751.7077  751.6675  751.6232  751.5804  751.5341  751.4898  751.4426  751.3981  751.3513  751.3076  751.2623  751.2209  751.1783  751.1402  751.1017  751.0681
   751.0347  751.0070  750.9800  750.9595  750.9409   -0.3615    1.4610  751.9753  751.9572  751.9377  751.9119  751.8855  751.8534  751.8213  751.7840  751.7473  751.7058  751.6654  751.6209  751.5780  751.5315  751.4873  751.4401  751.3957  751.3489  751.3056  751.2605
   751.2193  751.1771  751.1393  751.1012  751.0679  751.0349  751.0075  750.9809  750.9608  750.9425   -0.1205    1.4610  751.9753  751.9571  751.9376  751.9118  751.8854  751.8534  751.8213  751.7840  751.7474  751.7059  751.6655  751.6211  751.5781  751.5317  751.4874
   751.4401  751.3957  751.3488  751.3055  751.2604  751.2192  751.1769  751.1392  751.1009  751.0678  751.0347  751.0074  750.9808  750.9606  750.9424    0.1205    1.4610  751.9753  751.9568  751.9372  751.9113  751.8848  751.8527  751.8205  751.7832  751.7464  751.7050
   751.6646  751.6201  751.5772  751.5307  751.4865  751.4391  751.3947  751.3480  751.3045  751.2594  751.2181  751.1758  751.1381  751.0998  751.0666  751.0336  751.0063  750.9798  750.9598  750.9415    0.3615    1.4610  751.9755  751.9576  751.9385  751.9130  751.8871
   751.8553  751.8236  751.7867  751.7501  751.7090  751.6688  751.6244  751.5816  751.5351  751.4907  751.4434  751.3989  751.3519  751.3082  751.2628  751.2214  751.1788  751.1407  751.1021  751.0686  751.0352  751.0076  750.9808  750.9604  750.9418    0.6025    1.4610
   751.9755  751.9576  751.9384  751.9129  751.8869  751.8552  751.8234  751.7865  751.7499  751.7088  751.6684  751.6242  751.5814  751.5349  751.4906  751.4432  751.3987  751.3517  751.3080  751.2626  751.2212  751.1786  751.1405  751.1019  751.0685  751.0351  751.0074
   750.9806  750.9602  750.9417   -0.9640    1.2523  751.9754  751.9573  751.9379  751.9123  751.8861  751.8544  751.8224  751.7855  751.7489  751.7077  751.6675  751.6232  751.5804  751.5341  751.4900  751.4428  751.3983  751.3515  751.3080  751.2628  751.2213  751.1787
   751.1405  751.1019  751.0683  751.0347  751.0068  750.9796  750.9590  750.9402   -0.7230    1.2523  751.9746  751.9553  751.9345  751.9072  751.8792  751.8453  751.8113  751.7719  751.7330  751.6894  751.6467  751.6000  751.5547  751.5059  751.4593  751.4098  751.3631
   751.3141  751.2685  751.2214  751.1782  751.1340  751.0945  751.0546  751.0199  750.9855  750.9571  750.9295  750.9088  750.8902   -0.4820    1.2523  751.9747  751.9556  751.9349  751.9077  751.8798  751.8459  751.8119  751.7726  751.7336  751.6899  751.6471  751.6001
   751.5546  751.5056  751.4587  751.4090  751.3620  751.3127  751.2669  751.2194  751.1760  751.1316  751.0919  751.0518  751.0170  750.9826  750.9541  750.9265  750.9056  750.8870   -0.2410    1.2523  751.9745  751.9551  751.9341  751.9067  751.8784  751.8443  751.8100
   751.7705  751.7313  751.6874  751.6446  751.5975  751.5520  751.5029  751.4560  751.4063  751.3594  751.3101  751.2643  751.2170  751.1737  751.1294  751.0898  751.0499  751.0153  750.9811  750.9529  750.9256  750.9052  750.8870    0.0000    1.2523  751.9746  751.9553
   751.9345  751.9071  751.8791  751.8451  751.8109  751.7715  751.7323  751.6884  751.6455  751.5983  751.5527  751.5035  751.4565  751.4066  751.3595  751.3101  751.2642  751.2167  751.1732  751.1288  751.0892  751.0492  751.0147  750.9804  750.9520  750.9249  750.9044
   750.8861    0.2410    1.2523  751.9745  751.9551  751.9340  751.9065  751.8783  751.8442  751.8099  751.7705  751.7315  751.6876  751.6448  751.5978  751.5525  751.5035  751.4568  751.4073  751.3604  751.3114  751.2658  751.2184  751.1752  751.1310  751.0914  751.0516
   751.0168  750.9825  750.9540  750.9266  750.9058  750.8872    0.4820    1.2523  751.9747  751.9555  751.9348  751.9076  751.8796  751.8457  751.8118  751.7724  751.7334  751.6898  751.6470  751.6000  751.5546  751.5056  751.4589  751.4090  751.3620  751.3128  751.2670
   751.2195  751.1761  751.1317  751.0919  751.0518  751.0170  750.9824  750.9539  750.9262  750.9054  750.8867    0.7230    1.2523  751.9749  751.9561  751.9358  751.9091  751.8816  751.8482  751.8147  751.7758  751.7373  751.6940  751.6517  751.6050  751.5600  751.5113
   751.4648  751.4153  751.3686  751.3195  751.2737  751.2263  751.1829  751.1385  751.0985  751.0583  751.0232  750.9884  750.9595  750.9316  750.9104  750.8913    0.9640    1.2523  751.9755  751.9577  751.9385  751.9131  751.8871  751.8555  751.8239  751.7870  751.7507
   751.7096  751.6695  751.6254  751.5827  751.5364  751.4923  751.4451  751.4006  751.3537  751.3101  751.2648  751.2232  751.1805  751.1423  751.1034  751.0696  751.0359  751.0078  750.9805  750.9598  750.9407   -1.0845    1.0436  751.9757  751.9582  751.9394  751.9143
   751.8886  751.8572  751.8257  751.7890  751.7528  751.7117  751.6717  751.6274  751.5846  751.5382  751.4939  751.4466  751.4019  751.3549  751.3111  751.2656  751.2239  751.1811  751.1428  751.1040  751.0702  751.0365  751.0085  750.9812  750.9605  750.9415   -0.8435
     1.0436  751.9747  751.9556  751.9350  751.9078  751.8800  751.8463  751.8124  751.7732  751.7343  751.6908  751.6481  751.6013  751.5559  751.5071  751.4603  751.4106  751.3636  751.3144  751.2685  751.2211  751.1776  751.1332  751.0933  751.0531  751.0181  750.9835
   750.9548  750.9271  750.9061  750.8872   -0.6025    1.0436  751.9742  751.9545  751.9329  751.9048  751.8756  751.8405  751.8049  751.7640  751.7233  751.6777  751.6329  751.5840  751.5365  751.4854  751.4365  751.3846  751.3355  751.2842  751.2364  751.1871  751.1418
   751.0956  751.0543  751.0128  750.9767  750.9409  750.9113  750.8830  750.8615  750.8425   -0.3615    1.0436  751.9740  751.9538  751.9320  751.9033  751.8738  751.8382  751.8023  751.7609  751.7199  751.6740  751.6290  751.5796  751.5319  751.4806  751.4315  751.3795
   751.3302  751.2789  751.2310  751.1816  751.1364  751.0903  751.0491  751.0078  750.9719  750.9363  750.9071  750.8788  750.8576  750.8387   -0.1205    1.0436  751.9739  751.9535  751.9314  751.9027  751.8729  751.8372  751.8013  751.7598  751.7188  751.6728  751.6279
   751.5787  751.5310  751.4798  751.4309  751.3790  751.3300  751.2789  751.2310  751.1818  751.1367  751.0906  751.0495  751.0080  750.9720  750.9365  750.9070  750.8787  750.8574  750.8383    0.1205    1.0436  751.9741  751.9539  751.9320  751.9034  751.8738  751.8382
   751.8022  751.7608  751.7196  751.6736  751.6284  751.5790  751.5311  751.4796  751.4302  751.3780  751.3285  751.2769  751.2289  751.1793  751.1339  751.0877  751.0464  751.0049  750.9689  750.9335  750.9042  750.8762  750.8552  750.8365    0.3615    1.0436  751.9742
   751.9543  751.9327  751.9045  751.8754  751.8401  751.8046  751.7637  751.7230  751.6773  751.6327  751.5837  751.5361  751.4849  751.4359  751.3839  751.3346  751.2833  751.2352  751.1856  751.1402  751.0939  751.0523  751.0105  750.9743  750.9384  750.9088  750.8803
   750.8587  750.8395    0.6025    1.0436  751.9740  751.9537  751.9318  751.9031  751.8736  751.8380  751.8021  751.7610  751.7201  751.6744  751.6297  751.5808  751.5335  751.4827  751.4340  751.3825  751.3338  751.2828  751.2354  751.1863  751.1414  751.0956  751.0546
   751.0132  750.9772  750.9418  750.9123  750.8840  750.8627  750.8436    0.8435    1.0436  751.9746  751.9553  751.9346  751.9073  751.8792  751.8453  751.8113  751.7720  751.7331  751.6894  751.6467  751.5998  751.5545  751.5055  751.4589  751.4091  751.3623  751.3130
   751.2673  751.2199  751.1764  751.1320  751.0923  751.0522  751.0174  750.9829  750.9543  750.9266  750.9058  750.8870    1.0845    1.0436  751.9753  751.9572  751.9377  751.9119  751.8856  751.8537  751.8217  751.7845  751.7479  751.7067  751.6664  751.6221  751.5793
   751.5330  751.4888  751.4417  751.3973  751.3507  751.3072  751.2622  751.2209  751.1786  751.1406  751.1022  751.0688  751.0356  751.0079  750.9810  750.9605  750.9419   -1.2050    0.8348  751.9753  751.9571  751.9376  751.9119  751.8856  751.8538  751.8219  751.7848
   751.7483  751.7071  751.6669  751.6227  751.5798  751.5336  751.4893  751.4422  751.3977  751.3509  751.3074  751.2620  751.2206  751.1782  751.1402  751.1016  751.0681  751.0347  751.0070  750.9801  750.9597  750.9411   -0.9640    0.8348  751.9748  751.9561  751.9358
   751.9091  751.8814  751.8479  751.8142  751.7753  751.7366  751.6931  751.6507  751.6039  751.5587  751.5100  751.4633  751.4136  751.3668  751.3176  751.2718  751.2243  751.1808  751.1362  751.0962  751.0558  751.0206  750.9857  750.9567  750.9287  750.9072  750.8880
    -0.7230    0.8348  751.9742  751.9545  751.9329  751.9045  751.8753  751.8400  751.8044  751.7632  751.7223  751.6766  751.6316  751.5824  751.5346  751.4833  751.4340  751.3818  751.3323  751.2806  751.2325  751.1827  751.1372  751.0907  751.0491  751.0073  750.9710
   750.9352  750.9056  750.8771  750.8557  750.8366   -0.4820    0.8348  751.9736  751.9529  751.9302  751.9006  751.8699  751.8329  751.7955  751.7527  751.7099  751.6623  751.6154  751.5643  751.5146  751.4614  751.4103  751.3563  751.3050  751.2516  751.2017  751.1503
   751.1029  751.0549  751.0117  750.9683  750.9305  750.8934  750.8623  750.8328  750.8103  750.7906   -0.2410    0.8348  751.9736  751.9530  751.9303  751.9008  751.8702  751.8332  751.7959  751.7528  751.7099  751.6620  751.6148  751.5634  751.5134  751.4597  751.4081
   751.3536  751.3019  751.2480  751.1977  751.1459  751.0982  751.0499  751.0063  750.9629  750.9249  750.8876  750.8565  750.8269  750.8044  750.7845    0.0000    0.8348  751.9736  751.9528  751.9301  751.9004  751.8698  751.8329  751.7955  751.7526  751.7099  751.6621
   751.6150  751.5637  751.5138  751.4602  751.4088  751.3544  751.3026  751.2488  751.1984  751.1465  751.0988  751.0505  751.0069  750.9632  750.9252  750.8878  750.8567  750.8270  750.8045  750.7847    0.2410    0.8348  751.9732  751.9520  751.9287  751.8985  751.8673
   751.8299  751.7922  751.7489  751.7058  751.6578  751.6107  751.5593  751.5096  751.4560  751.4048  751.3507  751.2994  751.2459  751.1961  751.1446  751.0975  751.0494  751.0063  750.9629  750.9252  750.8880  750.8570  750.8273  750.8049  750.7850    0.4820    0.8348
   751.9733  751.9521  751.9289  751.8989  751.8679  751.8306  751.7930  751.7500  751.7071  751.6594  751.6124  751.5614  751.5118  751.4586  751.4075  751.3537  751.3027  751.2495  751.1998  751.1486  751.1016  751.0537  751.0109  750.9677  750.9302  750.8933  750.8625
   750.8332  750.8111  750.7916    0.7230    0.8348  751.9742  751.9541  751.9324  751.9039  751.8747  751.8394  751.8037  751.7627  751.7220  751.6765  751.6317  751.5827  751.5353  751.4843  751.4353  751.3835  751.3344  751.2831  751.2351  751.1855  751.1400  751.0935
   751.0520  751.0099  750.9734  750.9372  750.9071  750.8781  750.8561  750.8364    0.9640    0.8348  751.9745  751.9551  751.9341  751.9067  751.8785  751.8445  751.8103  751.7708  751.7318  751.6881  751.6453  751.5985  751.5531  751.5043  751.4576  751.4081  751.3613
   751.3122  751.2664  751.2192  751.1758  751.1314  751.0918  751.0517  751.0170  750.9824  750.9539  750.9262  750.9055  750.8869    1.2050    0.8348  751.9752  751.9566  751.9368  751.9108  751.8843  751.8521  751.8199  751.7827  751.7460  751.7047  751.6644  751.6201
   751.5773  751.5310  751.4869  751.4399  751.3956  751.3490  751.3057  751.2607  751.2195  751.1772  751.1393  751.1010  751.0677  751.0344  751.0069  750.9801  750.9597  750.9412   -1.3255    0.6261  751.9751  751.9563  751.9363  751.9101  751.8833  751.8509  751.8185
   751.7811  751.7441  751.7026  751.6622  751.6177  751.5749  751.5287  751.4846  751.4376  751.3934  751.3469  751.3038  751.2589  751.2179  751.1760  751.1385  751.1003  751.0673  751.0343  751.0071  750.9805  750.9604  750.9421   -1.0845    0.6261  751.9748  751.9559
   751.9355  751.9086  751.8810  751.8473  751.8135  751.7743  751.7355  751.6920  751.6493  751.6024  751.5571  751.5082  751.4614  751.4117  751.3647  751.3155  751.2696  751.2222  751.1787  751.1343  751.0945  751.0543  751.0195  750.9848  750.9561  750.9283  750.9073
   750.8883   -0.8435    0.6261  751.9741  751.9541  751.9324  751.9038  751.8744  751.8389  751.8031  751.7618  751.7209  751.6749  751.6300  751.5806  751.5329  751.4815  751.4322  751.3802  751.3308  751.2792  751.2312  751.1816  751.1361  751.0897  751.0481  751.0063
   750.9700  750.9341  750.9044  750.8760  750.8545  750.8355   -0.6025    0.6261  751.9734  751.9524  751.9293  751.8995  751.8684  751.8313  751.7938  751.7506  751.7076  751.6598  751.6127  751.5614  751.5114  751.4579  751.4066  751.3523  751.3009  751.2473  751.1972
   751.1456  751.0982  751.0501  751.0068  750.9635  750.9256  750.8885  750.8576  750.8281  750.8059  750.7861   -0.3615    0.6261  751.9728  751.9508  751.9267  751.8956  751.8632  751.8246  751.7854  751.7405  751.6959  751.6462  751.5973  751.5442  751.4925  751.4372
   751.3841  751.3281  751.2750  751.2198  751.1681  751.1150  751.0662  751.0168  750.9723  750.9279  750.8893  750.8516  750.8202  750.7906  750.7682  750.7486   -0.1205    0.6261  751.9732  751.9518  751.9283  751.8979  751.8660  751.8280  751.7894  751.7449  751.7007
   751.6513  751.6027  751.5497  751.4980  751.4426  751.3894  751.3332  751.2798  751.2242  751.1721  751.1187  751.0694  751.0195  750.9745  750.9295  750.8903  750.8517  750.8196  750.7891  750.7659  750.7454    0.1205    0.6261  751.9730  751.9515  751.9278  751.8971
   751.8650  751.8267  751.7878  751.7432  751.6986  751.6491  751.6002  751.5472  751.4954  751.4401  751.3868  751.3307  751.2775  751.2220  751.1701  751.1169  751.0678  751.0180  750.9731  750.9283  750.8892  750.8508  750.8188  750.7885  750.7654  750.7450    0.3615
     0.6261  751.9728  751.9510  751.9272  751.8963  751.8642  751.8258  751.7869  751.7424  751.6981  751.6487  751.6002  751.5473  751.4959  751.4409  751.3879  751.3322  751.2792  751.2242  751.1727  751.1197  751.0711  751.0218  750.9773  750.9329  750.8941  750.8561
   750.8245  750.7944  750.7715  750.7513    0.6025    0.6261  751.9732  751.9516  751.9281  751.8977  751.8662  751.8285  751.7904  751.7468  751.7034  751.6551  751.6078  751.5562  751.5061  751.4524  751.4010  751.3467  751.2953  751.2418  751.1919  751.1404  751.0933
   751.0453  751.0024  750.9593  750.9218  750.8849  750.8544  750.8253  750.8034  750.7840    0.8435    0.6261  751.9740  751.9537  751.9319  751.9033  751.8738  751.8382  751.8024  751.7612  751.7202  751.6744  751.6295  751.5804  751.5328  751.4817  751.4326  751.3807
   751.3315  751.2801  751.2321  751.1827  751.1373  751.0910  751.0495  751.0077  750.9714  750.9355  750.9057  750.8771  750.8555  750.8362    1.0845    0.6261  751.9743  751.9547  751.9335  751.9058  751.8774  751.8432  751.8088  751.7692  751.7301  751.6862  751.6434
   751.5965  751.5512  751.5023  751.4557  751.4062  751.3596  751.3107  751.2652  751.2181  751.1751  751.1310  751.0916  751.0518  751.0173  750.9831  750.9547  750.9274  750.9067  750.8882    1.3255    0.6261  751.9751  751.9562  751.9362  751.9099  751.8832  751.8507
   751.8183  751.7808  751.7439  751.7024  751.6619  751.6175  751.5747  751.5284  751.4842  751.4373  751.3931  751.3465  751.3034  751.2584  751.2174  751.1753  751.1377  751.0995  751.0664  751.0334  751.0061  750.9795  750.9595  750.9413   -1.4460    0.4174  751.9751
   751.9561  751.9358  751.9094  751.8824  751.8498  751.8172  751.7795  751.7424  751.7007  751.6601  751.6154  751.5725  751.5260  751.4817  751.4346  751.3902  751.3435  751.3003  751.2553  751.2143  751.1723  751.1348  751.0967  751.0638  751.0310  751.0040  750.9777
   750.9579  750.9400   -1.2050    0.4174  751.9743  751.9547  751.9335  751.9060  751.8776  751.8435  751.8093  751.7697  751.7307  751.6871  751.6443  751.5974  751.5521  751.5033  751.4566  751.4072  751.3604  751.3114  751.2658  751.2187  751.1754  751.1312  751.0917
   751.0518  751.0170  750.9826  750.9541  750.9265  750.9056  750.8869   -0.9640    0.4174  751.9740  751.9537  751.9318  751.9030  751.8733  751.8376  751.8017  751.7603  751.7193  751.6734  751.6282  751.5790  751.5313  751.4800  751.4309  751.3787  751.3295  751.2780
   751.2300  751.1804  751.1350  751.0887  751.0472  751.0056  750.9694  750.9337  750.9042  750.8760  750.8548  750.8359   -0.7230    0.4174  751.9736  751.9528  751.9300  751.9004  751.8696  751.8326  751.7951  751.7522  751.7093  751.6614  751.6144  751.5630  751.5130
   751.4595  751.4081  751.3537  751.3022  751.2484  751.1982  751.1465  751.0991  751.0509  751.0075  750.9642  750.9263  750.8891  750.8582  750.8288  750.8065  750.7868   -0.4820    0.4174  751.9731  751.9516  751.9281  751.8975  751.8655  751.8272  751.7882  751.7436
   751.6989  751.6492  751.6002  751.5467  751.4946  751.4390  751.3853  751.3288  751.2752  751.2193  751.1670  751.1133  751.0639  751.0139  750.9689  750.9239  750.8848  750.8464  750.8145  750.7843  750.7616  750.7418   -0.2410    0.4174  751.9725  751.9501  751.9255
   751.8937  751.8605  751.8209  751.7808  751.7349  751.6890  751.6382  751.5880  751.5335  751.4805  751.4237  751.3691  751.3117  751.2570  751.2003  751.1472  751.0928  751.0426  750.9918  750.9461  750.9004  750.8607  750.8217  750.7894  750.7586  750.7354  750.7152
     0.0000    0.4174  751.9724  751.9499  751.9251  751.8931  751.8598  751.8200  751.7797  751.7338  751.6878  751.6369  751.5868  751.5322  751.4791  751.4225  751.3680  751.3106  751.2560  751.1994  751.1462  751.0918  751.0417  750.9908  750.9451  750.8993  750.8594
   750.8204  750.7878  750.7569  750.7336  750.7132    0.2410    0.4174  751.9726  751.9505  751.9261  751.8945  751.8616  751.8223  751.7822  751.7365  751.6907  751.6399  751.5897  751.5352  751.4821  751.4252  751.3705  751.3129  751.2581  751.2013  751.1479  751.0932
   751.0428  750.9919  750.9460  750.9002  750.8603  750.8212  750.7887  750.7580  750.7348  750.7146    0.4820    0.4174  751.9728  751.9508  751.9268  751.8958  751.8635  751.8249  751.7859  751.7411  751.6966  751.6471  751.5983  751.5453  751.4937  751.4385  751.3855
   751.3295  751.2764  751.2212  751.1695  751.1163  751.0675  751.0178  750.9731  750.9285  750.8894  750.8512  750.8193  750.7891  750.7663  750.7461    0.7230    0.4174  751.9735  751.9525  751.9297  751.8998  751.8690  751.8320  751.7945  751.7516  751.7088  751.6611
   751.6142  751.5630  751.5133  751.4600  751.4087  751.3545  751.3031  751.2495  751.1993  751.1476  751.1000  751.0516  751.0080  750.9644  750.9262  750.8885  750.8571  750.8270  750.8042  750.7839    0.9640    0.4174  751.9740  751.9537  751.9318  751.9032  751.8737
   751.8382  751.8024  751.7612  751.7203  751.6746  751.6298  751.5808  751.5333  751.4821  751.4332  751.3812  751.3321  751.2808  751.2328  751.1833  751.1379  751.0916  751.0501  751.0083  750.9719  750.9361  750.9063  750.8777  750.8562  750.8370    1.2050    0.4174
   751.9747  751.9554  751.9347  751.9075  751.8794  751.8455  751.8115  751.7722  751.7333  751.6897  751.6470  751.6001  751.5548  751.5059  751.4592  751.4095  751.3626  751.3134  751.2676  751.2202  751.1768  751.1324  751.0926  751.0525  751.0176  750.9831  750.9544
   750.9267  750.9058  750.8869    1.4460    0.4174  751.9755  751.9575  751.9383  751.9129  751.8869  751.8552  751.8236  751.7867  751.7503  751.7094  751.6694  751.6251  751.5825  751.5363  751.4923  751.4452  751.4008  751.3540  751.3105  751.2653  751.2238  751.1813
   751.1433  751.1045  751.0709  751.0374  751.0095  750.9822  750.9616  750.9426   -1.5665    0.2087  751.9753  751.9570  751.9374  751.9116  751.8853  751.8532  751.8211  751.7839  751.7472  751.7058  751.6655  751.6210  751.5782  751.5318  751.4875  751.4404  751.3959
   751.3492  751.3058  751.2607  751.2194  751.1770  751.1392  751.1008  751.0674  751.0342  751.0066  750.9797  750.9593  750.9408   -1.3255    0.2087  751.9745  751.9551  751.9341  751.9067  751.8785  751.8446  751.8104  751.7711  751.7321  751.6884  751.6458  751.5990
   751.5537  751.5050  751.4583  751.4088  751.3620  751.3129  751.2673  751.2200  751.1768  751.1325  751.0929  751.0529  751.0182  750.9837  750.9553  750.9278  750.9071  750.8884   -1.0845    0.2087  751.9742  751.9543  751.9327  751.9044  751.8752  751.8398  751.8040
   751.7629  751.7220  751.6762  751.6313  751.5821  751.5344  751.4831  751.4339  751.3819  751.3325  751.2811  751.2331  751.1834  751.1379  751.0916  751.0500  751.0082  750.9719  750.9360  750.9061  750.8775  750.8557  750.8364   -0.8435    0.2087  751.9733  751.9522
   751.9291  751.8990  751.8679  751.8305  751.7928  751.7495  751.7064  751.6583  751.6112  751.5598  751.5098  751.4562  751.4048  751.3507  751.2992  751.2457  751.1957  751.1441  751.0969  751.0488  751.0056  750.9623  750.9245  750.8873  750.8565  750.8271  750.8048
   750.7852   -0.6025    0.2087  751.9730  751.9514  751.9276  751.8968  751.8647  751.8262  751.7872  751.7426  751.6981  751.6486  751.5998  751.5468  751.4952  751.4400  751.3869  751.3310  751.2779  751.2227  751.1709  751.1178  751.0690  751.0193  750.9746  750.9300
   750.8909  750.8527  750.8208  750.7904  750.7675  750.7473   -0.3615    0.2087  751.9727  751.9508  751.9266  751.8953  751.8625  751.8232  751.7833  751.7375  751.6919  751.6411  751.5909  751.5363  751.4832  751.4264  751.3716  751.3141  751.2594  751.2025  751.1492
   751.0945  751.0442  750.9932  750.9473  750.9015  750.8615  750.8224  750.7899  750.7590  750.7357  750.7152   -0.1205    0.2087  751.9724  751.9500  751.9252  751.8932  751.8596  751.8197  751.7788  751.7322  751.6855  751.6336  751.5824  751.5267  751.4723  751.4144
   751.3584  751.2997  751.2438  751.1857  751.1314  751.0756  751.0244  750.9726  750.9260  750.8796  750.8391  750.7996  750.7669  750.7360  750.7128  750.6928    0.1205    0.2087  751.9725  751.9501  751.9252  751.8933  751.8598  751.8197  751.7790  751.7326  751.6860
   751.6343  751.5833  751.5278  751.4737  751.4159  751.3603  751.3017  751.2459  751.1882  751.1339  751.0782  751.0271  750.9752  750.9286  750.8819  750.8413  750.8016  750.7685  750.7373  750.7137  750.6933    0.3615    0.2087  751.9727  751.9508  751.9265  751.8949
   751.8621  751.8226  751.7827  751.7369  751.6911  751.6403  751.5901  751.5356  751.4824  751.4257  751.3709  751.3134  751.2586  751.2019  751.1486  751.0939  751.0436  750.9926  750.9467  750.9008  750.8607  750.8215  750.7889  750.7579  750.7346  750.7141    0.6025
     0.2087  751.9731  751.9518  751.9283  751.8979  751.8661  751.8280  751.7894  751.7451  751.7008  751.6515  751.6029  751.5499  751.4982  751.4428  751.3895  751.3333  751.2798  751.2241  751.1720  751.1183  751.0690  751.0189  750.9738  750.9287  750.8893  750.8508
   750.8185  750.7879  750.7647  750.7442    0.8435    0.2087  751.9738  751.9534  751.9310  751.9017  751.8713  751.8347  751.7976  751.7548  751.7121  751.6646  751.6177  751.5666  751.5167  751.4633  751.4119  751.3576  751.3061  751.2523  751.2020  751.1502  751.1027
   751.0542  751.0106  750.9669  750.9288  750.8913  750.8601  750.8302  750.8076  750.7876    1.0845    0.2087  751.9741  751.9541  751.9324  751.9039  751.8746  751.8393  751.8036  751.7626  751.7219  751.6763  751.6316  751.5827  751.5352  751.4842  751.4353  751.3835
   751.3344  751.2831  751.2352  751.1858  751.1404  751.0940  751.0524  751.0105  750.9740  750.9379  750.9081  750.8792  750.8574  750.8380    1.3255    0.2087  751.9743  751.9546  751.9334  751.9056  751.8770  751.8426  751.8082  751.7684  751.7292  751.6852  751.6423
   751.5954  751.5499  751.5011  751.4543  751.4048  751.3580  751.3090  751.2633  751.2161  751.1728  751.1285  751.0889  751.0489  751.0142  750.9798  750.9513  750.9238  750.9030  750.8845    1.5665    0.2087  751.9753  751.9569  751.9373  751.9114  751.8851  751.8531
   751.8211  751.7840  751.7473  751.7061  751.6657  751.6214  751.5787  751.5324  751.4882  751.4411  751.3967  751.3500  751.3065  751.2612  751.2199  751.1774  751.1394  751.1010  751.0675  751.0342  751.0065  750.9796  750.9593  750.9407   -1.4460    0.0000  751.9746
   751.9553  751.9344  751.9070  751.8790  751.8450  751.8109  751.7715  751.7325  751.6887  751.6459  751.5989  751.5535  751.5045  751.4577  751.4081  751.3612  751.3120  751.2664  751.2192  751.1760  751.1318  751.0923  751.0526  751.0180  750.9839  750.9556  750.9284
   750.9079  750.8894   -1.2050    0.0000  751.9739  751.9535  751.9314  751.9027  751.8731  751.8374  751.8015  751.7601  751.7191  751.6734  751.6284  751.5794  751.5318  751.4808  751.4319  751.3801  751.3312  751.2800  751.2324  751.1831  751.1381  751.0922  751.0511
   751.0096  750.9737  750.9382  750.9088  750.8806  750.8594  750.8404   -0.9640    0.0000  751.9735  751.9525  751.9295  751.8996  751.8686  751.8315  751.7939  751.7507  751.7078  751.6599  751.6128  751.5614  751.5115  751.4581  751.4067  751.3526  751.3012  751.2477
   751.1976  751.1462  751.0990  751.0511  751.0080  750.9650  750.9274  750.8907  750.8602  750.8311  750.8093  750.7901   -0.7230    0.0000  751.9731  751.9516  751.9282  751.8976  751.8657  751.8276  751.7890  751.7447  751.7004  751.6511  751.6026  751.5497  751.4981
   751.4429  751.3898  751.3339  751.2807  751.2253  751.1735  751.1203  751.0713  751.0217  750.9771  750.9325  750.8937  750.8556  750.8240  750.7939  750.7711  750.7511   -0.4820    0.0000  751.9728  751.9511  751.9271  751.8959  751.8632  751.8243  751.7846  751.7392
   751.6937  751.6432  751.5932  751.5388  751.4858  751.4291  751.3745  751.3169  751.2621  751.2051  751.1517  751.0969  751.0464  750.9953  750.9492  750.9033  750.8630  750.8235  750.7907  750.7596  750.7360  750.7154   -0.2410    0.0000  751.9723  751.9499  751.9250
   751.8929  751.8594  751.8194  751.7787  751.7322  751.6857  751.6342  751.5833  751.5280  751.4741  751.4166  751.3611  751.3028  751.2473  751.1898  751.1357  751.0803  751.0293  750.9776  750.9310  750.8845  750.8438  750.8040  750.7708  750.7393  750.7154  750.6947
     0.0000    0.0000  751.9722  751.9494  751.9242  751.8917  751.8577  751.8172  751.7759  751.7288  751.6817  751.6295  751.5779  751.5220  751.4675  751.4093  751.3533  751.2944  751.2382  751.1802  751.1256  751.0697  751.0182  750.9662  750.9192  750.8725  750.8317
   750.7919  750.7588  750.7275  750.7039  750.6835    0.2410    0.0000  751.9725  751.9503  751.9257  751.8939  751.8606  751.8209  751.7803  751.7341  751.6877  751.6362  751.5853  751.5300  751.4761  751.4184  751.3629  751.3044  751.2488  751.1909  751.1366  751.0810
   751.0296  750.9777  750.9309  750.8842  750.8433  750.8034  750.7701  750.7385  750.7147  750.6937    0.4820    0.0000  751.9726  751.9505  751.9262  751.8946  751.8617  751.8223  751.7822  751.7365  751.6907  751.6399  751.5899  751.5355  751.4824  751.4258  751.3712
   751.3138  751.2592  751.2025  751.1494  751.0949  751.0446  750.9937  750.9479  750.9022  750.8622  750.8230  750.7904  750.7594  750.7359  750.7154    0.7230    0.0000  751.9733  751.9524  751.9293  751.8990  751.8675  751.8297  751.7912  751.7470  751.7029  751.6536
   751.6052  751.5522  751.5007  751.4455  751.3922  751.3361  751.2827  751.2272  751.1751  751.1216  751.0723  751.0222  750.9772  750.9321  750.8928  750.8541  750.8219  750.7914  750.7681  750.7479    0.9640    0.0000  751.9737  751.9531  751.9306  751.9012  751.8706
   751.8338  751.7965  751.7537  751.7109  751.6632  751.6163  751.5651  751.5152  751.4618  751.4104  751.3561  751.3046  751.2510  751.2008  751.1492  751.1017  751.0534  751.0101  750.9667  750.9288  750.8914  750.8605  750.8308  750.8084  750.7885    1.2050    0.0000
   751.9741  751.9541  751.9324  751.9039  751.8747  751.8394  751.8037  751.7627  751.7220  751.6763  751.6316  751.5826  751.5351  751.4840  751.4351  751.3831  751.3341  751.2827  751.2348  751.1856  751.1403  751.0943  751.0531  751.0117  750.9757  750.9404  750.9111
   750.8830  750.8620  750.8433    1.4460    0.0000  751.9746  751.9552  751.9344  751.9070  751.8789  751.8449  751.8109  751.7715  751.7325  751.6888  751.6460  751.5991  751.5537  751.5050  751.4583  751.4088  751.3621  751.3133  751.2678  751.2206  751.1777  751.1336
   751.0943  751.0547  751.0201  750.9860  750.9577  750.9304  750.9098  750.8913   -1.5665   -0.2087  751.9753  751.9568  751.9372  751.9113  751.8848  751.8526  751.8203  751.7830  751.7461  751.7046  751.6640  751.6195  751.5765  751.5299  751.4856  751.4383  751.3938
   751.3470  751.3035  751.2584  751.2172  751.1750  751.1372  751.0991  751.0660  751.0331  751.0057  750.9793  750.9594  750.9413   -1.3255   -0.2087  751.9746  751.9551  751.9342  751.9069  751.8787  751.8448  751.8107  751.7713  751.7322  751.6885  751.6457  751.5989
   751.5535  751.5045  751.4579  751.4083  751.3613  751.3122  751.2665  751.2193  751.1758  751.1316  751.0920  751.0520  751.0174  750.9830  750.9546  750.9272  750.9065  750.8880   -1.0845   -0.2087  751.9742  751.9545  751.9329  751.9046  751.8755  751.8403  751.8047
   751.7637  751.7228  751.6771  751.6322  751.5831  751.5353  751.4840  751.4348  751.3827  751.3334  751.2818  751.2337  751.1841  751.1387  751.0924  751.0507  751.0090  750.9727  750.9368  750.9071  750.8786  750.8570  750.8377   -0.8435   -0.2087  751.9735  751.9525
   751.9297  751.8998  751.8689  751.8319  751.7944  751.7513  751.7084  751.6606  751.6136  751.5622  751.5123  751.4589  751.4075  751.3531  751.3017  751.2480  751.1978  751.1461  751.0986  751.0503  751.0069  750.9634  750.9253  750.8880  750.8570  750.8273  750.8049
   750.7850   -0.6025   -0.2087  751.9732  751.9519  751.9284  751.8979  751.8659  751.8277  751.7888  751.7443  751.6997  751.6502  751.6013  751.5482  751.4963  751.4409  751.3877  751.3314  751.2780  751.2225  751.1705  751.1171  751.0679  751.0180  750.9730  750.9281
   750.8888  750.8503  750.8181  750.7876  750.7644  750.7441   -0.3615   -0.2087  751.9725  751.9503  751.9257  751.8940  751.8609  751.8215  751.7814  751.7357  751.6899  751.6392  751.5891  751.5347  751.4817  751.4251  751.3704  751.3129  751.2583  751.2014  751.1481
   751.0933  751.0429  750.9918  750.9457  750.8998  750.8596  750.8203  750.7876  750.7567  750.7332  750.7126   -0.1205   -0.2087  751.9725  751.9501  751.9254  751.8935  751.8600  751.8200  751.7793  751.7328  751.6863  751.6345  751.5835  751.5278  751.4737  751.4159
   751.3603  751.3017  751.2461  751.1883  751.1341  751.0786  751.0275  750.9759  750.9293  750.8829  750.8424  750.8028  750.7699  750.7387  750.7152  750.6946    0.1205   -0.2087  751.9726  751.9503  751.9258  751.8940  751.8607  751.8209  751.7804  751.7342  751.6878
   751.6363  751.5854  751.5302  751.4762  751.4185  751.3630  751.3045  751.2488  751.1910  751.1368  751.0812  751.0299  750.9780  750.9313  750.8846  750.8439  750.8040  750.7708  750.7394  750.7156  750.6948    0.3615   -0.2087  751.9727  751.9507  751.9265  751.8950
   751.8622  751.8230  751.7830  751.7374  751.6917  751.6409  751.5909  751.5363  751.4833  751.4265  751.3716  751.3141  751.2592  751.2023  751.1488  751.0939  751.0434  750.9922  750.9461  750.9001  750.8598  750.8205  750.7877  750.7566  750.7332  750.7126    0.6025
    -0.2087  751.9731  751.9516  751.9279  751.8971  751.8653  751.8269  751.7881  751.7436  751.6992  751.6497  751.6009  751.5478  751.4960  751.4407  751.3874  751.3312  751.2779  751.2225  751.1705  751.1171  751.0680  751.0181  750.9732  750.9284  750.8892  750.8508
   750.8189  750.7885  750.7655  750.7454    0.8435   -0.2087  751.9736  751.9530  751.9305  751.9011  751.8705  751.8336  751.7963  751.7533  751.7105  751.6627  751.6156  751.5642  751.5142  751.4606  751.4091  751.3546  751.3030  751.2492  751.1988  751.1469  751.0993
   751.0508  751.0073  750.9637  750.9256  750.8882  750.8572  750.8275  750.8050  750.7852    1.0845   -0.2087  751.9737  751.9530  751.9306  751.9015  751.8715  751.8356  751.7994  751.7577  751.7165  751.6705  751.6254  751.5762  751.5284  751.4773  751.4283  751.3765
   751.3275  751.2764  751.2286  751.1795  751.1345  751.0885  751.0474  751.0061  750.9702  750.9347  750.9054  750.8771  750.8559  750.8370    1.3255   -0.2087  751.9743  751.9545  751.9331  751.9053  751.8768  751.8425  751.8080  751.7682  751.7290  751.6850  751.6420
   751.5949  751.5495  751.5004  751.4536  751.4038  751.3571  751.3080  751.2622  751.2151  751.1718  751.1277  751.0884  751.0486  751.0141  750.9801  750.9520  750.9249  750.9045  750.8863    1.5665   -0.2087  751.9749  751.9560  751.9358  751.9094  751.8824  751.8498
   751.8173  751.7797  751.7426  751.7009  751.6603  751.6156  751.5726  751.5261  751.4817  751.4346  751.3902  751.3435  751.3002  751.2553  751.2143  751.1722  751.1347  751.0967  751.0639  751.0312  751.0042  750.9780  750.9583  750.9404   -1.4460   -0.4174  751.9753
   751.9570  751.9374  751.9114  751.8849  751.8527  751.8205  751.7830  751.7462  751.7045  751.6640  751.6193  751.5762  751.5296  751.4851  751.4378  751.3931  751.3462  751.3027  751.2575  751.2162  751.1739  751.1362  751.0980  751.0649  751.0320  751.0048  750.9784
   750.9585  750.9405   -1.2050   -0.4174  751.9746  751.9552  751.9345  751.9071  751.8790  751.8451  751.8109  751.7715  751.7326  751.6888  751.6459  751.5989  751.5534  751.5044  751.4576  751.4079  751.3609  751.3117  751.2660  751.2187  751.1753  751.1311  751.0916
   751.0517  751.0170  750.9827  750.9544  750.9269  750.9063  750.8878   -0.9640   -0.4174  751.9742  751.9543  751.9326  751.9043  751.8749  751.8396  751.8038  751.7626  751.7217  751.6759  751.6309  751.5817  751.5340  751.4827  751.4336  751.3814  751.3320  751.2805
   751.2324  751.1827  751.1372  751.0908  751.0491  751.0074  750.9711  750.9354  750.9058  750.8773  750.8561  750.8371   -0.7230   -0.4174  751.9738  751.9535  751.9312  751.9020  751.8718  751.8353  751.7983  751.7556  751.7131  751.6655  751.6186  751.5674  751.5175
   751.4639  751.4125  751.3579  751.3062  751.2522  751.2018  751.1498  751.1019  751.0534  751.0097  750.9659  750.9277  750.8902  750.8590  750.8291  750.8064  750.7863   -0.4820   -0.4174  751.9730  751.9516  751.9279  751.8971  751.8652  751.8269  751.7880  751.7434
   751.6990  751.6496  751.6007  751.5476  751.4959  751.4405  751.3873  751.3312  751.2778  751.2222  751.1703  751.1169  751.0678  751.0179  750.9730  750.9282  750.8890  750.8506  750.8186  750.7882  750.7652  750.7450   -0.2410   -0.4174  751.9727  751.9508  751.9266
   751.8951  751.8623  751.8232  751.7834  751.7379  751.6924  751.6417  751.5917  751.5374  751.4844  751.4278  751.3731  751.3155  751.2608  751.2039  751.1505  751.0958  751.0454  750.9944  750.9484  750.9025  750.8625  750.8234  750.7908  750.7599  750.7366  750.7163
     0.0000   -0.4174  751.9726  751.9505  751.9261  751.8943  751.8612  751.8217  751.7814  751.7354  751.6894  751.6383  751.5879  751.5332  751.4798  751.4228  751.3680  751.3103  751.2553  751.1984  751.1450  751.0902  751.0398  750.9888  750.9430  750.8972  750.8574
   750.8185  750.7860  750.7554  750.7323  750.7122    0.2410   -0.4174  751.9727  751.9508  751.9266  751.8952  751.8623  751.8231  751.7832  751.7375  751.6919  751.6411  751.5910  751.5366  751.4835  751.4268  751.3722  751.3146  751.2600  751.2032  751.1499  751.0953
   751.0449  750.9939  750.9479  750.9020  750.8618  750.8226  750.7899  750.7589  750.7354  750.7150    0.4820   -0.4174  751.9732  751.9518  751.9283  751.8977  751.8659  751.8278  751.7891  751.7447  751.7003  751.6509  751.6023  751.5493  751.4975  751.4422  751.3889
   751.3327  751.2794  751.2237  751.1718  751.1183  751.0691  751.0193  750.9743  750.9294  750.8902  750.8517  750.8196  750.7890  750.7658  750.7454    0.7230   -0.4174  751.9735  751.9525  751.9296  751.8998  751.8688  751.8318  751.7942  751.7511  751.7082  751.6603
   751.6132  751.5618  751.5119  751.4583  751.4069  751.3525  751.3009  751.2471  751.1969  751.1451  751.0975  751.0493  751.0059  750.9625  750.9246  750.8873  750.8564  750.8269  750.8044  750.7847    0.9640   -0.4174  751.9740  751.9539  751.9320  751.9035  751.8740
   751.8384  751.8026  751.7613  751.7203  751.6745  751.6295  751.5803  751.5326  751.4813  751.4322  751.3803  751.3310  751.2796  751.2317  751.1823  751.1370  751.0908  751.0495  751.0078  750.9716  750.9360  750.9062  750.8778  750.8564  750.8372    1.2050   -0.4174
   751.9743  751.9543  751.9329  751.9048  751.8761  751.8416  751.8069  751.7670  751.7274  751.6833  751.6402  751.5928  751.5472  751.4981  751.4511  751.4014  751.3545  751.3053  751.2597  751.2126  751.1696  751.1255  751.0864  751.0468  751.0127  750.9789  750.9511
   750.9242  750.9043  750.8863    1.4460   -0.4174  751.9753  751.9568  751.9372  751.9112  751.8846  751.8523  751.8200  751.7825  751.7455  751.7040  751.6633  751.6186  751.5754  751.5288  751.4844  751.4370  751.3925  751.3457  751.3022  751.2570  751.2159  751.1737
   751.1361  751.0981  751.0652  751.0323  751.0052  750.9790  750.9592  750.9412   -1.3255   -0.6261  751.9753  751.9569  751.9372  751.9113  751.8848  751.8527  751.8204  751.7830  751.7461  751.7045  751.6640  751.6193  751.5762  751.5297  751.4852  751.4378  751.3932
   751.3463  751.3028  751.2576  751.2164  751.1741  751.1364  751.0982  751.0652  751.0323  751.0052  750.9789  750.9591  750.9411   -1.0845   -0.6261  751.9744  751.9547  751.9334  751.9056  751.8771  751.8429  751.8084  751.7686  751.7293  751.6852  751.6421  751.5949
   751.5493  751.5002  751.4532  751.4035  751.3565  751.3074  751.2616  751.2143  751.1713  751.1272  751.0879  751.0483  751.0139  750.9800  750.9520  750.9250  750.9048  750.8867   -0.8435   -0.6261  751.9740  751.9537  751.9318  751.9032  751.8736  751.8380  751.8021
   751.7608  751.7198  751.6740  751.6291  751.5799  751.5323  751.4812  751.4320  751.3801  751.3309  751.2794  751.2315  751.1819  751.1366  751.0903  751.0488  751.0070  750.9708  750.9350  750.9054  750.8768  750.8554  750.8364   -0.6025   -0.6261  751.9733  751.9521
   751.9289  751.8987  751.8675  751.8300  751.7922  751.7489  751.7057  751.6575  751.6102  751.5587  751.5087  751.4552  751.4037  751.3494  751.2981  751.2446  751.1946  751.1431  751.0959  751.0480  751.0050  750.9619  750.9244  750.8875  750.8569  750.8277  750.8056
   750.7862   -0.3615   -0.6261  751.9732  751.9518  751.9283  751.8979  751.8659  751.8278  751.7891  751.7446  751.7001  751.6507  751.6019  751.5488  751.4971  751.4417  751.3884  751.3323  751.2789  751.2233  751.1714  751.1180  751.0690  751.0193  750.9745  750.9298
   750.8908  750.8527  750.8210  750.7908  750.7682  750.7484   -0.1205   -0.6261  751.9730  751.9515  751.9278  751.8971  751.8650  751.8267  751.7876  751.7430  751.6984  751.6487  751.5998  751.5466  751.4948  751.4392  751.3858  751.3296  751.2762  751.2206  751.1685
   751.1151  751.0659  751.0159  750.9710  750.9261  750.8869  750.8485  750.8164  750.7860  750.7629  750.7428    0.1205   -0.6261  751.9732  751.9520  751.9286  751.8981  751.8665  751.8284  751.7897  751.7453  751.7008  751.6513  751.6025  751.5493  751.4974  751.4418
   751.3884  751.3320  751.2785  751.2227  751.1705  751.1169  751.0675  751.0174  750.9725  750.9274  750.8881  750.8496  750.8176  750.7872  750.7642  750.7440    0.3615   -0.6261  751.9730  751.9514  751.9277  751.8969  751.8648  751.8264  751.7875  751.7429  751.6984
   751.6488  751.6001  751.5470  751.4953  751.4399  751.3868  751.3306  751.2774  751.2220  751.1702  751.1169  751.0680  751.0184  750.9739  750.9294  750.8907  750.8527  750.8212  750.7912  750.7687  750.7490    0.6025   -0.6261  751.9737  751.9532  751.9306  751.9012
   751.8706  751.8337  751.7964  751.7534  751.7105  751.6626  751.6155  751.5641  751.5140  751.4604  751.4088  751.3544  751.3026  751.2488  751.1983  751.1464  751.0986  751.0501  751.0064  750.9627  750.9245  750.8870  750.8559  750.8261  750.8036  750.7838    0.8435
    -0.6261  751.9739  751.9536  751.9316  751.9029  751.8733  751.8376  751.8017  751.7603  751.7193  751.6734  751.6285  751.5794  751.5317  751.4805  751.4315  751.3795  751.3303  751.2789  751.2310  751.1816  751.1362  751.0901  751.0486  751.0071  750.9709  750.9352
   750.9057  750.8773  750.8559  750.8368    1.0845   -0.6261  751.9746  751.9553  751.9345  751.9071  751.8790  751.8451  751.8109  751.7713  751.7322  751.6883  751.6453  751.5981  751.5526  751.5034  751.4565  751.4067  751.3597  751.3104  751.2646  751.2172  751.1739
   751.1295  751.0899  751.0501  751.0154  750.9811  750.9529  750.9256  750.9051  750.8867    1.3255   -0.6261  751.9752  751.9566  751.9367  751.9106  751.8840  751.8516  751.8193  751.7818  751.7448  751.7032  751.6625  751.6179  751.5747  751.5282  751.4837  751.4364
   751.3918  751.3450  751.3016  751.2564  751.2153  751.1732  751.1356  751.0976  751.0648  751.0321  751.0050  750.9789  750.9592  750.9413   -1.2050   -0.8348  751.9752  751.9566  751.9368  751.9108  751.8842  751.8519  751.8197  751.7822  751.7453  751.7037  751.6632
   751.6186  751.5756  751.5291  751.4847  751.4374  751.3929  751.3461  751.3027  751.2576  751.2164  751.1743  751.1366  751.0985  751.0655  751.0327  751.0056  750.9793  750.9595  750.9416   -0.9640   -0.8348  751.9746  751.9553  751.9345  751.9071  751.8789  751.8448
   751.8107  751.7711  751.7319  751.6880  751.6450  751.5979  751.5524  751.5033  751.4564  751.4066  751.3596  751.3104  751.2647  751.2174  751.1741  751.1301  751.0906  751.0509  751.0164  750.9824  750.9541  750.9270  750.9065  750.8880   -0.7230   -0.8348  751.9741
   751.9539  751.9320  751.9035  751.8739  751.8384  751.8024  751.7611  751.7199  751.6738  751.6286  751.5793  751.5313  751.4798  751.4305  751.3782  751.3289  751.2773  751.2292  751.1796  751.1343  751.0880  751.0467  751.0052  750.9692  750.9336  750.9042  750.8762
   750.8550  750.8364   -0.4820   -0.8348  751.9735  751.9526  751.9297  751.8999  751.8691  751.8321  751.7946  751.7517  751.7088  751.6610  751.6141  751.5627  751.5130  751.4596  751.4084  751.3542  751.3029  751.2494  751.1994  751.1478  751.1005  751.0523  751.0091
   750.9657  750.9279  750.8909  750.8601  750.8307  750.8086  750.7891   -0.2410   -0.8348  751.9734  751.9524  751.9293  751.8993  751.8683  751.8309  751.7932  751.7499  751.7067  751.6586  751.6113  751.5597  751.5096  751.4558  751.4042  751.3498  751.2982  751.2444
   751.1943  751.1427  751.0954  751.0474  751.0042  750.9610  750.9235  750.8866  750.8561  750.8269  750.8049  750.7855    0.0000   -0.8348  751.9736  751.9526  751.9297  751.8999  751.8690  751.8319  751.7944  751.7512  751.7083  751.6603  751.6132  751.5617  751.5118
   751.4581  751.4067  751.3523  751.3007  751.2469  751.1967  751.1450  751.0974  751.0491  751.0059  750.9625  750.9247  750.8876  750.8569  750.8276  750.8054  750.7858    0.2410   -0.8348  751.9736  751.9527  751.9299  751.9002  751.8694  751.8324  751.7948  751.7517
   751.7088  751.6608  751.6136  751.5622  751.5121  751.4584  751.4069  751.3524  751.3007  751.2469  751.1965  751.1447  751.0971  751.0488  751.0053  750.9618  750.9239  750.8867  750.8557  750.8261  750.8039  750.7843    0.4820   -0.8348  751.9737  751.9531  751.9305
   751.9011  751.8704  751.8335  751.7961  751.7532  751.7104  751.6626  751.6157  751.5645  751.5146  751.4612  751.4099  751.3556  751.3042  751.2506  751.2005  751.1489  751.1016  751.0534  751.0101  750.9668  750.9291  750.8920  750.8613  750.8321  750.8101  750.7908
     0.7230   -0.8348  751.9740  751.9537  751.9318  751.9031  751.8734  751.8378  751.8017  751.7603  751.7191  751.6730  751.6280  751.5786  751.5308  751.4794  751.4301  751.3781  751.3288  751.2773  751.2294  751.1799  751.1346  751.0884  751.0470  751.0054  750.9694
   750.9337  750.9041  750.8759  750.8545  750.8355    0.9640   -0.8348  751.9746  751.9553  751.9344  751.9070  751.8790  751.8450  751.8108  751.7714  751.7323  751.6885  751.6457  751.5987  751.5533  751.5044  751.4575  751.4078  751.3609  751.3117  751.2660  751.2185
   751.1752  751.1309  751.0913  751.0512  751.0166  750.9822  750.9537  750.9264  750.9058  750.8872    1.2050   -0.8348  751.9752  751.9566  751.9366  751.9103  751.8836  751.8512  751.8188  751.7813  751.7443  751.7027  751.6622  751.6175  751.5746  751.5281  751.4838
   751.4366  751.3922  751.3456  751.3023  751.2574  751.2163  751.1742  751.1366  751.0986  751.0656  751.0327  751.0054  750.9790  750.9589  750.9407   -1.0845   -1.0436  751.9751  751.9564  751.9366  751.9103  751.8836  751.8512  751.8189  751.7814  751.7445  751.7030
   751.6625  751.6179  751.5750  751.5286  751.4843  751.4372  751.3929  751.3461  751.3028  751.2578  751.2168  751.1747  751.1370  751.0989  751.0659  751.0330  751.0057  750.9794  750.9595  750.9415   -0.8435   -1.0436  751.9743  751.9547  751.9335  751.9058  751.8774
   751.8430  751.8087  751.7688  751.7295  751.6855  751.6424  751.5952  751.5494  751.5002  751.4531  751.4033  751.3561  751.3069  751.2610  751.2136  751.1703  751.1260  751.0866  751.0468  751.0124  750.9783  750.9503  750.9232  750.9030  750.8849   -0.6025   -1.0436
   751.9738  751.9531  751.9307  751.9017  751.8717  751.8358  751.7997  751.7582  751.7170  751.6713  751.6263  751.5773  751.5298  751.4789  751.4301  751.3787  751.3301  751.2792  751.2321  751.1834  751.1388  751.0934  751.0528  751.0120  750.9767  750.9416  750.9128
   750.8851  750.8643  750.8458   -0.3615   -1.0436  751.9739  751.9536  751.9315  751.9027  751.8731  751.8373  751.8013  751.7597  751.7186  751.6726  751.6275  751.5783  751.5304  751.4791  751.4299  751.3779  751.3287  751.2773  751.2294  751.1800  751.1347  751.0886
   751.0473  751.0059  750.9698  750.9342  750.9049  750.8767  750.8556  750.8369   -0.1205   -1.0436  751.9741  751.9540  751.9321  751.9035  751.8741  751.8385  751.8026  751.7613  751.7204  751.6745  751.6294  751.5802  751.5324  751.4811  751.4319  751.3798  751.3304
   751.2790  751.2310  751.1814  751.1360  751.0897  751.0482  751.0065  750.9703  750.9345  750.9049  750.8765  750.8550  750.8360    0.1205   -1.0436  751.9741  751.9541  751.9323  751.9037  751.8742  751.8387  751.8028  751.7616  751.7205  751.6747  751.6298  751.5806
   751.5330  751.4817  751.4327  751.3808  751.3318  751.2804  751.2326  751.1832  751.1381  751.0920  751.0507  751.0091  750.9730  750.9373  750.9078  750.8794  750.8580  750.8390    0.3615   -1.0436  751.9743  751.9547  751.9334  751.9054  751.8764  751.8413  751.8060
   751.7650  751.7243  751.6787  751.6339  751.5848  751.5372  751.4859  751.4367  751.3846  751.3353  751.2837  751.2354  751.1858  751.1402  751.0937  751.0520  751.0101  750.9737  750.9378  750.9080  750.8793  750.8576  750.8382    0.6025   -1.0436  751.9742  751.9545
   751.9329  751.9046  751.8755  751.8403  751.8047  751.7638  751.7231  751.6776  751.6328  751.5839  751.5364  751.4854  751.4365  751.3847  751.3357  751.2844  751.2367  751.1873  751.1422  751.0960  751.0547  751.0132  750.9770  750.9414  750.9119  750.8835  750.8622
   750.8432    0.8435   -1.0436  751.9748  751.9558  751.9352  751.9081  751.8803  751.8466  751.8126  751.7733  751.7342  751.6904  751.6476  751.6005  751.5550  751.5059  751.4589  751.4090  751.3620  751.3128  751.2669  751.2194  751.1760  751.1317  751.0920  751.0520
   751.0173  750.9829  750.9544  750.9268  750.9062  750.8874    1.0845   -1.0436  751.9752  751.9566  751.9368  751.9106  751.8839  751.8516  751.8192  751.7817  751.7447  751.7031  751.6625  751.6179  751.5748  751.5283  751.4839  751.4368  751.3923  751.3456  751.3022
   751.2572  751.2162  751.1741  751.1364  751.0985  751.0654  751.0326  751.0054  750.9790  750.9592  750.9412   -0.9640   -1.2523  751.9753  751.9568  751.9372  751.9113  751.8848  751.8527  751.8205  751.7831  751.7464  751.7049  751.6644  751.6200  751.5770  751.5305
   751.4862  751.4391  751.3946  751.3480  751.3045  751.2595  751.2183  751.1762  751.1385  751.1002  751.0673  751.0342  751.0070  750.9805  750.9604  750.9423   -0.7230   -1.2523  751.9746  751.9553  751.9346  751.9073  751.8792  751.8453  751.8113  751.7718  751.7327
   751.6889  751.6459  751.5989  751.5532  751.5041  751.4570  751.4072  751.3600  751.3107  751.2648  751.2173  751.1739  751.1297  751.0902  751.0504  751.0159  750.9819  750.9539  750.9270  750.9068  750.8888   -0.4820   -1.2523  751.9746  751.9553  751.9344  751.9070
   751.8788  751.8448  751.8105  751.7711  751.7320  751.6880  751.6451  751.5981  751.5525  751.5034  751.4566  751.4068  751.3599  751.3107  751.2649  751.2175  751.1743  751.1301  751.0906  751.0507  751.0162  750.9820  750.9537  750.9265  750.9060  750.8875   -0.2410
    -1.2523  751.9744  751.9548  751.9337  751.9061  751.8777  751.8435  751.8092  751.7695  751.7302  751.6863  751.6434  751.5964  751.5508  751.5019  751.4551  751.4054  751.3586  751.3095  751.2639  751.2167  751.1735  751.1295  751.0901  751.0504  751.0160  750.9820
   750.9537  750.9267  750.9063  750.8880    0.0000   -1.2523  751.9746  751.9552  751.9343  751.9069  751.8787  751.8446  751.8104  751.7708  751.7316  751.6876  751.6446  751.5975  751.5518  751.5028  751.4558  751.4060  751.3589  751.3097  751.2639  751.2164  751.1732
   751.1290  751.0895  751.0496  751.0151  750.9808  750.9525  750.9252  750.9047  750.8863    0.2410   -1.2523  751.9746  751.9553  751.9345  751.9071  751.8792  751.8452  751.8112  751.7717  751.7327  751.6889  751.6461  751.5990  751.5536  751.5046  751.4576  751.4079
   751.3609  751.3117  751.2658  751.2184  751.1751  751.1306  751.0909  751.0511  751.0162  750.9818  750.9534  750.9260  750.9054  750.8868    0.4820   -1.2523  751.9747  751.9556  751.9350  751.9077  751.8798  751.8459  751.8119  751.7724  751.7334  751.6897  751.6467
   751.5996  751.5541  751.5050  751.4579  751.4080  751.3609  751.3114  751.2654  751.2178  751.1743  751.1299  751.0901  751.0499  751.0152  750.9808  750.9524  750.9249  750.9043  750.8857    0.7230   -1.2523  751.9747  751.9557  751.9351  751.9081  751.8802  751.8464
   751.8125  751.7732  751.7343  751.6907  751.6480  751.6011  751.5557  751.5068  751.4601  751.4104  751.3636  751.3144  751.2686  751.2213  751.1779  751.1336  751.0940  751.0541  751.0194  750.9850  750.9565  750.9290  750.9083  750.8897    0.9640   -1.2523  751.9753
   751.9571  751.9376  751.9118  751.8854  751.8534  751.8214  751.7841  751.7474  751.7061  751.6657  751.6213  751.5784  751.5320  751.4877  751.4405  751.3961  751.3493  751.3059  751.2607  751.2194  751.1770  751.1391  751.1007  751.0673  751.0341  751.0066  750.9798
   750.9595  750.9410   -0.6025   -1.4610  751.9753  751.9569  751.9373  751.9114  751.8849  751.8527  751.8205  751.7831  751.7463  751.7048  751.6643  751.6197  751.5768  751.5303  751.4859  751.4386  751.3941  751.3473  751.3039  751.2587  751.2175  751.1752  751.1374
   751.0991  751.0660  751.0329  751.0056  750.9790  750.9590  750.9408   -0.3615   -1.4610  751.9752  751.9567  751.9370  751.9109  751.8844  751.8521  751.8199  751.7824  751.7454  751.7038  751.6633  751.6186  751.5756  751.5291  751.4848  751.4375  751.3931  751.3464
   751.3030  751.2580  751.2169  751.1748  751.1372  751.0992  751.0663  751.0334  751.0063  750.9800  750.9601  750.9421   -0.1205   -1.4610  751.9753  751.9569  751.9373  751.9114  751.8850  751.8530  751.8209  751.7836  751.7469  751.7055  751.6651  751.6207  751.5777
   751.5314  751.4871  751.4399  751.3953  751.3486  751.3050  751.2599  751.2185  751.1761  751.1382  751.0998  751.0664  751.0332  751.0057  750.9790  750.9589  750.9407    0.1205   -1.4610  751.9751  751.9564  751.9364  751.9102  751.8835  751.8510  751.8187  751.7812
   751.7442  751.7026  751.6622  751.6176  751.5747  751.5283  751.4840  751.4370  751.3926  751.3460  751.3027  751.2578  751.2167  751.1745  751.1370  751.0989  751.0658  751.0329  751.0057  750.9793  750.9594  750.9413    0.3615   -1.4610  751.9755  751.9575  751.9384
   751.9129  751.8869  751.8552  751.8234  751.7865  751.7499  751.7088  751.6686  751.6244  751.5816  751.5353  751.4911  751.4441  751.3996  751.3529  751.3095  751.2643  751.2230  751.1805  751.1426  751.1042  751.0707  751.0373  751.0096  750.9826  750.9620  750.9432
     0.6025   -1.4610  751.9756  751.9577  751.9386  751.9133  751.8872  751.8555  751.8238  751.7868  751.7503  751.7091  751.6689  751.6246  751.5818  751.5355  751.4912  751.4441  751.3995  751.3527  751.3091  751.2638  751.2224  751.1798  751.1417  751.1031  751.0695
   751.0360  751.0082  750.9811  750.9606  750.9418
