       0.00      0.00  34767.73  34888.48  35040.38  35187.43  35349.17  35524.18  35712.62  35914.31  36129.60  36358.08  36599.88  36854.32  37121.24  37399.71  37688.70  37993.21  38258.52  38522.44  38790.35  39058.27  39325.17  39588.79  39847.98  40100.32  40344.74  40578.83  40801.78  41011.28  41207.96  41376.50
       0.00      0.00  34770.86  34891.55  35043.29  35190.09  35351.48  35526.05  35713.94  35915.00  36129.56  36357.25  36598.18  36851.70  37117.68  37395.20  37683.25  37986.73  38251.31  38514.17  38781.05  39047.93  39313.89  39576.70  39835.26  40087.23  40331.60  40566.02  40789.65  41000.18  41198.15  41367.99
       0.00      0.00  34756.01  34876.78  35028.70  35176.02  35338.26  35513.97  35703.24  35905.88  36122.19  36351.79  36594.77  36850.47  37118.71  37398.57  37688.96  37994.81  38261.27  38526.20  38794.91  39063.48  39330.87  39594.88  39854.34  40106.89  40351.51  40585.90  40809.32  41019.57  41217.37  41387.22
       0.00      0.00  34748.57  34869.61  35022.07  35170.02  35332.99  35509.54  35699.72  35903.35  36120.72  36351.43  36595.55  36852.44  37121.91  37403.01  37694.68  38001.82  38269.42  38535.54  38805.38  39074.97  39343.29  39608.01  39867.96  40120.70  40365.19  40599.07  40821.66  41030.75  41227.07  41395.41
       0.00      0.00  34758.02  34878.62  35030.31  35177.24  35339.01  35514.20  35702.94  35905.09  36120.97  36350.21  36592.93  36848.44  37116.62  37396.52  37687.09  37993.24  38260.27  38525.80  38795.29  39064.73  39333.08  39598.05  39858.45  40111.83  40357.12  40592.02  40815.72  41026.07  41223.83  41393.60
       0.00      0.00  34749.47  34870.26  35022.27  35169.60  35331.78  35507.39  35696.55  35899.10  36115.39  36345.04  36588.16  36844.09  37112.66  37392.96  37683.95  37990.55  38258.32  38524.53  38794.81  39065.12  39334.39  39600.34  39861.74  40116.11  40362.33  40598.00  40822.27  41032.89  41230.48  41399.67
       0.00      0.00  34778.89  34899.53  35051.14  35197.82  35359.13  35533.63  35721.44  35922.41  36136.83  36364.32  36604.98  36858.13  37123.62  37400.54  37687.83  37990.50  38254.11  38516.08  38781.99  39047.90  39312.78  39574.44  39831.74  40082.38  40325.32  40558.28  40780.48  40989.66  41186.51  41355.57
       0.00      0.00  34776.60  34900.18  35055.02  35206.37  35373.98  35556.09  35752.92  35964.35  36190.69  36431.52  36686.87  36955.90  37238.22  37532.25  37840.78  38136.17  38405.93  38686.95  38971.11  39255.69  39539.11  39818.78  40093.26  40359.97  40617.63  40863.68  41097.01  41315.13  41518.18  41691.32
       0.00      0.00  34766.17  34889.80  35044.72  35196.14  35363.84  35546.10  35743.24  35955.14  36182.20  36423.99  36680.60  36951.20  37235.45  37531.84  37843.25  38140.81  38413.61  38697.22  38983.88  39270.91  39556.68  39838.56  40115.05  40383.52  40642.69  40889.98  41124.36  41343.45  41547.38  41721.48
       0.00      0.00  34765.89  34890.15  35046.05  35198.79  35368.01  35551.93  35750.72  35964.26  36192.84  36436.04  36693.89  36965.59  37250.78  37547.95  37860.05  38157.36  38430.23  38713.50  38999.57  39285.77  39570.52  39851.19  40126.33  40393.33  40650.93  40896.62  41129.50  41347.28  41550.20  41723.99
       0.00      0.00  34756.74  34880.51  35035.78  35187.81  35356.36  35539.63  35737.86  35950.86  36178.98  36421.80  36679.38  36950.95  37236.17  37533.57  37846.02  38144.27  38417.83  38701.94  38988.96  39276.24  39562.21  39844.22  40120.78  40389.27  40648.43  40895.79  41130.49  41350.36  41555.61  41731.40
       0.00      0.00  34755.70  34880.08  35036.16  35189.06  35358.45  35542.56  35741.56  35955.31  36184.11  36427.54  36685.68  36957.71  37243.32  37540.94  37853.55  38151.71  38425.24  38709.25  38996.17  39283.31  39569.19  39851.13  40127.71  40396.29  40655.62  40903.18  41137.99  41357.76  41562.48  41737.48
       0.00      0.00  34762.34  34886.78  35042.95  35195.83  35365.13  35549.13  35748.02  35961.64  36190.31  36433.60  36691.57  36963.34  37248.62  37545.79  37857.87  38155.33  38428.36  38711.89  38998.35  39284.97  39570.21  39851.36  40127.00  40394.42  40652.43  40898.49  41131.72  41349.83  41552.92  41726.34
       0.00      0.00  34738.85  34862.31  35017.18  35168.96  35337.42  35520.79  35719.31  35932.88  36161.84  36405.79  36664.78  36937.97  37224.93  37524.04  37838.01  38138.89  38414.45  38701.28  38991.19  39281.40  39570.19  39854.90  40133.93  40404.65  40665.69  40914.54  41150.14  41370.13  41574.73  41749.03
       0.00      0.00  34740.69  34861.53  35013.66  35161.18  35323.65  35499.64  35689.28  35892.42  36109.40  36339.82  36583.83  36840.76  37110.45  37391.98  37684.29  37992.33  38261.40  38529.16  38801.00  39072.84  39343.62  39610.97  39873.62  40129.06  40376.18  40612.54  40837.31  41048.25  41246.03  41415.31
       0.00      0.00  34782.89  34903.59  35055.32  35202.10  35363.47  35538.03  35725.85  35926.80  36141.15  36368.51  36609.00  36861.95  37127.20  37403.86  37690.90  37993.28  38256.24  38517.73  38783.11  39048.42  39312.72  39573.78  39830.50  40080.56  40322.99  40555.51  40777.36  40986.31  41182.94  41351.68
       0.00      0.00  34765.76  34889.50  35044.59  35196.17  35364.03  35546.43  35743.63  35955.50  36182.42  36423.97  36680.22  36950.36  37234.06  37529.78  37840.40  38137.36  38409.20  38691.79  38977.36  39263.26  39547.86  39828.53  40103.78  40370.99  40628.89  40874.99  41108.38  41326.80  41530.47  41704.71
       0.00      0.00  34758.34  34885.51  35044.78  35202.31  35377.83  35569.27  35776.86  36000.46  36240.32  36496.03  36767.49  37053.77  37354.30  37667.14  37997.91  38280.06  38572.13  38870.91  39172.71  39474.45  39774.32  40069.36  40358.00  40637.36  40906.14  41161.67  41402.87  41626.65  41835.48  41989.80
       0.00      0.00  34761.84  34889.25  35048.78  35206.35  35381.73  35572.88  35780.10  36003.25  36242.66  36497.88  36768.93  37054.93  37355.52  37669.07  37999.87  38283.18  38576.61  38876.41  39179.39  39482.61  39784.24  40081.28  40372.06  40653.64  40924.72  41182.70  41426.60  41653.07  41865.97  42010.64
       0.00      0.00  34767.76  34895.00  35054.11  35211.01  35385.41  35575.27  35780.91  36002.23  36239.63  36492.68  36761.51  37045.27  37343.71  37655.18  37984.57  38266.36  38558.15  38856.38  39157.94  39459.94  39760.63  40057.06  40347.58  40629.31  40900.94  41159.92  41405.16  41633.34  41847.76  41995.93
       0.00      0.00  34761.91  34889.09  35048.21  35205.36  35380.28  35570.88  35777.46  35999.92  36238.57  36493.05  36763.40  37048.81  37348.96  37662.28  37993.12  38276.58  38570.14  38870.16  39173.48  39477.25  39779.64  40077.68  40369.66  40652.67  40925.28  41184.94  41430.57  41658.79  41873.30  42018.85
       0.00      0.00  34741.53  34868.11  35026.54  35183.07  35357.50  35547.81  35754.34  35977.05  36216.29  36471.68  36743.26  37030.23  37332.17  37647.45  37980.80  38266.78  38562.95  38865.75  39171.86  39478.36  39783.32  40083.75  40377.86  40662.70  40936.86  41197.72  41444.23  41673.02  41887.98  42034.10
       0.00      0.00  34743.91  34870.60  35029.21  35185.96  35360.66  35551.28  35758.09  35980.95  36220.19  36475.33  36746.41  37032.47  37333.07  37646.24  37978.13  38261.63  38555.36  38856.25  39160.58  39465.31  39768.48  40067.09  40359.34  40642.22  40914.22  41172.63  41416.37  41642.48  41853.51  42010.22
       0.00      0.00  34749.50  34873.63  35029.35  35182.01  35351.30  35535.47  35734.71  35948.88  36178.29  36422.55  36681.69  36954.91  37241.82  37540.90  37855.07  38154.81  38430.21  38716.28  39005.30  39294.54  39582.39  39866.12  40144.26  40414.13  40674.42  40922.58  41157.64  41377.24  41581.53  41755.90
       0.00      0.00  34738.49  34859.19  35011.20  35158.65  35321.10  35497.13  35686.89  35890.19  36107.32  36337.89  36581.99  36838.94  37108.59  37389.97  37682.03  37989.68  38258.37  38525.40  38796.38  39067.25  39337.01  39603.30  39864.95  40119.48  40365.83  40601.65  40826.14  41037.08  41235.14  41404.87
       0.00      0.00  34780.29  34901.12  35053.03  35200.02  35361.66  35536.51  35724.70  35926.05  36140.92  36368.91  36610.13  36863.91  37130.10  37407.78  37695.86  37999.29  38263.19  38525.54  38791.64  39057.53  39322.20  39583.42  39840.06  40089.75  40331.51  40563.08  40783.76  40991.43  41186.84  41354.89
       0.00      0.00  34759.64  34883.42  35038.65  35190.71  35359.25  35542.47  35740.61  35953.50  36181.47  36424.11  36681.45  36952.70  37237.52  37534.35  37846.10  38143.64  38416.29  38699.40  38985.30  39271.34  39555.94  39836.52  40111.64  40378.74  40636.63  40882.93  41116.69  41335.76  41540.31  41715.69
       0.00      0.00  34771.65  34898.43  35056.88  35212.88  35386.34  35575.30  35780.18  36000.94  36237.96  36490.89  36759.77  37043.80  37342.62  37654.64  37984.50  38266.95  38559.69  38859.13  39161.98  39465.35  39767.36  40065.03  40356.67  40639.35  40911.67  41171.05  41416.35  41644.06  41857.97  42001.42
       0.00      0.00  34745.94  34876.08  35038.61  35200.68  35382.15  35580.66  35796.62  36029.90  36280.88  36549.09  36834.49  37136.00  37452.81  37787.30  38110.69  38407.51  38720.27  39038.76  39360.70  39682.92  40003.31  40318.59  40626.74  40924.47  41209.93  41479.18  41732.45  41941.88  42105.31  42233.88
       0.00      0.00  34748.01  34878.58  35041.63  35204.24  35386.25  35585.26  35801.65  36035.30  36286.58  36555.07  36840.79  37142.79  37460.42  37796.42  38119.92  38418.71  38732.74  39052.31  39375.39  39698.82  40020.48  40337.04  40646.50  40945.56  41232.57  41503.42  41760.02  41962.26  42130.07  42258.32
       0.00      0.00  34742.40  34872.55  35035.11  35197.04  35378.26  35576.49  35792.15  36025.20  36276.00  36544.17  36829.71  37131.74  37449.60  37785.98  38110.34  38409.72  38724.26  39044.29  39367.78  39691.52  40013.44  40330.13  40639.62  40938.61  41225.59  41496.59  41753.53  41957.45  42125.95  42254.98
       0.00      0.00  34754.12  34884.53  35047.23  35209.08  35389.98  35587.66  35802.58  36034.70  36284.43  36551.37  36835.58  37136.13  37452.41  37787.05  38109.85  38407.56  38720.64  39039.35  39361.65  39684.38  40005.41  40321.41  40630.37  40928.98  41215.64  41486.36  41742.71  41947.84  42115.44  42244.58
       0.00      0.00  34752.60  34882.92  35045.61  35207.65  35388.92  35587.10  35802.62  36035.40  36285.84  36553.50  36838.32  37139.32  37455.66  37789.74  38112.75  38409.30  38721.86  39040.25  39362.22  39684.53  40005.08  40320.55  40628.88  40926.71  41212.17  41481.26  41734.35  41942.89  42105.89  42233.56
       0.00      0.00  34734.27  34861.08  35019.92  35176.90  35351.84  35542.73  35749.93  35973.32  36213.28  36469.37  36741.64  37029.21  37331.72  37647.53  37981.29  38267.68  38564.23  38867.37  39173.82  39480.66  39785.99  40086.80  40381.36  40666.72  40941.49  41203.07  41450.38  41680.04  41895.77  42042.73
       0.00      0.00  34757.67  34881.68  35037.11  35189.08  35357.35  35540.18  35737.86  35950.24  36177.72  36419.90  36676.88  36947.88  37232.62  37529.58  37841.61  38139.96  38413.34  38697.42  38984.51  39271.94  39558.14  39840.43  40117.32  40386.12  40645.55  40893.10  41127.84  41347.49  41552.22  41727.37
       0.00      0.00  34761.56  34882.38  35034.37  35181.64  35343.68  35519.05  35707.90  35910.05  36125.83  36354.90  36597.38  36852.62  37120.50  37400.09  37690.30  37996.09  38262.34  38527.35  38796.24  39065.01  39332.67  39596.90  39856.55  40109.16  40353.72  40587.88  40810.91  41020.55  41217.55  41386.59
       0.00      0.00  34768.59  34889.42  35041.39  35188.55  35350.48  35525.75  35714.45  35916.42  36131.96  36360.70  36602.75  36857.44  37124.64  37403.41  37692.68  37997.46  38262.70  38526.66  38794.49  39062.27  39329.00  39592.42  39851.32  40103.33  40347.38  40581.16  40803.91  41013.47  41210.49  41379.52
       0.00      0.00  34753.33  34877.38  35032.98  35185.47  35354.50  35538.30  35737.10  35950.80  36179.73  36423.53  36682.23  36955.08  37241.68  37540.49  37854.41  38153.87  38428.71  38713.95  39001.90  39289.84  39576.14  39858.08  40134.14  40401.67  40659.41  40904.91  41137.39  41354.74  41557.32  41730.94
       0.00      0.00  34773.00  34900.41  35059.72  35216.98  35391.93  35582.51  35788.99  36011.29  36249.74  36503.96  36773.98  37058.99  37358.64  37671.38  38001.32  38283.80  38576.33  38875.19  39177.23  39479.58  39780.50  40077.00  40367.46  40648.99  40920.26  41178.77  41423.42  41650.78  41864.73  42008.87
       0.00      0.00  34753.04  34883.53  35046.39  35208.69  35390.27  35588.84  35804.82  36038.20  36289.33  36557.82  36843.67  37145.92  37463.87  37800.27  38123.97  38423.13  38737.47  39057.31  39380.55  39704.04  40025.64  40342.04  40651.24  40949.94  41236.52  41506.88  41762.96  41964.09  42131.23  42258.80
       0.00      0.00  34736.51  34869.23  35034.71  35200.53  35386.66  35590.58  35812.89  36053.53  36312.97  36590.78  36886.98  37200.55  37530.47  37883.30  38195.55  38511.10  38838.98  39172.71  39509.96  39847.28  40182.32  40511.39  40832.19  41141.07  41434.90  41714.82  41929.70  42113.37  42277.58  42403.28
       0.00      0.00  34737.23  34870.53  35036.80  35203.97  35391.81  35597.71  35822.10  36064.97  36326.65  36606.76  36905.25  37221.20  37553.61  37909.35  38222.16  38540.11  38869.49  39204.44  39542.73  39880.96  40216.79  40546.54  40867.95  41177.51  41471.96  41753.86  41960.50  42146.58  42309.16  42435.85
       0.00      0.00  34727.66  34860.64  35026.61  35193.38  35380.83  35586.42  35810.60  36053.32  36314.92  36594.97  36893.46  37209.42  37541.89  37897.68  38210.97  38529.16  38858.88  39194.26  39533.12  39872.09  40208.88  40539.83  40862.68  41173.95  41470.34  41754.31  41963.47  42151.63  42316.22  42444.29
       0.00      0.00  34731.00  34863.99  35030.00  35196.92  35384.56  35590.31  35814.59  36057.34  36318.90  36598.81  36897.04  37212.56  37544.30  37898.91  38211.95  38528.86  38857.92  39192.69  39530.87  39868.97  40204.64  40534.18  40855.24  41164.11  41457.55  41736.83  41949.23  42131.89  42294.80  42420.17
       0.00      0.00  34749.55  34880.12  35043.18  35205.68  35387.52  35586.39  35802.71  36036.37  36287.75  36556.40  36842.31  37144.53  37462.34  37798.50  38122.00  38420.74  38734.57  39053.85  39376.55  39699.53  40020.72  40336.80  40645.80  40944.42  41231.08  41501.69  41758.03  41961.13  42128.67  42257.04
       0.00      0.00  34744.24  34871.26  35030.35  35187.44  35362.35  35553.13  35760.15  35983.34  36223.02  36478.79  36750.67  37037.80  37339.81  37655.05  37987.94  38273.34  38568.68  38870.36  39175.20  39480.32  39783.94  40083.08  40376.07  40660.04  40933.61  41194.28  41440.88  41669.93  41884.99  42029.74
       0.00      0.00  34753.75  34877.90  35033.73  35186.61  35356.15  35540.54  35739.93  35954.16  36183.48  36427.50  36686.21  36958.84  37245.01  37543.18  37856.27  38154.72  38428.52  38712.72  38999.68  39286.78  39572.47  39854.10  40130.18  40398.11  40656.60  40903.17  41136.92  41355.58  41559.41  41734.01
       0.00      0.00  34764.06  34884.74  35036.57  35183.45  35344.97  35519.75  35707.96  35909.44  36124.52  36352.84  36594.52  36848.89  37115.79  37394.28  37683.29  37987.67  38253.10  38516.66  38784.14  39051.53  39317.90  39580.98  39839.66  40091.54  40335.56  40569.44  40792.34  41002.08  41199.27  41368.43
       0.00      0.00  34749.85  34870.59  35022.57  35170.01  35332.43  35508.36  35697.88  35900.79  36117.38  36347.27  36590.54  36846.51  37115.04  37395.19  37685.88  37992.08  38259.14  38524.63  38794.04  39063.43  39331.76  39596.75  39857.21  40110.74  40356.27  40591.49  40815.68  41026.64  41225.08  41395.38
       0.00      0.00  34754.54  34878.20  35033.15  35184.94  35353.22  35536.17  35734.03  35946.68  36174.46  36417.06  36674.50  36946.08  37231.43  37529.08  37841.89  38140.70  38414.96  38699.97  38988.01  39276.52  39563.83  39847.30  40125.41  40395.50  40656.24  40905.14  41141.19  41362.16  41568.11  41744.32
       0.00      0.00  34735.15  34862.00  35020.83  35177.63  35352.21  35542.59  35749.12  35971.70  36210.74  36465.80  36737.00  37023.50  37325.01  37639.89  37972.90  38258.55  38554.39  38856.85  39162.77  39469.28  39774.57  40075.65  40370.84  40657.22  40933.40  41196.88  41446.49  41678.77  41897.17  42044.73
       0.00      0.00  34723.75  34853.87  35016.41  35178.41  35359.76  35558.18  35774.15  36007.64  36259.08  36528.07  36814.64  37117.88  37437.14  37775.06  38101.33  38402.55  38719.05  39041.14  39366.79  39692.85  40017.17  40336.40  40648.51  40950.19  41239.80  41513.28  41772.31  41978.05  42147.20  42276.43
       0.00      0.00  34730.41  34863.11  35028.51  35194.20  35380.22  35584.13  35806.51  36047.35  36307.11  36585.40  36882.24  37196.73  37527.95  37882.65  38195.72  38513.34  38842.75  39177.94  39516.79  39855.87  40192.85  40524.10  40847.35  41159.14  41456.27  41741.03  41953.17  42142.28  42307.86  42435.91
       0.00      0.00  34723.64  34858.77  35027.07  35196.87  35388.17  35598.21  35827.55  36076.17  36344.49  36632.09  36938.94  37263.96  37607.51  37967.00  38280.78  38611.59  38952.70  39299.83  39650.60  40001.41  40349.64  40691.29  41023.71  41342.00  41648.54  41892.69  42098.38  42278.51  42449.26  42580.35
       0.00      0.00  34730.01  34865.68  35034.61  35204.96  35396.64  35606.89  35836.35  36085.00  36353.36  36641.05  36948.11  37273.53  37617.85  37977.74  38292.49  38624.33  38966.23  39314.06  39665.41  40016.57  40364.88  40706.27  41038.11  41355.59  41661.88  41900.42  42105.74  42284.89  42454.70  42585.10
       0.00      0.00  34727.75  34863.02  35031.49  35201.33  35392.58  35602.49  35831.68  36080.15  36348.33  36635.81  36942.59  37267.56  37611.05  37970.50  38284.17  38614.80  38955.64  39302.38  39652.63  40002.74  40350.10  40690.74  41022.01  41339.06  41644.33  41887.16  42091.74  42270.86  42440.52  42570.67
       0.00      0.00  34731.84  34864.51  35029.75  35195.35  35381.31  35585.11  35807.38  36048.07  36307.69  36585.81  36882.51  37196.89  37528.01  37882.64  38195.76  38513.36  38842.76  39177.98  39516.84  39855.94  40192.90  40524.11  40847.20  41158.78  41455.64  41740.14  41952.11  42141.27  42307.26  42436.09
       0.00      0.00  34739.41  34870.02  35033.15  35195.82  35377.88  35577.03  35793.66  36027.69  36279.52  36548.68  36835.21  37138.19  37456.96  37794.22  38119.11  38419.12  38734.16  39054.60  39378.40  39702.42  40024.54  40341.46  40651.20  40950.49  41237.82  41509.15  41766.35  41969.96  42138.18  42266.83
       0.00      0.00  34754.52  34881.70  35040.89  35198.18  35373.30  35564.24  35771.26  35994.27  36233.56  36488.71  36759.76  37045.84  37346.63  37660.48  37991.86  38275.58  38569.11  38868.81  39171.60  39474.56  39775.95  40072.82  40363.60  40645.42  40917.07  41176.09  41421.47  41649.89  41864.85  42011.93
       0.00      0.00  34766.20  34890.16  35045.46  35197.23  35365.13  35547.35  35744.25  35955.72  36182.18  36423.21  36678.97  36948.63  37231.93  37527.35  37837.66  38134.51  38405.92  38687.93  38972.87  39258.04  39541.90  39821.78  40096.24  40362.63  40619.75  40865.17  41098.04  41316.19  41519.92  41694.86
       0.00      0.00  34763.82  34884.50  35036.39  35183.70  35345.88  35521.45  35710.51  35912.88  36128.87  36358.08  36600.61  36855.78  37123.40  37402.54  37692.08  37996.95  38262.22  38525.95  38793.38  39060.55  39326.48  39588.91  39846.70  40097.50  40340.30  40572.88  40794.52  41003.10  41199.51  41368.53
       0.00      0.00  34763.98  34884.43  35035.83  35182.17  35343.09  35517.22  35704.74  35905.52  36119.91  36347.57  36588.66  36842.53  37109.08  37387.40  37676.52  37981.40  38247.77  38512.70  38781.94  39051.49  39320.26  39585.93  39847.24  40101.71  40348.17  40584.23  40809.05  41020.37  41218.71  41388.33
       0.00      0.00  34753.42  34877.58  35033.32  35186.00  35355.27  35539.34  35738.38  35952.26  36181.30  36425.13  36683.79  36956.48  37242.86  37541.38  37855.01  38154.08  38429.00  38714.64  39003.33  39292.34  39580.00  39863.60  40141.53  40411.06  40670.82  40918.27  41152.53  41371.44  41575.33  41749.80
       0.00      0.00  34749.79  34876.99  35036.20  35193.30  35368.14  35558.74  35765.46  35988.20  36227.36  36482.54  36753.82  37040.35  37341.77  37656.46  37988.88  38274.03  38569.51  38871.62  39177.16  39483.16  39787.76  40087.91  40381.84  40666.52  40940.49  41201.10  41447.22  41675.47  41889.47  42034.84
       0.00      0.00  34742.32  34872.84  35035.79  35198.28  35380.16  35579.13  35795.64  36029.67  36281.60  36551.05  36837.99  37141.52  37460.89  37798.90  38124.12  38425.05  38741.20  39062.93  39388.12  39713.62  40037.28  40355.74  40666.95  40967.57  41255.90  41527.74  41785.20  41985.62  42153.47  42280.71
       0.00      0.00  34728.07  34861.46  35027.89  35195.23  35383.29  35589.51  35814.34  36057.78  36320.17  36601.13  36900.64  37217.79  37551.59  37908.96  38223.35  38543.26  38874.71  39211.85  39552.44  39893.01  40231.17  40563.22  40886.80  41198.34  41494.52  41777.96  41984.31  42170.93  42334.02  42460.82
       0.00      0.00  34714.22  34849.50  35018.10  35188.32  35380.10  35590.75  35820.88  36070.52  36340.11  36629.24  36937.90  37265.03  37611.07  37972.59  38288.89  38622.11  38965.19  39313.97  39666.10  40017.86  40366.68  40708.55  41040.94  41359.17  41666.43  41906.91  42113.96  42294.98  42466.76  42598.61
       0.00      0.00  34715.71  34852.31  35022.43  35194.93  35389.82  35604.23  35838.71  36093.29  36368.32  36663.39  36978.41  37312.23  37666.71  38026.97  38348.39  38689.30  39039.57  39395.49  39754.59  40113.00  40467.96  40815.22  41151.95  41473.88  41777.86  41991.77  42196.62  42381.75  42555.70  42689.23
       0.00      0.00  34705.29  34841.72  35011.65  35183.92  35378.50  35592.52  35826.58  36080.64  36355.13  36649.62  36964.03  37297.21  37651.03  38011.13  38332.22  38672.76  39022.76  39378.57  39737.73  40096.44  40451.93  40799.99  41137.79  41460.85  41767.97  41983.07  42189.71  42376.23  42551.65  42686.26
       0.00      0.00  34719.36  34854.53  35022.98  35193.31  35385.45  35596.70  35827.53  36077.94  36348.25  36638.08  36947.33  37274.98  37621.49  37983.12  38299.62  38633.08  38976.33  39325.26  39677.48  40029.31  40378.11  40719.91  41052.11  41370.02  41676.90  41915.81  42122.16  42302.59  42473.90  42605.73
       0.00      0.00  34719.23  34852.18  35018.03  35184.38  35371.23  35576.15  35799.74  36041.97  36303.27  36583.24  36881.86  37198.22  37531.35  37888.01  38202.79  38522.20  38853.24  39189.96  39530.18  39870.48  40208.55  40540.72  40864.76  41177.20  41474.79  41759.96  41971.15  42160.48  42325.58  42453.28
       0.00      0.00  34735.51  34865.48  35027.70  35189.65  35371.17  35569.92  35786.34  36020.37  36272.38  36541.95  36829.04  37132.73  37452.29  37790.43  38116.27  38417.36  38733.64  39055.45  39380.63  39706.05  40029.51  40347.69  40658.50  40958.67  41246.56  41518.11  41775.22  41978.05  42146.27  42275.37
       0.00      0.00  34768.53  34895.57  35054.50  35211.19  35385.52  35575.52  35781.53  36003.46  36241.64  36495.67  36765.57  37050.53  37350.13  37662.75  37992.87  38275.40  38568.01  38867.08  39169.43  39472.17  39773.51  40070.49  40361.45  40643.47  40915.13  41173.82  41418.39  41645.33  41858.36  42001.83
       0.00      0.00  34778.88  34902.95  35058.51  35210.51  35378.69  35561.33  35758.73  35970.74  36197.74  36439.34  36695.57  36965.66  37249.24  37544.74  37855.09  38151.02  38422.23  38703.97  38988.60  39273.40  39556.82  39836.17  40109.99  40375.63  40631.86  40876.17  41107.68  41324.14  41525.72  41698.02
       0.00      0.00  34776.57  34897.18  35048.78  35195.31  35356.31  35530.39  35717.70  35918.14  36132.02  36359.01  36599.24  36852.06  37117.32  37394.08  37681.33  37983.96  38247.91  38509.95  38776.06  39042.19  39307.37  39569.34  39826.94  40077.79  40320.81  40553.70  40775.66  40984.46  41180.79  41349.19
       0.00      0.00  34756.87  34880.88  35036.46  35188.97  35358.10  35542.02  35740.91  35954.59  36183.36  36426.78  36684.91  36956.89  37242.32  37539.57  37851.51  38149.65  38422.76  38707.01  38994.37  39282.06  39568.41  39850.74  40127.47  40395.89  40654.65  40901.21  41134.60  41352.53  41555.25  41728.13
       0.00      0.00  34742.97  34869.81  35028.64  35185.67  35360.70  35551.69  35758.86  35982.09  36221.68  36477.21  36748.67  37035.17  37336.21  37649.85  37982.04  38265.89  38560.04  38861.37  39166.18  39471.46  39775.28  40074.65  40367.75  40651.57  40924.57  41184.00  41428.70  41655.58  41867.32  42020.90
       0.00      0.00  34733.04  34863.03  35025.42  35187.34  35368.68  35567.13  35783.16  36016.69  36268.13  36537.04  36823.39  37126.17  37444.50  37780.84  38106.26  38405.39  38720.62  39041.71  39366.33  39691.23  40014.18  40331.85  40642.10  40941.54  41228.31  41498.51  41752.51  41962.90  42126.93  42256.10
       0.00      0.00  34719.33  34851.71  35016.73  35182.01  35367.61  35571.05  35792.95  36033.25  36292.48  36570.15  36866.32  37179.95  37510.07  37863.13  38176.29  38492.42  38821.06  39155.72  39494.19  39833.06  40170.02  40501.50  40825.14  41137.35  41434.99  41719.11  41939.37  42127.57  42296.21  42425.05
       0.00      0.00  34715.26  34850.23  35018.46  35188.27  35379.69  35590.01  35819.85  36069.18  36338.41  36627.10  36935.23  37261.66  37606.75  37967.65  38282.93  38615.24  38957.71  39306.05  39657.84  40009.41  40358.17  40700.12  41032.66  41350.96  41657.67  41901.30  42107.84  42288.65  42460.10  42591.35
       0.00      0.00  34699.06  34835.24  35004.82  35176.71  35370.89  35584.55  35818.34  36072.31  36346.87  36641.63  36956.56  37290.51  37645.31  38006.72  38329.33  38671.59  39023.48  39381.36  39742.70  40103.69  40461.42  40811.69  41151.50  41476.45  41783.93  42000.25  42207.26  42394.17  42569.55  42703.97
       0.00      0.00  34722.68  34860.06  35030.97  35204.16  35399.73  35614.81  35850.07  36105.50  36381.58  36677.84  36994.28  37329.67  37686.79  38044.01  38366.42  38710.02  39063.05  39422.05  39784.49  40146.42  40504.96  40856.54  41204.03  41530.79  41805.43  42026.33  42229.23  42418.04  42593.62  42727.81
       0.00      0.00  34715.39  34851.79  35021.54  35193.42  35387.46  35600.82  35834.14  36087.43  36361.14  36654.84  36968.53  37301.08  37654.33  38013.98  38334.74  38675.06  39024.94  39380.72  39739.92  40098.69  40454.25  40802.37  41140.16  41463.22  41769.56  41984.45  42190.52  42376.46  42550.95  42684.64
       0.00      0.00  34719.91  34854.83  35022.90  35192.62  35384.04  35594.45  35824.43  36073.92  36343.31  36632.18  36940.44  37267.00  37612.18  37973.05  38288.30  38620.52  38962.79  39310.85  39662.24  40013.27  40361.36  40702.47  41033.98  41351.08  41656.42  41898.71  42103.82  42283.66  42454.72  42586.39
       0.00      0.00  34729.59  34862.25  35027.64  35193.72  35380.46  35585.32  35808.80  36050.86  36311.89  36591.45  36889.50  37204.99  37536.85  37891.69  38205.29  38522.59  38852.02  39187.20  39525.79  39864.40  40200.70  40531.06  40853.20  41163.49  41458.75  41740.40  41954.88  42140.44  42305.81  42433.26
       0.00      0.00  34756.11  34886.26  35048.71  35210.52  35391.58  35589.57  35804.90  36037.47  36287.60  36554.84  36839.15  37139.45  37454.93  37787.96  38109.87  38405.00  38716.01  39032.68  39352.83  39673.28  39991.99  40305.70  40612.43  40908.93  41193.46  41462.21  41715.34  41926.74  42090.73  42220.23
       0.00      0.00  34756.92  34883.39  35041.62  35197.91  35372.06  35561.98  35768.00  35990.01  36228.35  36482.60  36752.74  37037.88  37337.52  37649.71  37980.46  38262.73  38555.09  38854.51  39157.26  39460.32  39761.77  40058.64  40349.16  40630.44  40900.98  41158.17  41400.86  41626.07  41836.58  41990.74
       0.00      0.00  34787.85  34911.85  35067.28  35219.20  35387.30  35569.82  35766.94  35978.48  36204.78  36445.40  36700.38  36968.87  37250.50  37543.63  37851.12  38144.94  38413.17  38692.42  38974.71  39257.33  39538.71  39816.25  40088.49  40352.80  40607.94  40851.36  41082.15  41297.94  41499.10  41671.07
       0.00      0.00  34758.38  34878.94  35030.58  35177.37  35338.90  35513.77  35702.11  35903.74  36119.00  36347.49  36589.34  36843.88  37110.96  37389.70  37679.09  37984.05  38250.44  38515.12  38783.99  39053.02  39321.18  39586.18  39846.76  40100.51  40346.30  40581.76  40806.06  41016.94  41214.97  41384.47
       0.00      0.00  34766.00  34890.26  35046.17  35199.21  35369.00  35553.64  35753.27  35967.71  36197.19  36441.30  36700.00  36972.49  37258.35  37556.07  37868.62  38165.81  38439.01  38722.65  39009.12  39295.71  39580.84  39861.80  40137.09  40404.04  40661.37  40906.61  41138.90  41356.22  41559.02  41733.19
       0.00      0.00  34750.81  34877.96  35037.10  35194.34  35369.50  35560.55  35767.77  35991.09  36230.83  36486.62  36758.44  37045.49  37347.33  37662.42  37994.97  38280.18  38575.61  38877.57  39182.76  39488.30  39792.25  40091.65  40384.75  40668.58  40941.73  41201.63  41447.21  41675.15  41889.38  42033.94
       0.00      0.00  34724.66  34855.17  35018.37  35181.52  35364.39  35564.62  35782.53  36018.00  36271.34  36542.08  36830.17  37134.63  37454.72  37793.15  38118.89  38419.87  38735.91  39057.35  39382.16  39707.23  40030.48  40348.62  40659.70  40960.39  41249.09  41521.67  41779.98  41984.34  42153.43  42282.81
       0.00      0.00  34726.53  34859.92  35026.37  35193.76  35381.91  35588.26  35813.23  36056.78  36319.26  36600.32  36899.91  37217.16  37551.07  37908.59  38223.20  38543.38  38875.18  39212.80  39553.95  39895.22  40234.17  40567.05  40891.42  41203.64  41500.25  41783.95  41989.10  42175.20  42337.83  42464.19
       0.00      0.00  34711.24  34846.38  35014.79  35184.84  35376.51  35587.03  35817.02  36066.44  36335.71  36624.42  36932.55  37259.07  37604.43  37965.44  38281.19  38613.83  38956.41  39304.83  39656.77  40008.58  40357.69  40700.12  41033.34  41352.63  41661.09  41902.85  42111.13  42293.44  42466.39  42599.04
       0.00      0.00  34714.73  34851.35  35021.48  35193.99  35388.79  35603.04  35837.35  36091.73  36366.58  36661.52  36976.43  37310.21  37664.65  38025.07  38346.61  38687.67  39038.10  39394.24  39753.55  40112.18  40467.33  40814.69  41151.37  41473.03  41776.48  41989.45  42193.15  42376.85  42549.33  42681.92
       0.00      0.00  34720.68  34857.45  35027.75  35200.24  35394.93  35608.93  35842.79  36096.50  36370.44  36664.22  36977.80  37310.02  37662.82  38021.67  38341.56  38680.91  39029.70  39384.32  39742.28  40099.78  40454.02  40800.80  41137.24  41459.01  41763.41  41977.18  42182.07  42367.36  42541.65  42675.49
       0.00      0.00  34725.90  34861.19  35029.63  35199.64  35391.17  35601.43  35831.04  36079.95  36348.61  36636.57  36943.87  37269.46  37613.83  37973.68  38288.27  38619.74  38961.07  39308.20  39658.78  40009.15  40356.76  40697.68  41029.29  41346.99  41653.83  41894.40  42101.15  42281.85  42453.32  42585.02
       0.00      0.00  34734.94  34868.33  35034.73  35201.72  35389.27  35594.85  35818.99  36061.66  36323.23  36603.30  36901.86  37218.00  37550.72  37906.90  38220.27  38538.81  38868.84  39204.43  39543.45  39882.43  40219.06  40549.68  40872.00  41182.56  41478.09  41761.29  41968.00  42155.10  42318.61  42445.39
       0.00      0.00  34737.70  34867.72  35030.09  35192.01  35373.38  35571.90  35788.00  36021.61  36273.08  36541.99  36828.32  37131.14  37449.70  37786.70  38111.49  38411.30  38726.25  39046.65  39370.42  39694.41  40016.53  40333.44  40643.14  40942.41  41229.66  41500.92  41757.92  41962.52  42130.87  42260.24
       0.00      0.00  34769.04  34896.43  35055.80  35213.08  35388.05  35578.66  35785.20  36007.56  36246.08  36500.32  36770.34  37055.31  37354.86  37667.38  37997.20  38279.50  38571.90  38870.73  39172.78  39475.16  39776.05  40072.47  40362.75  40643.94  40914.71  41172.46  41416.19  41642.55  41855.25  42000.47
       0.00      0.00  34780.86  34904.91  35060.48  35212.61  35381.08  35564.10  35761.89  35974.26  36201.49  36443.18  36699.34  36969.16  37252.28  37547.14  37856.73  38151.60  38421.91  38702.74  38986.52  39270.55  39553.35  39832.24  40105.83  40371.43  40627.89  40872.65  41104.79  41322.01  41524.42  41697.50
       0.00      0.00  34778.12  34898.85  35050.64  35197.44  35358.80  35533.27  35720.99  35921.76  36135.94  36363.13  36603.49  36856.34  37121.56  37398.23  37685.36  37987.90  38251.52  38513.52  38779.62  39045.82  39311.15  39573.32  39831.14  40082.19  40325.40  40558.39  40780.38  40989.14  41185.38  41353.81
       0.00      0.00  34767.76  34888.65  35040.68  35187.95  35350.01  35525.42  35714.26  35916.33  36131.96  36360.75  36602.83  36857.51  37124.69  37403.42  37692.66  37997.39  38262.65  38526.56  38794.36  39062.08  39328.71  39591.94  39850.60  40102.30  40345.99  40579.39  40801.81  41011.15  41208.16  41377.44
       0.00      0.00  34759.84  34884.06  35039.87  35192.38  35361.32  35544.91  35743.32  35956.37  36184.39  36426.91  36684.03  36954.91  37239.28  37535.62  37846.88  38143.92  38416.28  38699.27  38985.38  39271.99  39557.60  39839.58  40116.44  40385.50  40645.43  40893.65  41129.16  41349.64  41555.02  41730.38
       0.00      0.00  34729.95  34857.00  35016.21  35173.76  35349.38  35541.05  35749.04  35973.24  36213.96  36470.80  36743.77  37032.07  37335.30  37651.86  37986.13  38273.00  38569.90  38873.17  39179.59  39486.28  39791.37  40091.87  40386.05  40671.01  40945.40  41206.69  41453.87  41683.61  41899.72  42045.39
       0.00      0.00  34739.67  34870.40  35033.73  35196.53  35378.66  35577.77  35794.29  36028.15  36279.71  36548.61  36834.84  37137.48  37455.89  37792.76  38117.18  38416.81  38731.47  39051.52  39374.94  39698.60  40020.44  40337.15  40646.80  40946.18  41233.78  41505.58  41763.42  41967.61  42136.26  42265.10
       0.00      0.00  34734.34  34867.07  35032.47  35198.16  35384.16  35587.95  35810.14  36050.70  36310.09  36587.89  36884.19  37198.09  37528.68  37882.76  38195.13  38512.20  38841.10  39175.89  39514.41  39853.25  40190.06  40521.21  40844.35  41156.02  41452.98  41737.52  41949.39  42138.44  42304.09  42432.42
       0.00      0.00  34720.15  34855.34  35023.80  35193.69  35385.06  35595.19  35824.65  36073.40  36341.89  36629.67  36936.73  37261.96  37605.73  37965.45  38279.40  38610.27  38951.30  39298.22  39648.67  39998.98  40346.59  40687.54  41019.16  41336.69  41642.51  41886.68  42092.12  42272.38  42443.28  42574.46
       0.00      0.00  34724.71  34859.76  35028.08  35198.19  35390.02  35600.85  35831.18  36081.01  36350.70  36639.82  36948.29  37275.09  37620.66  37981.30  38296.71  38629.00  38971.04  39318.73  39669.73  40020.39  40368.13  40708.97  41040.35  41357.48  41663.77  41900.85  42106.49  42286.62  42457.67  42589.20
       0.00      0.00  34729.16  34864.21  35032.47  35202.28  35393.62  35603.77  35833.32  36082.27  36351.02  36639.15  36946.59  37272.20  37616.26  37975.95  38289.79  38620.41  38960.94  39307.06  39656.38  40005.24  40351.11  40690.01  41019.41  41334.54  41637.95  41878.98  42082.47  42260.95  42430.58  42561.05
       0.00      0.00  34729.85  34862.89  35028.86  35195.69  35383.21  35588.85  35813.05  36055.77  36317.37  36597.44  36895.93  37211.93  37544.46  37900.35  38213.62  38531.77  38861.34  39196.50  39535.05  39873.64  40209.95  40540.37  40862.65  41173.27  41468.99  41752.31  41960.81  42148.49  42312.55  42440.27
       0.00      0.00  34743.33  34873.63  35036.33  35198.61  35380.30  35579.03  35795.23  36028.78  36280.08  36548.71  36834.66  37137.03  37455.14  37791.70  38115.92  38415.12  38729.28  39048.74  39371.50  39694.42  40015.46  40331.34  40640.10  40938.56  41225.26  41496.23  41753.47  41956.96  42125.88  42255.11
       0.00      0.00  34763.86  34890.78  35049.54  35206.17  35380.46  35570.41  35776.38  35998.29  36236.52  36490.65  36760.76  37046.03  37346.09  37659.35  37990.19  38273.52  38566.88  38866.63  39169.65  39473.11  39775.24  40073.10  40365.04  40648.15  40921.06  41181.19  41427.35  41655.97  41870.91  42013.82
       0.00      0.00  34772.44  34896.30  35051.52  35203.24  35371.16  35553.48  35750.46  35961.94  36188.28  36429.08  36684.46  36953.63  37236.33  37531.07  37840.78  38136.62  38407.56  38689.24  38974.08  39259.45  39543.85  39824.69  40100.45  40368.52  40627.58  40875.08  41109.97  41329.87  41534.69  41709.62
       0.00      0.00  34765.84  34886.53  35038.40  35185.62  35347.66  35523.00  35711.71  35913.60  36128.93  36357.30  36598.83  36852.84  37119.21  37397.01  37685.24  37988.83  38253.41  38516.23  38783.05  39049.89  39315.82  39578.57  39837.00  40088.74  40332.74  40566.70  40789.84  40999.99  41197.86  41367.97
       0.00      0.00  34751.08  34871.85  35023.93  35171.45  35333.93  35509.94  35699.59  35902.70  36119.55  36349.74  36593.33  36849.63  37118.45  37398.82  37689.65  37995.86  38262.54  38527.67  38796.57  39065.27  39332.82  39596.97  39856.58  40109.29  40354.05  40588.51  40811.90  41021.94  41219.23  41388.32
       0.00      0.00  34755.50  34879.48  35035.04  35187.59  35356.76  35540.77  35739.81  35953.76  36182.90  36426.87  36685.67  36958.56  37245.15  37543.92  37857.81  38156.84  38431.67  38716.94  39005.06  39293.36  39580.24  39863.03  40140.21  40409.10  40668.44  40915.69  41149.96  41369.06  41573.33  41748.40
       0.00      0.00  34745.86  34872.81  35031.64  35188.43  35362.97  35553.19  35759.48  35981.73  36220.35  36474.91  36745.50  37031.29  37331.97  37645.90  37977.76  38262.20  38556.71  38857.74  39162.19  39467.22  39771.05  40070.75  40364.60  40649.70  40924.62  41186.77  41434.98  41665.82  41882.90  42029.37
       0.00      0.00  34749.69  34880.29  35043.33  35205.80  35387.56  35586.28  35802.34  36035.68  36286.72  36555.04  36840.70  37142.78  37460.62  37796.96  38120.80  38420.05  38734.59  39054.71  39378.37  39702.40  40024.67  40341.84  40651.84  40951.32  41238.62  41509.53  41766.01  41967.36  42134.61  42262.33
       0.00      0.00  34725.16  34858.11  35024.14  35191.07  35378.75  35584.62  35809.11  36052.16  36314.07  36594.40  36893.08  37209.08  37541.28  37896.35  38209.71  38527.04  38856.46  39191.59  39530.16  39868.73  40205.00  40535.30  40857.32  41167.34  41462.10  41743.07  41955.64  42140.23  42304.02  42430.15
       0.00      0.00  34733.52  34867.05  35033.56  35200.69  35388.32  35593.83  35817.75  36060.03  36321.12  36600.61  36898.56  37214.04  37546.10  37901.54  38214.60  38532.42  38861.76  39196.66  39534.98  39873.26  40209.22  40539.16  40860.84  41170.68  41465.54  41747.76  41956.39  42142.82  42305.85  42432.69
       0.00      0.00  34744.17  34877.52  35043.75  35210.53  35397.74  35602.78  35826.16  36067.84  36328.22  36606.91  36903.95  37218.39  37549.30  37903.51  38215.17  38531.65  38859.60  39193.12  39530.07  39867.02  40201.72  40530.49  40851.15  41160.18  41454.41  41736.32  41944.58  42131.18  42294.40  42421.48
       0.00      0.00  34740.45  34873.11  35038.51  35204.45  35390.87  35595.25  35818.11  36059.40  36319.51  36598.02  36894.87  37209.04  37539.44  37892.67  38204.56  38520.08  38847.67  39180.96  39517.71  39854.48  40189.00  40517.65  40838.07  41146.61  41440.05  41719.77  41932.50  42116.33  42280.21  42406.38
       0.00      0.00  34750.69  34881.15  35044.01  35205.98  35387.06  35584.98  35800.26  36032.84  36283.14  36550.73  36835.65  37136.93  37453.91  37789.18  38112.48  38410.44  38723.53  39042.02  39363.91  39686.06  40006.43  40321.75  40630.04  40928.07  41214.25  41484.58  41740.75  41944.17  42111.40  42239.37
       0.00      0.00  34762.16  34889.71  35049.39  35207.48  35383.57  35575.52  35783.53  36007.45  36247.53  36503.38  36774.97  37061.48  37362.49  37676.44  38007.27  38290.48  38583.45  38882.46  39184.40  39486.42  39786.80  40082.63  40372.31  40653.00  40923.42  41181.12  41425.07  41651.95  41865.57  42010.51
       0.00      0.00  34765.46  34889.46  35044.97  35197.10  35365.58  35548.64  35746.47  35958.88  36186.21  36428.01  36684.36  36954.45  37237.97  37533.38  37843.58  38139.64  38410.57  38691.91  38976.12  39260.57  39543.83  39823.30  40097.62  40364.19  40621.88  40868.27  41102.47  41322.32  41527.83  41704.01
       0.00      0.00  34764.95  34885.87  35038.04  35185.61  35348.06  35523.91  35713.22  35915.79  36131.90  36361.19  36603.75  36858.93  37126.56  37405.72  37695.30  38000.29  38265.65  38529.59  38797.28  39064.78  39331.10  39593.97  39852.21  40103.43  40346.63  40579.47  40801.28  41009.91  41206.19  41374.90
       0.00      0.00  34750.48  34871.21  35023.18  35170.55  35332.81  35508.52  35697.75  35900.35  36116.61  36346.14  36589.05  36844.66  37112.80  37392.53  37682.78  37988.44  38255.06  38519.83  38788.44  39056.93  39324.34  39588.41  39848.00  40100.74  40345.60  40580.32  40804.13  41014.88  41213.26  41383.67
       0.00      0.00  34754.45  34878.65  35034.56  35187.21  35356.35  35540.28  35739.20  35952.99  36181.95  36425.67  36684.17  36956.64  37242.72  37540.85  37853.98  38152.35  38426.29  38710.66  38997.87  39285.29  39571.40  39853.54  40130.29  40399.01  40658.48  40906.11  41140.95  41360.56  41564.91  41739.23
       0.00      0.00  34750.52  34877.76  35037.11  35194.63  35370.04  35561.28  35768.63  35991.98  36231.65  36487.26  36758.83  37045.54  37346.99  37661.60  37993.59  38278.28  38573.18  38874.58  39179.28  39484.38  39788.03  40087.18  40380.15  40663.90  40937.00  41196.76  41442.12  41669.70  41883.37  42028.33
       0.00      0.00  34733.72  34863.51  35025.66  35187.22  35368.13  35566.08  35781.59  36014.56  36265.40  36533.66  36819.36  37121.45  37439.10  37774.71  38099.62  38397.96  38712.38  39032.66  39356.49  39680.67  40003.04  40320.26  40630.26  40929.60  41216.46  41486.87  41741.23  41951.51  42115.85  42244.87
       0.00      0.00  34742.47  34872.73  35035.45  35197.57  35378.97  35577.37  35793.18  36026.33  36277.19  36545.38  36830.91  37132.84  37450.55  37786.68  38110.68  38409.80  38724.21  39044.25  39367.89  39692.00  40014.47  40331.95  40642.40  40942.39  41230.29  41501.91  41759.04  41962.50  42130.20  42258.36
       0.00      0.00  34753.97  34884.27  35046.83  35208.39  35388.94  35586.22  35800.73  36032.45  36281.84  36548.52  36832.57  37133.08  37449.42  37784.22  38107.09  38404.79  38717.64  39035.97  39357.85  39680.19  40000.99  40316.98  40626.19  40925.38  41212.93  41484.81  41742.78  41947.03  42115.97  42244.98
       0.00      0.00  34737.02  34867.58  35030.80  35193.76  35376.27  35575.96  35793.16  36027.78  36280.17  36549.89  36836.92  37140.29  37459.26  37796.56  38121.15  38420.84  38735.49  39055.47  39378.76  39702.23  40023.83  40340.29  40649.62  40948.53  41235.45  41506.29  41762.96  41965.51  42133.25  42261.30
       0.00      0.00  34758.50  34888.77  35051.45  35213.63  35395.17  35593.73  35809.71  36043.03  36294.05  36562.32  36847.75  37149.33  37466.08  37800.47  38123.16  38419.37  38731.20  39048.45  39368.84  39689.18  40007.39  40320.18  40625.62  40920.41  41202.86  41469.09  41719.59  41926.86  42088.60  42216.35
       0.00      0.00  34746.29  34873.54  35032.95  35190.64  35366.38  35558.05  35765.90  35989.77  36229.98  36486.08  36758.06  37045.07  37346.67  37661.20  37993.18  38277.45  38571.59  38872.00  39175.54  39479.35  39781.65  40079.51  40371.24  40653.96  40926.27  41185.59  41430.93  41658.93  41873.52  42018.91
       0.00      0.00  34761.63  34885.39  35040.69  35192.65  35361.10  35544.29  35742.49  35955.56  36183.83  36426.89  36684.79  36956.68  37242.23  37539.87  37852.49  38150.46  38423.87  38707.72  38994.35  39281.12  39566.48  39847.77  40123.52  40391.09  40649.18  40895.34  41128.64  41346.91  41550.31  41724.27
       0.00      0.00  34777.88  34898.77  35050.74  35197.75  35359.33  35534.04  35721.99  35923.02  36137.48  36365.02  36605.79  36859.15  37125.00  37402.41  37690.36  37993.76  38257.94  38520.57  38787.17  39053.76  39319.37  39581.73  39839.68  40090.80  40334.01  40566.99  40788.98  40997.79  41194.15  41362.82
       0.00      0.00  34760.60  34881.35  35033.19  35180.18  35341.84  35516.74  35705.00  35906.48  36121.55  36349.80  36591.41  36845.71  37112.56  37391.05  37680.17  37984.78  38250.70  38514.83  38783.10  39051.50  39319.07  39583.56  39843.79  40097.32  40343.05  40578.55  40802.93  41013.93  41212.18  41382.24
       0.00      0.00  34754.25  34878.23  35033.82  35186.28  35355.25  35538.95  35737.54  35950.83  36179.16  36422.06  36679.61  36950.99  37235.86  37532.70  37844.44  38142.11  38415.03  38698.66  38985.38  39272.52  39558.53  39840.76  40117.72  40386.70  40646.39  40894.16  41129.03  41348.70  41553.33  41728.25
       0.00      0.00  34754.03  34881.09  35040.16  35197.33  35372.32  35563.02  35769.66  35992.08  36230.62  36484.85  36754.83  37039.63  37338.83  37650.51  37980.61  38262.35  38554.34  38853.55  39156.37  39459.84  39762.14  40060.28  40352.53  40635.88  40908.74  41168.32  41413.31  41640.47  41852.47  42005.93
       0.00      0.00  34755.31  34882.37  35041.36  35198.13  35372.49  35562.45  35768.36  35990.14  36228.24  36482.25  36752.29  37037.54  37337.65  37650.96  37982.11  38265.88  38559.88  38860.50  39164.59  39469.24  39772.68  40071.87  40365.11  40649.40  40923.27  41184.06  41430.65  41659.59  41874.61  42020.49
       0.00      0.00  34749.02  34876.24  35035.61  35193.18  35368.67  35560.04  35767.55  35991.07  36230.93  36486.73  36758.51  37045.44  37347.17  37662.11  37994.32  38279.17  38574.00  38875.13  39179.46  39484.16  39787.44  40086.38  40379.32  40663.32  40937.06  41197.94  41444.88  41674.31  41890.18  42033.50
       0.00      0.00  34750.38  34877.24  35035.95  35192.82  35367.55  35558.06  35764.71  35987.41  36226.55  36481.72  36752.99  37039.51  37340.88  37655.49  37987.57  38272.17  38566.69  38867.51  39171.49  39475.85  39778.81  40077.49  40370.19  40654.06  40927.65  41188.46  41435.35  41664.97  41881.26  42026.92
       0.00      0.00  34759.28  34886.29  35045.21  35202.15  35376.91  35567.47  35774.10  35996.71  36235.63  36490.45  36761.16  37046.90  37347.22  37660.49  37991.13  38274.10  38566.96  38866.14  39168.47  39471.14  39772.40  40069.38  40360.40  40642.64  40914.66  41173.92  41419.34  41647.57  41862.28  42008.82
       0.00      0.00  34764.24  34890.62  35048.72  35204.63  35378.26  35567.62  35773.09  35994.58  36232.48  36486.37  36756.24  37041.19  37340.68  37652.74  37983.27  38265.31  38557.45  38856.61  39159.07  39461.84  39763.07  40059.78  40350.24  40631.53  40902.12  41159.31  41401.94  41626.86  41836.89  41988.01
       0.00      0.00  34770.80  34894.86  35050.41  35202.72  35371.46  35554.80  35752.96  35965.78  36193.59  36435.95  36692.91  36963.63  37247.75  37543.66  37854.29  38150.43  38421.72  38703.44  38987.96  39272.60  39555.86  39835.11  40108.92  40374.70  40631.17  40875.93  41108.10  41325.54  41528.57  41702.81
       0.00      0.00  34765.83  34886.55  35038.48  35185.82  35348.09  35523.83  35713.09  35915.71  36131.96  36361.47  36604.30  36859.78  37127.71  37407.12  37696.92  38002.05  38267.40  38531.26  38798.75  39065.96  39331.93  39594.41  39852.26  40103.13  40346.01  40578.66  40800.44  41009.25  41205.93  41375.09
       0.00      0.00  34751.37  34872.30  35024.65  35172.55  35335.50  35512.06  35702.28  35905.97  36123.42  36354.19  36598.38  36855.27  37124.66  37405.60  37696.96  38003.75  38270.74  38536.53  38806.09  39075.42  39343.54  39608.11  39867.97  40120.65  40365.11  40598.98  40821.52  41030.55  41226.91  41395.39
       0.00      0.00  34756.17  34880.09  35035.61  35187.85  35356.58  35540.03  35738.41  35951.53  36179.72  36422.56  36680.07  36951.46  37236.31  37532.97  37844.28  38142.24  38414.71  38698.38  38985.16  39272.28  39558.13  39840.01  40116.35  40384.43  40642.87  40889.03  41121.95  41339.28  41541.41  41713.77
       0.00      0.00  34763.64  34887.50  35042.85  35194.79  35363.07  35545.96  35743.76  35956.33  36184.02  36426.43  36683.61  36954.77  37239.54  37536.39  37848.19  38145.60  38418.51  38702.10  38988.73  39275.74  39561.61  39843.63  40120.35  40389.00  40648.28  40895.58  41129.89  41348.88  41552.64  41726.54
       0.00      0.00  34756.09  34880.01  35035.51  35187.86  35356.76  35540.42  35739.03  35952.40  36180.85  36423.97  36681.82  36953.60  37239.00  37536.48  37849.00  38146.98  38420.54  38704.67  38991.81  39279.37  39565.84  39848.52  40125.94  40395.35  40655.45  40903.67  41139.05  41359.31  41564.60  41740.23
       0.00      0.00  34768.71  34892.79  35048.36  35200.38  35368.58  35551.21  35748.56  35960.50  36187.44  36428.98  36685.28  36955.55  37239.50  37535.61  37846.77  38143.78  38416.07  38698.93  38984.82  39271.10  39556.26  39837.66  40113.81  40381.98  40640.88  40887.90  41122.05  41341.01  41544.74  41718.69
       0.00      0.00  34764.21  34888.33  35043.99  35196.43  35365.27  35548.69  35746.93  35959.88  36187.89  36430.60  36688.07  36959.52  37244.59  37541.70  37853.76  38151.16  38423.94  38707.11  38993.09  39279.27  39564.15  39845.09  40120.68  40388.24  40646.48  40892.88  41126.50  41345.13  41549.07  41724.02
       0.00      0.00  34775.59  34899.89  35055.78  35208.27  35377.12  35560.60  35758.91  35971.93  36199.97  36442.62  36699.92  36971.02  37255.56  37551.93  37863.17  38159.33  38431.28  38713.73  38999.13  39284.85  39569.37  39850.04  40125.42  40392.77  40650.78  40896.79  41129.79  41347.41  41549.80  41722.61
       0.00      0.00  34774.46  34898.77  35054.63  35207.20  35376.17  35559.74  35758.10  35971.05  36198.96  36441.39  36698.37  36969.03  37252.95  37548.46  37858.38  38154.24  38424.72  38706.05  38990.29  39274.64  39557.64  39836.60  40110.13  40375.54  40631.58  40875.64  41106.82  41322.76  41523.81  41695.59
       0.00      0.00  34776.36  34896.90  35048.42  35194.85  35355.82  35529.94  35717.39  35918.04  36132.27  36359.67  36600.42  36853.83  37119.78  37397.27  37685.30  37988.77  38253.24  38516.07  38782.87  39049.65  39315.45  39578.00  39836.14  40087.50  40331.01  40564.34  40786.74  40996.00  41192.78  41361.60
       0.00      0.00  34752.04  34872.76  35024.73  35172.05  35334.19  35509.71  35698.69  35900.95  36116.83  36345.91  36588.33  36843.42  37111.04  37390.25  37680.04  37985.36  38251.94  38516.87  38785.97  39055.21  39323.61  39588.88  39849.78  40103.84  40349.91  40585.59  40810.01  41020.96  41219.09  41388.86
       0.00      0.00  34766.30  34887.26  35039.47  35186.94  35349.16  35524.65  35713.52  35915.58  36131.17  36359.91  36601.95  36856.64  37123.86  37402.67  37692.03  37996.90  38262.32  38526.44  38794.54  39062.65  39329.81  39593.70  39853.13  40105.59  40350.02  40583.97  40806.74  41016.11  41212.87  41381.74
       0.00      0.00  34766.13  34886.88  35038.80  35186.07  35348.15  35523.58  35712.43  35914.52  36130.17  36359.02  36601.18  36855.99  37123.29  37402.12  37691.37  37996.00  38260.98  38524.56  38791.98  39059.37  39325.84  39589.16  39848.21  40100.58  40345.19  40579.69  40803.31  41013.83  41212.00  41382.35
       0.00      0.00  34768.50  34889.07  35040.69  35187.36  35348.64  35523.16  35711.06  35912.19  36126.92  36354.86  36596.16  36850.13  37116.61  37394.66  37683.20  37987.12  38251.97  38515.05  38782.10  39049.20  39315.45  39578.64  39837.65  40090.05  40334.77  40569.41  40793.09  41003.55  41201.37  41371.00
       0.00      0.00  34757.38  34878.08  35030.00  35177.26  35339.37  35514.91  35704.00  35906.46  36122.61  36352.07  36594.92  36850.47  37118.54  37398.16  37688.24  37993.71  38259.80  38524.29  38792.64  39060.91  39328.18  39592.20  39851.84  40104.69  40349.67  40584.39  40808.02  41018.28  41215.79  41385.05
       0.00      0.00  34762.59  34882.95  35034.28  35180.80  35342.06  35516.64  35704.71  35906.16  36121.31  36349.83  36591.82  36846.63  37114.06  37393.14  37682.81  37987.97  38254.11  38518.66  38787.19  39055.73  39323.30  39587.66  39847.61  40100.73  40345.93  40580.80  40804.54  41014.90  41212.58  41382.09
