  5235.6499 6874.7944
    -0.6025    1.4610 5247.9839 5262.1411 5278.1797 5294.9795 5313.5762 5334.1851 5356.9658 5382.1030 5409.8413 5440.4409 5474.2178 5511.4868 5552.5957 5597.8550 5647.5811 5701.4873 5754.7666 5810.4478 5869.6724 5932.1479 5997.5112 6065.2153 6134.6641 6205.0767 6275.6621 6345.4814 6413.6470 6479.1978 6540.9370 6602.7119
    -0.3615    1.4610 5247.9844 5262.1431 5278.1826 5294.9834 5313.5801 5334.1885 5356.9678 5382.1035 5409.8374 5440.4292 5474.1963 5511.4492 5552.5376 5597.7676 5647.4565 5701.3135 5754.5571 5810.1738 5869.3223 5931.7090 5996.9756 6064.5801 6133.9312 6204.2529 6274.7715 6344.5508 6412.7280 6478.3413 6540.2065 6602.1895
    -0.1205    1.4610 5247.9844 5262.1436 5278.1846 5294.9868 5313.5869 5334.1987 5356.9834 5382.1255 5409.8672 5440.4707 5474.2505 5511.5215 5552.6323 5597.8901 5647.6104 5701.5054 5754.7646 5810.4170 5869.6016 5932.0195 5997.3101 6064.9204 6134.2563 6204.5420 6274.9941 6344.6836 6412.7319 6478.1846 6539.8608 6601.6050
     0.1205    1.4610 5247.9839 5262.1436 5278.1851 5294.9883 5313.5898 5334.2041 5356.9912 5382.1362 5409.8809 5440.4878 5474.2725 5511.5503 5552.6689 5597.9390 5647.6768 5701.5957 5754.8770 5810.5703 5869.8037 5932.2856 5997.6450 6065.3364 6134.7515 6205.1089 6275.6108 6345.3145 6413.3281 6478.6953 6540.2271 6601.7729
     0.3615    1.4610 5247.9839 5262.1416 5278.1812 5294.9814 5313.5791 5334.1875 5356.9678 5382.1060 5409.8423 5440.4409 5474.2144 5511.4805 5552.5859 5597.8398 5647.5620 5701.4624 5754.7397 5810.4160 5869.6328 5932.1045 5997.4644 6065.1646 6134.6133 6205.0337 6275.6338 6345.4834 6413.7002 6479.3213 6541.1558 6603.0474
     0.6025    1.4610 5247.9839 5262.1431 5278.1826 5294.9839 5313.5820 5334.1904 5356.9707 5382.1060 5409.8379 5440.4272 5474.1909 5511.4409 5552.5269 5597.7568 5647.4492 5701.3193 5754.5811 5810.2290 5869.4209 5931.8711 5997.2163 6064.9160 6134.3691 6204.8022 6275.4204 6345.2847 6413.4990 6479.0981 6540.8726 6602.6714
    -0.9640    1.2523 5247.9849 5262.1445 5278.1841 5294.9844 5313.5815 5334.1890 5356.9678 5382.1025 5409.8354 5440.4268 5474.1924 5511.4468 5552.5352 5597.7681 5647.4639 5701.3320 5754.5884 5810.2231 5869.3965 5931.8164 5997.1235 6064.7710 6134.1724 6204.5454 6275.1143 6344.9448 6413.1504 6478.7705 6540.6074 6602.4985
    -0.7230    1.2523 5248.2344 5262.8184 5279.3945 5296.9136 5316.4429 5338.1968 5362.3677 5389.1807 5418.9312 5451.9419 5488.5996 5529.2939 5574.4536 5624.4683 5679.4673 5736.6274 5794.5972 5856.8579 5923.2407 5993.3794 6066.8081 6142.8560 6220.7700 6299.5898 6378.3311 6455.8472 6531.0464 6602.7646 6669.5708 6735.5820
    -0.4820    1.2523 5248.2349 5262.8208 5279.3975 5296.9199 5316.4536 5338.2153 5362.3984 5389.2300 5419.0088 5452.0586 5488.7725 5529.5454 5574.8110 5624.9683 5680.1406 5737.4170 5795.6147 5858.1523 5924.8652 5995.3799 6069.2417 6145.7632 6224.1899 6303.5513 6382.8535 6460.9321 6536.6860 6608.9395 6676.2388 6742.7144
    -0.2410    1.2523 5248.2358 5262.8242 5279.4067 5296.9375 5316.4844 5338.2627 5362.4673 5389.3267 5419.1382 5452.2290 5488.9902 5529.8179 5575.1450 5625.3691 5680.6089 5737.8926 5796.1465 5858.7319 5925.4805 5996.0249 6069.8955 6146.4136 6224.8120 6304.1255 6383.3560 6461.3433 6536.9800 6609.1030 6676.2510 6742.5664
     0.0000    1.2523 5248.2358 5262.8228 5279.4023 5296.9302 5316.4712 5338.2412 5362.4351 5389.2793 5419.0718 5452.1387 5488.8691 5529.6621 5574.9473 5625.1240 5680.3125 5737.5854 5795.7935 5858.3354 5925.0435 5995.5498 6069.3970 6145.8994 6224.3027 6303.6328 6382.9072 6460.9585 6536.7065 6608.9805 6676.3687 6743.0371
     0.2410    1.2523 5248.2368 5262.8257 5279.4092 5296.9404 5316.4863 5338.2627 5362.4634 5389.3154 5419.1172 5452.1929 5488.9341 5529.7363 5575.0327 5625.2158 5680.4116 5737.6704 5795.8701 5858.3994 5925.0869 5995.5703 6069.3887 6145.8667 6224.2480 6303.5747 6382.8560 6460.9497 6536.7388 6609.0601 6676.4414 6743.0059
     0.4820    1.2523 5248.2349 5262.8228 5279.4048 5296.9370 5316.4854 5338.2656 5362.4736 5389.3345 5419.1475 5452.2393 5488.9985 5529.8223 5575.1406 5625.3491 5680.5664 5737.8296 5796.0420 5858.5713 5925.2427 5995.6846 6069.4268 6145.7866 6224.0020 6303.1094 6382.1201 6459.8857 6535.3188 6607.2759 6674.3340 6740.6611
     0.7230    1.2523 5248.2334 5262.8154 5279.3892 5296.9067 5316.4336 5338.1846 5362.3521 5389.1631 5418.9121 5451.9229 5488.5840 5529.2866 5574.4614 5624.5015 5679.5322 5736.7271 5794.7480 5857.0693 5923.5215 5993.7344 6067.2471 6143.3735 6221.3672 6300.2598 6379.0752 6456.6641 6531.9331 6603.7256 6670.5962 6736.6392
     0.9640    1.2523 5247.9834 5262.1411 5278.1802 5294.9800 5313.5781 5334.1875 5356.9692 5382.1079 5409.8452 5440.4434 5474.2178 5511.4834 5552.5889 5597.8433 5647.5654 5701.4673 5754.7495 5810.4346 5869.6670 5932.1577 5997.5435 6065.2783 6134.7651 6205.2183 6275.8472 6345.7070 6413.9092 6479.4917 6541.2642 6603.0903
    -1.0845    1.0436 5247.9849 5262.1445 5278.1851 5294.9873 5313.5869 5334.1987 5356.9834 5382.1265 5409.8691 5440.4746 5474.2568 5511.5317 5552.6475 5597.9150 5647.6484 5701.5610 5754.8413 5810.5327 5869.7710 5932.2642 5997.6450 6065.3726 6134.8511 6205.2993 6275.9346 6345.8135 6414.0513 6479.6865 6541.5200 6603.4023
    -0.8435    1.0436 5248.2373 5262.8242 5279.4028 5296.9272 5316.4619 5338.2236 5362.4048 5389.2314 5419.0005 5452.0366 5488.7305 5529.4766 5574.7065 5624.8154 5679.9302 5737.1636 5795.2812 5857.7227 5924.3228 5994.7104 6068.4287 6144.7930 6223.0498 6302.2261 6381.3306 6459.2114 6534.7769 6606.8745 6674.0791 6740.5571
    -0.6025    1.0436 5248.4336 5263.3594 5280.3691 5298.4780 5318.7778 5341.4907 5366.8408 5395.0977 5426.6089 5461.7627 5501.0220 5544.8599 5593.7891 5648.2749 5708.0308 5767.4146 5831.1138 5899.7461 5973.1089 6050.7695 6132.1665 6216.5010 6302.8584 6390.1094 6477.0747 6562.4082 6644.8115 6723.0112 6794.0562 6860.4927
    -0.3615    1.0436 5248.4365 5263.3677 5280.3853 5298.5063 5318.8252 5341.5654 5366.9546 5395.2637 5426.8477 5462.1011 5501.4927 5545.5054 5594.6685 5649.4448 5709.4365 5769.1606 5833.3257 5902.5269 5976.5698 6055.0293 6137.3550 6222.7310 6310.2500 6398.7588 6487.0605 6573.7939 6657.6177 6737.2793 6809.1309 6874.6992
    -0.1205    1.0436 5248.4395 5263.3730 5280.3926 5298.5146 5318.8330 5341.5698 5366.9521 5395.2485 5426.8115 5462.0327 5501.3789 5545.3286 5594.4038 5649.0698 5708.9595 5768.5376 5832.5122 5901.4907 5975.2847 6053.4722 6135.5137 6220.6064 6307.8608 6396.1382 6484.2622 6570.8804 6654.6577 6734.3159 6806.3042 6872.3291
     0.1205    1.0436 5248.4385 5263.3716 5280.3906 5298.5142 5318.8345 5341.5757 5366.9658 5395.2749 5426.8579 5462.1060 5501.4922 5545.4956 5594.6445 5649.4048 5709.3794 5769.0820 5833.2231 5902.3989 5976.4219 6054.8701 6137.1929 6222.5928 6310.1577 6398.7417 6487.1538 6574.0127 6657.9717 6737.7490 6809.6567 6875.1040
     0.3615    1.0436 5248.4375 5263.3677 5280.3818 5298.4971 5318.8057 5341.5308 5366.8965 5395.1763 5426.7207 5461.9238 5501.2549 5545.1943 5594.2695 5648.9502 5708.8857 5768.5298 5832.5991 5901.7065 5975.6719 6054.0688 6136.3521 6221.7202 6309.2720 6397.8511 6486.2778 6573.1699 6657.1992 6737.0645 6809.1011 6874.7886
     0.6025    1.0436 5248.4331 5263.3569 5280.3638 5298.4688 5318.7637 5341.4688 5366.8086 5395.0488 5426.5381 5461.6597 5500.8765 5544.6558 5593.5137 5647.9121 5707.6006 5766.8921 5830.4790 5899.0010 5972.2603 6049.8301 6131.1631 6215.4556 6301.8022 6389.0581 6476.0454 6561.3994 6643.8237 6722.0547 6793.1899 6859.9053
     0.8435    1.0436 5248.2358 5262.8232 5279.4048 5296.9355 5316.4819 5338.2593 5362.4624 5389.3179 5419.1240 5452.2070 5488.9580 5529.7734 5575.0854 5625.2910 5680.5117 5737.7939 5796.0327 5858.6060 5925.3398 5995.8726 6069.7305 6146.2417 6224.6440 6303.9756 6383.2505 6461.3105 6537.0581 6609.3198 6676.6294 6743.1021
     1.0845    1.0436 5247.9839 5262.1421 5278.1807 5294.9805 5313.5776 5334.1860 5356.9658 5382.1016 5409.8354 5440.4272 5474.1934 5511.4473 5552.5352 5597.7651 5647.4536 5701.3135 5754.5625 5810.1846 5869.3398 5931.7373 5997.0122 6064.6211 6133.9668 6204.2710 6274.7490 6344.4663 6412.5400 6478.0229 6539.7158 6601.4829
    -1.2050    0.8348 5247.9863 5262.1475 5278.1904 5294.9941 5313.5962 5334.2109 5356.9985 5382.1436 5409.8901 5440.5000 5474.2871 5511.5693 5552.6919 5597.9648 5647.7056 5701.6270 5754.9004 5810.5889 5869.8188 5932.2900 5997.6436 6065.3271 6134.7466 6205.1196 6275.6606 6345.4292 6413.5352 6479.0249 6540.6880 6602.3667
    -0.9640    0.8348 5248.2373 5262.8257 5279.4067 5296.9336 5316.4741 5338.2437 5362.4355 5389.2778 5419.0664 5452.1279 5488.8516 5529.6333 5574.9019 5625.0566 5680.2144 5737.4580 5795.6138 5858.0889 5924.7134 5995.1235 6068.8525 6145.2251 6223.4858 6302.6694 6381.7998 6459.7285 6535.3623 6607.5449 6674.8267 6741.3472
    -0.7230    0.8348 5248.4380 5263.3691 5280.3838 5298.5005 5318.8101 5341.5391 5366.9116 5395.2012 5426.7593 5461.9824 5501.3394 5545.3149 5594.4385 5649.1782 5709.1636 5768.8804 5833.0459 5902.2700 5976.3604 6054.8965 6137.3315 6222.8604 6310.5747 6399.3110 6487.8857 6574.9097 6659.0352 6738.9785 6810.9980 6876.4248
    -0.4820    0.8348 5248.6626 5263.9785 5281.4795 5300.2539 5321.4243 5345.2212 5371.9087 5401.8071 5435.3325 5472.9556 5515.2324 5562.7397 5616.1152 5675.6797 5738.6152 5803.3467 5873.9570 5950.3516 6032.3027 6119.3193 6210.7534 6305.6514 6402.9336 6501.2354 6599.1357 6695.0840 6786.2437 6865.7295 6931.2012 6996.2769
    -0.2410    0.8348 5248.6670 5263.9897 5281.5010 5300.2930 5321.4873 5345.3174 5372.0518 5402.0132 5435.6235 5473.3589 5515.7842 5563.4883 5617.1191 5676.9971 5740.1318 5805.2710 5876.3721 5953.3579 6036.0098 6123.8369 6216.1895 6312.1104 6410.5215 6510.0396 6609.2329 6706.5620 6798.6279 6877.4443 6943.8193 7009.4741
     0.0000    0.8348 5248.6670 5263.9888 5281.4976 5300.2837 5321.4702 5345.2915 5372.0127 5401.9600 5435.5522 5473.2676 5515.6694 5563.3452 5616.9458 5676.7866 5739.9072 5805.0044 5876.0601 5952.9917 6035.5830 6123.3398 6215.6099 6311.4365 6409.7329 6509.1206 6608.1724 6705.3696 6797.3574 6876.3130 6942.7397 7008.7437
     0.2410    0.8348 5248.6680 5263.9912 5281.5029 5300.2920 5321.4834 5345.3086 5372.0327 5401.9814 5435.5742 5473.2837 5515.6748 5563.3320 5616.9019 5676.7017 5739.7793 5804.8140 5875.7871 5952.6187 6035.0894 6122.7080 6214.8184 6310.4653 6408.5591 6507.7397 6606.5742 6703.5347 6795.3701 6874.3867 6940.5610 7006.1528
     0.4820    0.8348 5248.6631 5263.9795 5281.4814 5300.2578 5321.4312 5345.2314 5371.9238 5401.8271 5435.3608 5472.9912 5515.2778 5562.7983 5616.1880 5675.7725 5738.7207 5803.4834 5874.1289 5950.5688 6032.5820 6119.6650 6211.1772 6306.1567 6403.5210 6501.9023 6599.8652 6695.8643 6787.0322 6866.4155 6931.8906 6996.9404
     0.7230    0.8348 5248.4370 5263.3677 5280.3823 5298.4990 5318.8115 5341.5405 5366.9146 5395.2026 5426.7568 5461.9712 5501.3120 5545.2607 5594.3423 5649.0234 5708.9443 5768.5718 5832.6133 5901.6855 5975.6016 6053.9365 6136.1548 6221.4507 6308.9277 6397.4414 6485.8062 6572.6572 6656.6641 6736.5435 6808.6348 6874.4736
     0.9640    0.8348 5248.2373 5262.8262 5279.4082 5296.9365 5316.4780 5338.2480 5362.4385 5389.2778 5419.0610 5452.1138 5488.8247 5529.5894 5574.8379 5624.9658 5680.0942 5737.3203 5795.4438 5857.8872 5924.4780 5994.8540 6068.5566 6144.9072 6223.1538 6302.3408 6381.4795 6459.4253 6535.0894 6607.3218 6674.6743 6741.3237
     1.2050    0.8348 5247.9844 5262.1421 5278.1816 5294.9844 5313.5854 5334.1987 5356.9863 5382.1333 5409.8818 5440.4951 5474.2876 5511.5776 5552.7129 5598.0049 5647.7705 5701.7183 5755.0171 5810.7456 5870.0186 5932.5410 5997.9492 6065.6914 6135.1680 6205.6011 6276.2012 6346.0327 6414.2095 6479.7729 6541.5273 6603.3184
    -1.3255    0.6261 5247.9849 5262.1455 5278.1885 5294.9927 5313.5962 5334.2134 5357.0044 5382.1548 5409.9053 5440.5200 5474.3125 5511.5996 5552.7280 5598.0083 5647.7559 5701.6826 5754.9609 5810.6641 5869.9072 5932.4033 5997.7832 6065.5054 6134.9673 6205.3892 6275.9785 6345.7974 6413.9536 6479.4897 6541.2065 6602.9634
    -1.0845    0.6261 5248.2383 5262.8286 5279.4111 5296.9414 5316.4858 5338.2593 5362.4570 5389.3052 5419.1030 5452.1768 5488.9165 5529.7192 5575.0215 5625.2192 5680.4355 5737.7231 5795.9644 5858.5425 5925.2886 5995.8301 6069.7036 6146.2192 6224.6060 6303.8901 6383.0708 6460.9824 6536.5273 6608.5522 6675.6250 6741.9058
    -0.8435    0.6261 5248.4390 5263.3745 5280.3960 5298.5229 5318.8496 5341.5981 5366.9990 5395.3218 5426.9204 5462.1909 5501.6001 5545.6323 5594.8149 5649.6118 5709.6069 5769.3384 5833.5142 5902.7280 5976.7896 6055.2739 6137.6455 6223.0977 6310.7275 6399.3906 6487.8906 6574.8628 6658.9531 6738.8823 6810.9116 6876.4106
    -0.6025    0.6261 5248.6675 5263.9912 5281.5024 5300.2939 5321.4888 5345.3203 5372.0571 5402.0244 5435.6431 5473.3916 5515.8364 5563.5654 5617.2300 5677.1489 5740.3105 5805.5034 5876.6655 5953.7104 6036.4243 6124.3125 6216.7207 6312.6904 6411.1377 6510.6812 6609.8901 6707.2295 6799.2822 6878.0059 6944.3599 7009.9658
    -0.3615    0.6261 5248.8394 5264.4541 5282.3325 5301.6196 5323.4609 5348.0991 5375.8296 5407.0200 5442.1440 5481.7417 5526.4551 5576.9541 5633.9834 5697.6812 5762.6792 5832.4580 5908.8403 5991.7402 6080.9160 6175.8120 6275.6890 6379.4590 6485.8950 6593.4316 6700.6245 6803.3208 6891.5190 6969.1338 7036.7021 7104.3623
    -0.1205    0.6261 5248.8418 5264.4624 5282.3516 5301.6562 5323.5254 5348.2026 5375.9897 5407.2588 5442.4912 5482.2354 5527.1426 5577.8979 5635.2583 5699.3467 5764.5894 5834.8721 5911.8545 5995.4561 6085.4385 6181.2480 6282.1372 6387.0239 6494.6499 6603.4287 6711.9214 6815.4028 6902.6948 6980.8989 7048.5396 7116.5439
     0.1205    0.6261 5248.8413 5264.4604 5282.3462 5301.6465 5323.5098 5348.1792 5375.9585 5407.2153 5442.4312 5482.1523 5527.0303 5577.7456 5635.0518 5699.0723 5764.2676 5834.4590 5911.3301 5994.8071 6084.6558 6180.3330 6281.1118 6385.9111 6493.5098 6602.3359 6710.9634 6814.6777 6902.3579 6980.9429 7049.0220 7117.5679
     0.3615    0.6261 5248.8379 5264.4517 5282.3320 5301.6240 5323.4761 5348.1279 5375.8799 5407.0996 5442.2617 5481.9087 5526.6836 5577.2598 5634.3818 5698.1807 5763.2310 5833.1245 5909.6304 5992.6646 6081.9746 6177.0093 6277.0205 6380.9238 6487.4785 6595.1123 6702.3677 6805.0342 6892.9263 6970.4233 7037.7593 7105.1597
     0.6025    0.6261 5248.6670 5263.9893 5281.5010 5300.2935 5321.4902 5345.3242 5372.0630 5402.0312 5435.6514 5473.3984 5515.8384 5563.5596 5617.2080 5677.0991 5740.2334 5805.3711 5876.4600 5953.4141 6036.0127 6123.7637 6216.0137 6311.8105 6410.0723 6509.4253 6608.4370 6705.5864 6797.5127 6876.3462 6942.6123 7008.2642
     0.8435    0.6261 5248.4380 5263.3691 5280.3843 5298.5020 5318.8154 5341.5479 5366.9258 5395.2227 5426.7915 5462.0259 5501.3955 5545.3833 5594.5186 5649.2666 5709.2461 5768.9531 5833.0981 5902.2871 5976.3330 6054.8125 6137.1792 6222.6289 6310.2656 6398.9258 6487.4297 6574.3989 6658.4824 6738.3945 6810.4150 6875.8970
     1.0845    0.6261 5248.2368 5262.8242 5279.4058 5296.9360 5316.4819 5338.2593 5362.4614 5389.3174 5419.1230 5452.2056 5488.9546 5529.7661 5575.0732 5625.2734 5680.4829 5737.7539 5795.9766 5858.5288 5925.2451 5995.7583 6069.6104 6146.1187 6224.5254 6303.8608 6383.1392 6461.1948 6536.9272 6609.1655 6676.4463 6742.8809
     1.3255    0.6261 5247.9849 5262.1436 5278.1816 5294.9810 5313.5776 5334.1851 5356.9639 5382.0981 5409.8291 5440.4194 5474.1831 5511.4331 5552.5161 5597.7407 5647.4229 5701.2754 5754.5205 5810.1318 5869.2817 5931.6763 5996.9595 6064.5928 6133.9854 6204.3682 6274.9561 6344.8184 6413.0703 6478.7505 6540.6626 6602.6641
    -1.4460    0.4174 5247.9849 5262.1450 5278.1865 5294.9893 5313.5913 5334.2056 5356.9917 5382.1348 5409.8755 5440.4771 5474.2510 5511.5127 5552.6079 5597.8433 5647.5327 5701.3892 5754.6177 5810.2222 5869.3525 5931.7129 5996.9478 6064.5112 6133.8135 6204.0811 6274.5337 6344.2515 6412.3579 6477.9082 6539.7207 6601.6841
    -1.2050    0.4174 5248.2373 5262.8262 5279.4077 5296.9355 5316.4775 5338.2490 5362.4429 5389.2866 5419.0791 5452.1450 5488.8755 5529.6650 5574.9497 5625.1230 5680.3096 5737.5757 5795.7773 5858.3120 5925.0112 5995.5117 6069.3511 6145.8530 6224.2627 6303.6211 6382.9448 6461.0786 6536.9224 6609.2886 6676.7119 6743.3022
    -0.9640    0.4174 5248.4385 5263.3706 5280.3862 5298.5039 5318.8164 5341.5469 5366.9209 5395.2090 5426.7651 5461.9780 5501.3184 5545.2651 5594.3433 5649.0186 5708.9331 5768.5498 5832.5796 5901.6382 5975.5459 6053.8833 6136.1157 6221.4507 6308.9922 6397.6001 6486.1108 6573.1606 6657.4219 6737.6138 6810.0073 6876.0059
    -0.7230    0.4174 5248.6685 5263.9912 5281.5005 5300.2866 5321.4717 5345.2891 5372.0049 5401.9434 5435.5225 5473.2188 5515.5952 5563.2383 5616.7954 5676.5869 5739.6748 5804.7119 5875.7017 5952.5684 6035.0986 6122.8066 6215.0483 6310.8682 6409.1851 6508.6216 6607.7275 6704.9727 6796.9927 6875.9414 6942.2314 7007.9067
    -0.4820    0.4174 5248.8423 5264.4614 5282.3467 5301.6445 5323.5034 5348.1660 5375.9316 5407.1709 5442.3623 5482.0503 5526.8838 5577.5420 5634.7793 5698.7197 5763.8691 5833.9678 5910.7354 5994.0986 6083.8237 6179.3604 6279.9805 6384.5977 6491.9868 6600.5713 6708.9258 6812.4292 6900.2144 6978.5767 7046.5093 7114.9043
    -0.2410    0.4174 5248.9858 5264.8501 5283.0459 5302.7656 5325.1792 5350.5366 5379.1665 5411.4771 5447.9961 5489.3281 5536.1895 5589.3418 5649.5435 5716.0986 5783.7886 5858.0566 5939.5791 6028.2856 6123.9204 6225.8857 6333.3726 6445.1938 6559.9707 6676.1357 6789.7788 6890.1401 6978.5386 7057.8486 7128.7573 7199.7627
     0.0000    0.4174 5248.9883 5264.8574 5283.0601 5302.7900 5325.2158 5350.5923 5379.2480 5411.5942 5448.1611 5489.5605 5536.5166 5589.7969 5650.1699 5716.8770 5784.7920 5859.3706 5941.2842 6030.4653 6126.6562 6229.2524 6337.4292 6449.9858 6565.5146 6682.4448 6796.5776 6896.3765 6984.9844 7064.5811 7135.8213 7207.2578
     0.2410    0.4174 5248.9858 5264.8496 5283.0454 5302.7646 5325.1768 5350.5322 5379.1602 5411.4673 5447.9844 5489.3140 5536.1768 5589.3320 5649.5444 5716.1167 5783.8325 5858.1362 5939.7085 6028.4707 6124.1670 6226.1895 6333.7231 6445.5659 6560.3345 6676.4565 6790.0137 6890.2275 6978.5034 7057.6836 7128.4458 7199.2432
     0.4820    0.4174 5248.8423 5264.4619 5282.3472 5301.6450 5323.5024 5348.1621 5375.9263 5407.1606 5442.3442 5482.0244 5526.8457 5577.4897 5634.7090 5698.6323 5763.7725 5833.8516 5910.6060 5993.9614 6083.6841 6179.2251 6279.8579 6384.4902 6491.8955 6600.4922 6708.8491 6812.3667 6900.1719 6978.6001 7046.6309 7115.2266
     0.7230    0.4174 5248.6680 5263.9912 5281.5039 5300.2959 5321.4902 5345.3218 5372.0562 5402.0171 5435.6270 5473.3594 5515.7832 5563.4819 5617.1060 5676.9751 5740.1001 5805.2227 5876.3022 5953.2617 6035.8813 6123.6699 6215.9702 6311.8340 6410.1631 6509.5854 6608.6704 6705.8765 6797.8423 6876.6592 6942.9502 7008.6216
     0.9640    0.4174 5248.4385 5263.3711 5280.3896 5298.5132 5318.8330 5341.5747 5366.9629 5395.2695 5426.8462 5462.0850 5501.4541 5545.4341 5594.5469 5649.2593 5709.1880 5768.8252 5832.8726 5901.9370 5975.8296 6054.1279 6136.2930 6221.5161 6308.9062 6397.3286 6485.6064 6572.3799 6656.3301 6736.1777 6808.2817 6874.1973
     1.2050    0.4174 5248.2383 5262.8267 5279.4067 5296.9316 5316.4683 5338.2300 5362.4106 5389.2358 5419.0010 5452.0298 5488.7124 5529.4399 5574.6455 5624.7236 5679.8013 5737.0044 5795.0776 5857.4761 5924.0361 5994.3960 6068.0981 6144.4648 6222.7456 6301.9751 6381.1636 6459.1587 6534.8687 6607.1460 6674.5591 6741.3291
     1.4460    0.4174 5247.9844 5262.1416 5278.1802 5294.9800 5313.5781 5334.1890 5356.9736 5382.1157 5409.8589 5440.4653 5474.2490 5511.5264 5552.6445 5597.9141 5647.6494 5701.5620 5754.8389 5810.5215 5869.7432 5932.2095 5997.5581 6065.2451 6134.6724 6205.0679 6275.6470 6345.4756 6413.6660 6479.2617 6541.0591 6602.9058
    -1.5665    0.2087 5247.9839 5262.1421 5278.1802 5294.9790 5313.5732 5334.1777 5356.9526 5382.0811 5409.8047 5440.3872 5474.1411 5511.3833 5552.4604 5597.6836 5647.3711 5701.2407 5754.5181 5810.1763 5869.3877 5931.8604 5997.2354 6064.9692 6134.4634 6204.9385 6275.6089 6345.5298 6413.8208 6479.5161 6541.4209 6603.3877
    -1.3255    0.2087 5248.2368 5262.8247 5279.4082 5296.9390 5316.4854 5338.2632 5362.4668 5389.3228 5419.1318 5452.2178 5488.9741 5529.7974 5575.1206 5625.3447 5680.5874 5737.8843 5796.1558 5858.7681 5925.5498 5996.1318 6070.0503 6146.6196 6225.0752 6304.4390 6383.7183 6461.7412 6537.4121 6609.5674 6676.7593 6743.1646
    -1.0845    0.2087 5248.4380 5263.3701 5280.3872 5298.5078 5318.8252 5341.5625 5366.9482 5395.2515 5426.8262 5462.0679 5501.4443 5545.4375 5594.5757 5649.3242 5709.2979 5768.9917 5833.1221 5902.2832 5976.2871 6054.7095 6136.9951 6222.3467 6309.8486 6398.3550 6486.6689 6573.4150 6657.2559 6736.9062 6808.7266 6874.2139
    -0.8435    0.2087 5248.6675 5263.9912 5281.5020 5300.2939 5321.4883 5345.3203 5372.0576 5402.0254 5435.6475 5473.4019 5515.8574 5563.6060 5617.2993 5677.2598 5740.4658 5805.7310 5876.9868 5954.1538 6037.0137 6125.0718 6217.6729 6313.8540 6412.5186 6512.2817 6611.6890 6709.2217 6801.3462 6879.8403 6946.1777 7011.6450
    -0.6025    0.2087 5248.8423 5264.4624 5282.3516 5301.6577 5323.5298 5348.2109 5376.0049 5407.2822 5442.5244 5482.2808 5527.2036 5577.9780 5635.3623 5699.4819 5764.7441 5835.0767 5912.1196 5995.8022 6085.8853 6181.8198 6282.8667 6387.9307 6495.7593 6604.7573 6713.4790 6817.1216 6904.3174 6982.6021 7050.3857 7118.6016
    -0.3615    0.2087 5248.9873 5264.8535 5283.0527 5302.7788 5325.2021 5350.5737 5379.2285 5411.5737 5448.1440 5489.5469 5536.5107 5589.8018 5650.1846 5716.8984 5784.8135 5859.3828 5941.2720 6030.4048 6126.5259 6229.0254 6337.0874 6449.5107 6564.9058 6681.7163 6795.7798 6895.6772 6984.3364 7064.0400 7135.4707 7207.2778
    -0.1205    0.2087 5249.0728 5265.0859 5283.4731 5303.4570 5326.2212 5352.0249 5381.2197 5414.2437 5451.6606 5494.1245 5542.4087 5597.3354 5659.6475 5727.7349 5797.7529 5875.1123 5960.1895 6052.9023 6152.9746 6259.7520 6372.3540 6489.4961 6609.7241 6731.0415 6846.6367 6943.5449 7033.2061 7115.3140 7188.6538 7262.0947
     0.1205    0.2087 5249.0737 5265.0884 5283.4751 5303.4556 5326.2134 5352.0054 5381.1831 5414.1792 5451.5571 5493.9658 5542.1758 5597.0010 5659.1860 5727.1616 5797.0205 5874.1733 5959.0166 6051.4824 6151.2998 6257.8364 6370.2319 6487.2139 6607.3506 6728.6973 6844.6792 6941.7178 7031.6270 7113.9692 7187.6143 7261.5117
     0.3615    0.2087 5248.9863 5264.8530 5283.0537 5302.7842 5325.2148 5350.5972 5379.2656 5411.6313 5448.2256 5489.6616 5536.6655 5590.0063 5650.4473 5717.2056 5785.1890 5859.8438 5941.8267 6031.0649 6127.2954 6229.9106 6338.0864 6450.6147 6566.1021 6682.9800 6797.0356 6896.7236 6985.2852 7064.8535 7136.0864 7207.5317
     0.6025    0.2087 5248.8423 5264.4619 5282.3481 5301.6475 5323.5078 5348.1719 5375.9414 5407.1836 5442.3794 5482.0732 5526.9150 5577.5859 5634.8408 5698.8057 5763.9761 5834.1113 5910.9292 5994.3579 6084.1592 6179.7920 6280.5269 6385.2812 6492.8218 6601.5791 6710.1074 6813.7422 6901.4414 6979.9082 7047.8320 7116.2466
     0.8435    0.2087 5248.6675 5263.9897 5281.5000 5300.2876 5321.4780 5345.3027 5372.0293 5401.9829 5435.5820 5473.3042 5515.7153 5563.4048 5617.0195 5676.8833 5740.0190 5805.1528 5876.2588 5953.2544 6035.9243 6123.7803 6216.1621 6312.1143 6410.5449 6510.0601 6609.2163 6706.4727 6798.4346 6877.1426 6943.3345 7008.8003
     1.0845    0.2087 5248.4375 5263.3677 5280.3838 5298.5024 5318.8174 5341.5527 5366.9346 5395.2349 5426.8066 5462.0435 5501.4155 5545.4053 5594.5396 5649.2861 5709.2622 5768.9653 5833.1074 5902.2925 5976.3315 6054.8062 6137.1660 6222.6074 6310.2266 6398.8735 6487.3496 6574.2788 6658.3086 6738.1299 6810.0508 6875.4360
     1.3255    0.2087 5248.2363 5262.8228 5279.4023 5296.9282 5316.4692 5338.2393 5362.4336 5389.2798 5419.0747 5452.1440 5488.8813 5529.6807 5574.9775 5625.1694 5680.3779 5737.6641 5795.8989 5858.4727 5925.2129 5995.7490 6069.6230 6146.1445 6224.5527 6303.8726 6383.1079 6461.1006 6536.7388 6608.8628 6676.0181 6742.3320
     1.5665    0.2087 5247.9854 5262.1440 5278.1812 5294.9795 5313.5737 5334.1768 5356.9492 5382.0752 5409.7969 5440.3730 5474.1206 5511.3516 5552.4146 5597.6177 5647.2783 5701.1133 5754.3638 5809.9707 5869.1211 5931.5220 5996.8169 6064.4624 6133.8657 6204.2529 6274.8403 6344.6895 6412.9199 6478.5669 6540.4277 6602.3403
    -1.4460    0.0000 5248.2334 5262.8179 5279.3950 5296.9180 5316.4531 5338.2158 5362.3989 5389.2300 5419.0029 5452.0444 5488.7412 5529.4868 5574.7085 5624.8032 5679.8916 5737.1001 5795.1714 5857.5410 5924.0347 5994.2788 6067.8110 6143.9429 6221.9170 6300.7646 6379.5044 6456.9844 6532.1069 6603.7280 6670.4067 6736.2710
    -1.2050    0.0000 5248.4341 5263.3594 5280.3677 5298.4746 5318.7710 5341.4790 5366.8218 5395.0674 5426.5630 5461.6958 5500.9297 5544.7349 5593.6289 5648.0781 5707.8174 5767.1826 5830.8711 5899.5176 5972.9316 6050.6870 6132.2402 6216.7930 6303.4424 6391.0366 6478.4033 6564.1641 6646.9980 6725.6343 6796.9717 6863.3647
    -0.9640    0.0000 5248.6636 5263.9795 5281.4795 5300.2534 5321.4224 5345.2168 5371.9033 5401.8003 5435.3267 5472.9497 5515.2280 5562.7432 5616.1289 5675.7104 5738.6660 5803.4268 5874.0703 5950.5020 6032.4932 6119.5435 6210.9966 6305.8892 6403.1328 6501.3613 6599.1479 6694.9473 6785.9717 6865.3657 6930.7305 6995.7998
    -0.7230    0.0000 5248.8398 5264.4526 5282.3286 5301.6113 5323.4478 5348.0762 5375.7959 5406.9697 5442.0723 5481.6401 5526.3125 5576.7588 5633.7188 5697.3262 5762.2627 5831.9185 5908.1587 5990.8955 6079.8970 6174.6128 6274.3228 6377.9541 6484.3047 6591.8267 6699.0986 6801.9961 6890.6299 6968.5752 7036.5542 7104.7139
    -0.4820    0.0000 5248.9839 5264.8452 5283.0381 5302.7544 5325.1650 5350.5200 5379.1514 5411.4668 5447.9961 5489.3452 5536.2358 5589.4302 5649.6924 5716.3105 5784.0884 5858.4702 5940.1284 6028.9824 6124.7695 6226.8765 6334.4824 6446.3896 6561.2031 6677.3730 6790.9375 6891.0913 6979.4702 7058.7480 7129.6733 7200.6748
    -0.2410    0.0000 5249.0742 5265.0879 5283.4731 5303.4521 5326.2075 5351.9961 5381.1689 5414.1602 5451.5312 5493.9312 5542.1328 5596.9512 5659.1333 5727.1138 5796.9873 5874.1694 5959.0601 6051.5977 6151.5220 6258.2007 6370.7749 6487.9771 6608.3623 6729.9258 6845.9683 6943.1929 7033.1787 7115.5645 7189.1450 7262.7476
     0.0000    0.0000 5249.1304 5265.2412 5283.7515 5303.9009 5326.8809 5352.9546 5382.4844 5415.9219 5453.8521 5496.9502 5546.0181 5601.9097 5665.3472 5734.2031 5805.4370 5884.4121 5971.3408 6066.1470 6168.5483 6277.8784 6393.2310 6513.2642 6636.5532 6759.9092 6873.8262 6972.6367 7063.0342 7146.7173 7221.2759 7295.6577
     0.2410    0.0000 5249.0742 5265.0898 5283.4775 5303.4595 5326.2197 5352.0137 5381.1934 5414.1924 5451.5723 5493.9839 5542.1953 5597.0254 5659.2188 5727.2021 5797.0776 5874.2598 5959.1475 6051.6689 6151.5615 6258.1895 6370.6929 6487.7993 6608.0620 6729.5254 6845.4902 6942.6011 7032.5127 7114.8228 7188.3408 7261.8579
     0.4820    0.0000 5248.9839 5264.8452 5283.0391 5302.7578 5325.1719 5350.5322 5379.1689 5411.4902 5448.0269 5489.3853 5536.2852 5589.4888 5649.7568 5716.3735 5784.1504 5858.5273 5940.1738 6029.0142 6124.7832 6226.8711 6334.4585 6446.3335 6561.1191 6677.2329 6790.7344 6890.7959 6979.0205 7058.1685 7128.9902 7200.0674
     0.7230    0.0000 5248.8389 5264.4531 5282.3325 5301.6235 5323.4717 5348.1177 5375.8628 5407.0723 5442.2222 5481.8545 5526.6123 5577.1675 5634.2671 5698.0425 5763.0845 5832.9570 5909.4419 5992.4556 6081.7554 6176.7852 6276.8149 6380.7671 6487.4121 6595.1934 6702.6650 6805.5801 6893.6899 6971.5005 7039.1187 7106.8262
     0.9640    0.0000 5248.6636 5263.9795 5281.4819 5300.2593 5321.4331 5345.2329 5371.9253 5401.8301 5435.3623 5472.9888 5515.2671 5562.7729 5616.1357 5675.6816 5738.5850 5803.2690 5873.8120 5950.1157 6031.9541 6118.8276 6210.0913 6304.7900 6401.8555 6499.9336 6597.6040 6693.3560 6784.4331 6864.1333 6929.6689 6995.0327
     1.2050    0.0000 5248.4336 5263.3579 5280.3628 5298.4653 5318.7554 5341.4551 5366.7866 5395.0190 5426.4985 5461.6128 5500.8232 5544.6021 5593.4678 5647.8848 5707.6084 5766.9536 5830.6123 5899.2329 5972.6187 6050.3457 6131.8604 6216.3579 6302.9360 6390.4482 6477.7134 6563.3667 6646.0952 6724.6299 6795.9106 6862.3799
     1.4460    0.0000 5248.2339 5262.8174 5279.3926 5296.9136 5316.4468 5338.2061 5362.3848 5389.2095 5418.9736 5452.0020 5488.6807 5529.4023 5574.5933 5624.6450 5679.6831 5736.8594 5794.8657 5857.1626 5923.5767 5993.7446 6067.2012 6143.2651 6221.1885 6300.0093 6378.7432 6456.2456 6531.4312 6603.1455 6669.9673 6736.0532
    -1.5665   -0.2087 5247.9844 5262.1421 5278.1802 5294.9785 5313.5723 5334.1758 5356.9487 5382.0752 5409.7969 5440.3745 5474.1230 5511.3569 5552.4243 5597.6333 5647.3027 5701.1484 5754.4072 5810.0278 5869.1934 5931.6118 5996.9287 6064.5962 6134.0254 6204.4380 6275.0493 6344.9185 6413.1631 6478.8105 6540.6514 6602.5225
    -1.3255   -0.2087 5248.2349 5262.8232 5279.4048 5296.9375 5316.4868 5338.2710 5362.4834 5389.3545 5419.1831 5452.2969 5489.0908 5529.9614 5575.3442 5625.6406 5680.9658 5738.3066 5796.6670 5859.3691 5926.2402 5996.9048 6070.8931 6147.5112 6225.9902 6305.3550 6384.6040 6462.5835 6538.1831 6610.2388 6677.3208 6743.5859
    -1.0845   -0.2087 5248.4385 5263.3711 5280.3892 5298.5107 5318.8296 5341.5684 5366.9551 5395.2612 5426.8403 5462.0874 5501.4727 5545.4814 5594.6421 5649.4219 5709.4277 5769.1694 5833.3608 5902.6021 5976.6992 6055.2241 6137.6304 6223.1030 6310.7295 6399.3589 6487.8037 6574.6860 6658.6753 6738.4883 6810.4175 6875.7852
    -0.8435   -0.2087 5248.6670 5263.9897 5281.5005 5300.2920 5321.4863 5345.3184 5372.0562 5402.0220 5435.6382 5473.3804 5515.8145 5563.5273 5617.1655 5677.0449 5740.1699 5805.2935 5876.3643 5953.3032 6035.8872 6123.6299 6215.8833 6311.6987 6410.0049 6509.4277 6608.5547 6705.8462 6797.9443 6876.8828 6943.2939 7009.0327
    -0.6025   -0.2087 5248.8413 5264.4624 5282.3521 5301.6587 5323.5308 5348.2129 5376.0068 5407.2842 5442.5259 5482.2812 5527.2036 5577.9751 5635.3569 5699.4756 5764.7427 5835.0815 5912.1421 5995.8564 6085.9961 6182.0186 6283.1865 6388.4121 6496.4375 6605.6641 6714.6226 6818.4541 6905.6177 6983.9653 7051.7930 7119.9746
    -0.3615   -0.2087 5248.9868 5264.8530 5283.0518 5302.7773 5325.1987 5350.5688 5379.2178 5411.5547 5448.1118 5489.4971 5536.4336 5589.6880 5650.0239 5716.6968 5784.5586 5859.0610 5940.8779 6029.9409 6125.9990 6228.4595 6336.5142 6448.9731 6564.4634 6681.4351 6795.6885 6895.8208 6984.7373 7064.6729 7136.3203 7208.2808
    -0.1205   -0.2087 5249.0732 5265.0874 5283.4746 5303.4575 5326.2192 5352.0181 5381.2065 5414.2207 5451.6245 5494.0708 5542.3306 5597.2280 5659.5063 5727.5635 5797.5439 5874.8589 5959.8936 6052.5728 6152.6250 6259.4004 6372.0234 6489.2085 6609.4858 6730.8687 6846.4907 6943.3833 7032.9648 7114.9043 7188.0049 7261.1089
     0.1205   -0.2087 5249.0737 5265.0889 5283.4775 5303.4629 5326.2266 5352.0269 5381.2148 5414.2251 5451.6196 5494.0498 5542.2842 5597.1431 5659.3672 5727.3721 5797.2788 5874.4990 5959.4263 6051.9956 6151.9434 6258.6343 6371.2095 6488.3979 6608.7617 6730.3003 6846.2573 6943.4702 7033.4648 7115.9272 7189.6426 7263.5171
     0.3615   -0.2087 5248.9873 5264.8555 5283.0571 5302.7866 5325.2139 5350.5913 5379.2480 5411.5947 5448.1631 5489.5605 5536.5093 5589.7773 5650.1255 5716.7993 5784.6602 5859.1621 5940.9717 6030.0151 6126.0479 6228.4668 6336.4658 6448.8516 6564.2437 6681.0884 6795.2334 6895.2793 6984.0332 7063.7617 7135.1743 7206.8574
     0.6025   -0.2087 5248.8413 5264.4614 5282.3491 5301.6528 5323.5205 5348.1978 5375.9844 5407.2529 5442.4839 5482.2271 5527.1338 5577.8892 5635.2529 5699.3491 5764.6035 5834.9121 5911.9346 5995.5967 6085.6602 6181.5786 6282.6099 6387.6631 6495.4839 6604.4858 6713.2334 6816.9268 6904.2236 6982.6167 7050.5103 7118.7959
     0.8435   -0.2087 5248.6670 5263.9883 5281.4966 5300.2842 5321.4727 5345.2964 5372.0210 5401.9712 5435.5684 5473.2852 5515.6885 5563.3643 5616.9595 5676.7935 5739.9028 5804.9868 5876.0239 5952.9316 6035.4897 6123.2051 6215.4268 6311.1934 6409.4146 6508.7188 6607.6650 6704.7280 6796.5938 6875.4863 6941.6978 7007.3555
     1.0845   -0.2087 5248.4385 5263.3711 5280.3901 5298.5142 5318.8359 5341.5786 5366.9697 5395.2798 5426.8628 5462.1118 5501.4956 5545.4966 5594.6401 5649.3975 5709.3682 5769.0679 5833.2017 5902.3701 5976.3760 6054.7905 6137.0610 6222.3794 6309.8369 6398.2690 6486.4976 6573.1440 6656.8848 6736.4424 6808.2251 6873.7817
     1.3255   -0.2087 5248.2358 5262.8228 5279.4028 5296.9316 5316.4756 5338.2515 5362.4526 5389.3081 5419.1147 5452.2002 5488.9561 5529.7769 5575.0957 5625.3105 5680.5356 5737.8169 5796.0522 5858.6099 5925.3208 5995.8096 6069.6089 6146.0356 6224.3286 6303.5278 6382.6450 6460.5303 6536.0952 6608.1772 6675.3198 6741.6562
     1.5665   -0.2087 5247.9844 5262.1431 5278.1821 5294.9819 5313.5791 5334.1870 5356.9663 5382.1006 5409.8320 5440.4219 5474.1855 5511.4351 5552.5215 5597.7524 5647.4438 5701.3135 5754.5742 5810.2163 5869.4004 5931.8384 5997.1636 6064.8325 6134.2480 6204.6318 6275.1924 6344.9932 6413.1421 6478.6821 6540.4233 6602.2158
    -1.4460   -0.4174 5247.9844 5262.1440 5278.1846 5294.9873 5313.5874 5334.1997 5356.9863 5382.1304 5409.8745 5440.4829 5474.2695 5511.5493 5552.6753 5597.9531 5647.7021 5701.6357 5754.9287 5810.6416 5869.9009 5932.4111 5997.8066 6065.5381 6135.0010 6205.4180 6275.9976 6345.8052 6413.9644 6479.5273 6541.3013 6603.1670
    -1.2050   -0.4174 5248.2373 5262.8257 5279.4077 5296.9375 5316.4819 5338.2568 5362.4561 5389.3062 5419.1050 5452.1772 5488.9131 5529.7070 5574.9922 5625.1636 5680.3423 5737.5938 5795.7798 5858.2969 5924.9800 5995.4722 6069.3193 6145.8433 6224.2954 6303.7129 6383.1021 6461.2974 6537.1963 6609.6133 6677.0928 6743.7783
    -0.9640   -0.4174 5248.4385 5263.3711 5280.3877 5298.5073 5318.8232 5341.5576 5366.9380 5395.2368 5426.8052 5462.0366 5501.4019 5545.3833 5594.5098 5649.2466 5709.2183 5768.9136 5833.0483 5902.2290 5976.2715 6054.7515 6137.1289 6222.5928 6310.2383 6398.9175 6487.4365 6574.4316 6658.5688 6738.5713 6810.7173 6876.3828
    -0.7230   -0.4174 5248.6685 5263.9922 5281.5049 5300.2969 5321.4922 5345.3232 5372.0586 5402.0220 5435.6362 5473.3745 5515.8066 5563.5171 5617.1543 5677.0381 5740.1689 5805.3013 5876.3901 5953.3442 6035.9438 6123.6968 6215.9502 6311.7500 6410.0220 6509.4028 6608.4873 6705.7622 6797.8638 6876.8408 6943.3110 7009.1372
    -0.4820   -0.4174 5248.8418 5264.4604 5282.3452 5301.6436 5323.5034 5348.1685 5375.9390 5407.1841 5442.3828 5482.0806 5526.9258 5577.5986 5634.8506 5698.8057 5763.9609 5834.0737 5910.8550 5994.2305 6083.9648 6179.5078 6280.1255 6384.7388 6492.1187 6600.6909 6709.0356 6812.5342 6900.3076 6978.7061 7046.7095 7115.3047
    -0.2410   -0.4174 5248.9849 5264.8472 5283.0415 5302.7603 5325.1714 5350.5264 5379.1538 5411.4609 5447.9756 5489.3022 5536.1582 5589.3018 5649.4932 5716.0405 5783.7188 5857.9668 5939.4663 6028.1396 6123.7334 6225.6445 6333.0615 6444.8003 6559.4834 6675.5601 6789.1436 6889.5669 6978.0010 7057.4370 7128.5244 7199.8208
     0.0000   -0.4174 5248.9849 5264.8481 5283.0459 5302.7705 5325.1948 5350.5698 5379.2310 5411.5884 5448.1758 5489.6064 5536.6064 5589.9473 5650.3931 5717.1655 5785.1699 5859.8584 5941.8901 6031.1958 6127.5181 6230.2588 6338.5967 6451.3330 6567.0698 6684.2651 6798.5981 6898.3862 6987.2666 7067.2251 7138.8350 7210.6494
     0.2410   -0.4174 5248.9844 5264.8462 5283.0400 5302.7583 5325.1699 5350.5269 5379.1587 5411.4756 5448.0054 5489.3555 5536.2466 5589.4395 5649.6958 5716.3052 5784.0679 5858.4277 5940.0527 6028.8652 6124.5996 6226.6426 6334.1772 6445.9961 6560.7197 6676.7769 6790.2539 6890.3711 6978.6123 7057.8027 7128.6626 7199.7363
     0.4820   -0.4174 5248.8413 5264.4604 5282.3477 5301.6494 5323.5156 5348.1890 5375.9712 5407.2319 5442.4521 5482.1792 5527.0615 5577.7808 5635.0933 5699.1196 5764.3169 5834.5146 5911.4004 5994.8979 6084.7759 6180.4873 6281.3052 6386.1450 6493.7671 6602.5967 6711.1802 6814.7969 6902.3101 6980.6841 7048.5059 7116.7695
     0.7230   -0.4174 5248.6680 5263.9917 5281.5034 5300.2944 5321.4878 5345.3159 5372.0459 5402.0024 5435.6064 5473.3311 5515.7432 5563.4312 5617.0415 5676.8936 5740.0137 5805.1226 5876.1924 5953.1426 6035.7588 6123.5483 6215.8652 6311.7520 6410.1294 6509.6265 6608.8096 6706.1592 6798.2876 6877.2373 6943.7500 7009.6978
     0.9640   -0.4174 5248.4390 5263.3711 5280.3887 5298.5083 5318.8237 5341.5586 5366.9399 5395.2393 5426.8101 5462.0483 5501.4224 5545.4175 5594.5601 5649.3218 5709.3125 5769.0371 5833.2124 5902.4463 5976.5513 6055.1152 6137.5981 6223.1997 6311.0229 6399.9199 6488.6987 6575.9722 6660.3838 6740.6196 6812.8369 6878.1792
     1.2050   -0.4174 5248.2373 5262.8247 5279.4058 5296.9331 5316.4727 5338.2407 5362.4302 5389.2671 5419.0493 5452.1016 5488.8140 5529.5811 5574.8364 5624.9790 5680.1289 5737.3823 5795.5542 5858.0654 5924.7515 5995.2539 6069.1152 6145.6558 6224.1279 6303.5591 6382.9653 6461.1729 6537.0811 6609.5049 6676.9751 6743.5913
     1.4460   -0.4174 5247.9844 5262.1436 5278.1831 5294.9839 5313.5825 5334.1914 5356.9722 5382.1084 5409.8418 5440.4331 5474.1968 5511.4473 5552.5298 5597.7539 5647.4355 5701.2886 5754.5293 5810.1411 5869.2881 5931.6802 5996.9580 6064.5801 6133.9551 6204.3105 6274.8667 6344.6934 6412.9136 6478.5806 6540.4946 6602.5396
    -1.3255   -0.6261 5247.9849 5262.1440 5278.1831 5294.9829 5313.5811 5334.1904 5356.9731 5382.1133 5409.8545 5440.4575 5474.2388 5511.5142 5552.6318 5597.8999 5647.6382 5701.5562 5754.8389 5810.5293 5869.7607 5932.2378 5997.5952 6065.2861 6134.7114 6205.0908 6275.6431 6345.4214 6413.5396 6479.0361 6540.6997 6602.3599
    -1.0845   -0.6261 5248.2368 5262.8237 5279.4048 5296.9336 5316.4771 5338.2524 5362.4546 5389.3120 5419.1230 5452.2168 5488.9858 5529.8296 5575.1851 5625.4551 5680.7588 5738.1147 5796.4844 5859.2183 5926.1499 5996.9121 6071.0439 6147.8540 6226.5713 6306.2192 6385.7930 6464.1221 6540.0889 6612.5298 6679.9888 6746.6353
    -0.8435   -0.6261 5248.4395 5263.3716 5280.3882 5298.5068 5318.8203 5341.5518 5366.9277 5395.2183 5426.7764 5461.9961 5501.3438 5545.3027 5594.3979 5649.0972 5709.0337 5768.6812 5832.7510 5901.8594 5975.8208 6054.2183 6136.5190 6221.9243 6309.5396 6398.2192 6486.7803 6573.8477 6658.0884 6738.2104 6810.4824 6876.2710
    -0.6025   -0.6261 5248.6675 5263.9912 5281.5029 5300.2954 5321.4912 5345.3242 5372.0615 5402.0273 5435.6436 5473.3867 5515.8242 5563.5444 5617.1958 5677.1001 5740.2559 5805.4302 5876.5737 5953.6084 6036.3145 6124.2007 6216.6138 6312.5967 6411.0620 6510.6294 6609.8589 6707.2119 6799.2637 6877.9556 6944.2500 7009.8110
    -0.3615   -0.6261 5248.8374 5264.4497 5282.3281 5301.6182 5323.4678 5348.1187 5375.8706 5407.0928 5442.2603 5481.9155 5526.7031 5577.2979 5634.4448 5698.2729 5763.3501 5833.2896 5909.8511 5992.9512 6082.3447 6177.4751 6277.6099 6381.6631 6488.4067 6596.2739 6703.8325 6806.7729 6894.7832 6972.6514 7040.2705 7107.9707
    -0.1205   -0.6261 5248.8433 5264.4658 5282.3555 5301.6616 5323.5312 5348.2065 5375.9897 5407.2495 5442.4668 5482.1855 5527.0571 5577.7598 5635.0479 5699.0503 5764.2227 5834.3779 5911.2090 5994.6387 6084.4307 6180.0376 6280.7217 6385.3994 6492.8354 6601.4546 6709.8115 6813.2935 6900.8730 6979.1528 7046.9463 7115.2549
     0.1205   -0.6261 5248.8423 5264.4629 5282.3521 5301.6572 5323.5264 5348.2046 5375.9902 5407.2563 5442.4810 5482.2109 5527.0952 5577.8159 5635.1255 5699.1475 5764.3301 5834.5132 5911.3750 5994.8364 6084.6621 6180.3013 6281.0142 6385.7202 6493.1836 6601.8281 6710.2227 6813.7344 6901.3115 6979.6729 7047.5410 7115.9429
     0.3615   -0.6261 5248.8379 5264.4507 5282.3291 5301.6172 5323.4629 5348.1074 5375.8511 5407.0596 5442.2100 5481.8447 5526.6055 5577.1675 5634.2749 5698.0610 5763.1162 5833.0088 5909.5190 5992.5654 6081.9023 6176.9727 6277.0396 6381.0146 6487.6611 6595.4077 6702.7998 6805.5854 6893.5601 6971.2139 7038.6865 7106.2500
     0.6025   -0.6261 5248.6680 5263.9912 5281.5020 5300.2910 5321.4805 5345.3027 5372.0254 5401.9702 5435.5581 5473.2612 5515.6470 5563.3008 5616.8687 5676.6729 5739.7612 5804.8091 5875.8115 5952.6816 6035.2070 6122.8979 6215.1079 6310.8862 6409.1514 6508.5337 6607.6074 6704.8555 6796.9287 6875.9863 6942.3813 7008.1509
     0.8435   -0.6261 5248.4385 5263.3730 5280.3950 5298.5244 5318.8521 5341.6050 5367.0083 5395.3354 5426.9390 5462.2134 5501.6289 5545.6680 5594.8555 5649.6577 5709.6533 5769.3867 5833.5596 5902.7612 5976.7998 6055.2510 6137.5679 6222.9443 6310.4771 6399.0220 6487.3940 6574.2290 6658.1899 6737.9849 6809.9321 6875.4141
     1.0845   -0.6261 5248.2373 5262.8252 5279.4077 5296.9365 5316.4805 5338.2534 5362.4502 5389.2949 5419.0854 5452.1465 5488.8667 5529.6387 5574.8921 5625.0210 5680.1416 5737.3467 5795.4395 5857.8374 5924.3687 5994.6665 6068.2725 6144.5093 6222.6362 6301.6914 6380.7090 6458.5503 6534.1460 6606.3628 6673.7588 6740.5312
     1.3255   -0.6261 5247.9854 5262.1460 5278.1890 5294.9937 5313.5972 5334.2129 5357.0010 5382.1479 5409.8955 5440.5044 5474.2915 5511.5713 5552.6934 5597.9658 5647.7065 5701.6289 5754.9082 5810.6055 5869.8442 5932.3320 5997.7065 6065.4155 6134.8613 6205.2544 6275.8125 6345.5942 6413.7148 6479.2197 6540.9209 6602.6855
    -1.2050   -0.8348 5247.9849 5262.1440 5278.1831 5294.9829 5313.5796 5334.1870 5356.9658 5382.1001 5409.8311 5440.4209 5474.1816 5511.4312 5552.5122 5597.7373 5647.4199 5701.2744 5754.5225 5810.1401 5869.2944 5931.6895 5996.9697 6064.5835 6133.9414 6204.2603 6274.7681 6344.5249 6412.6621 6478.2354 6540.0708 6602.0532
    -0.9640   -0.8348 5248.2368 5262.8237 5279.4038 5296.9316 5316.4751 5338.2490 5362.4482 5389.3037 5419.1099 5452.1982 5488.9575 5529.7881 5575.1230 5625.3623 5680.6230 5737.9390 5796.2324 5858.8677 5925.6743 5996.2847 6070.2344 6146.8428 6225.3506 6304.7920 6384.1816 6462.3579 6538.2266 6610.6025 6678.0176 6744.5776
    -0.7230   -0.8348 5248.4375 5263.3696 5280.3867 5298.5093 5318.8291 5341.5713 5366.9619 5395.2725 5426.8569 5462.1099 5501.5000 5545.5103 5594.6685 5649.4404 5709.4277 5769.1475 5833.3042 5902.4976 5976.5356 6054.9951 6137.3228 6222.7129 6310.2559 6398.7920 6487.1338 6573.8994 6657.7563 6737.4248 6809.2710 6874.7666
    -0.4820   -0.8348 5248.6626 5263.9761 5281.4736 5300.2432 5321.4058 5345.1924 5371.8677 5401.7524 5435.2612 5472.8662 5515.1235 5562.6123 5615.9702 5675.5234 5738.4731 5803.2090 5873.8325 5950.2495 6032.2373 6119.2944 6210.7695 6305.7021 6403.0112 6501.3252 6599.2241 6695.1704 6786.3340 6865.8516 6931.4253 6996.7183
    -0.2410   -0.8348 5248.6670 5263.9873 5281.4961 5300.2842 5321.4741 5345.2998 5372.0283 5401.9834 5435.5850 5473.3101 5515.7212 5563.4072 5617.0127 5676.8584 5739.9746 5805.0737 5876.1284 5953.0630 6035.6582 6123.4233 6215.7109 6311.5654 6409.8955 6509.3213 6608.4082 6705.6143 6797.5850 6876.4331 6942.6963 7008.2969
     0.0000   -0.8348 5248.6685 5263.9917 5281.5024 5300.2915 5321.4810 5345.3042 5372.0278 5401.9761 5435.5693 5473.2832 5515.6807 5563.3511 5616.9395 5676.7686 5739.8701 5804.9429 5875.9644 5952.8574 6035.4102 6123.1348 6215.3872 6311.2246 6409.5708 6509.0664 6608.2856 6705.7109 6797.9521 6877.0449 6943.6436 7009.6289
     0.2410   -0.8348 5248.6670 5263.9883 5281.4995 5300.2905 5321.4849 5345.3159 5372.0518 5402.0137 5435.6260 5473.3623 5515.7871 5563.4897 5617.1172 5676.9854 5740.1108 5805.2329 5876.3096 5953.2656 6035.8813 6123.6670 6215.9795 6311.8574 6410.2222 6509.6987 6608.8604 6706.1748 6798.2607 6877.1426 6943.5425 7009.2236
     0.4820   -0.8348 5248.6626 5263.9780 5281.4795 5300.2578 5321.4321 5345.2358 5371.9341 5401.8477 5435.3945 5473.0454 5515.3589 5562.9170 5616.3555 5675.9946 5738.9814 5803.8101 5874.5229 5951.0249 6033.0820 6120.1816 6211.6660 6306.5645 6403.7900 6501.9678 6599.6787 6695.3882 6786.2915 6865.5352 6930.8052 6995.7378
     0.7230   -0.8348 5248.4380 5263.3701 5280.3877 5298.5098 5318.8276 5341.5635 5366.9458 5395.2437 5426.8091 5462.0342 5501.3877 5545.3481 5594.4443 5649.1392 5709.0659 5768.7031 5832.7559 5901.8408 5975.7778 6054.1484 6136.4146 6221.7803 6309.3462 6397.9639 6486.4443 6573.4126 6657.5356 6737.5181 6809.6597 6875.4141
     0.9640   -0.8348 5248.2354 5262.8208 5279.3999 5296.9253 5316.4644 5338.2329 5362.4272 5389.2739 5419.0723 5452.1499 5488.8989 5529.7178 5575.0430 5625.2744 5680.5317 5737.8613 5796.1660 5858.8267 5925.6743 5996.3403 6070.3594 6147.0459 6225.6304 6305.1406 6384.5728 6462.7563 6538.5811 6610.8770 6678.1880 6744.6479
     1.2050   -0.8348 5247.9849 5262.1455 5278.1875 5294.9902 5313.5908 5334.2036 5356.9878 5382.1294 5409.8687 5440.4697 5474.2451 5511.5127 5552.6196 5597.8740 5647.5967 5701.5005 5754.7754 5810.4580 5869.6885 5932.1768 5997.5596 6065.2910 6134.7720 6205.2256 6275.8506 6345.7129 6413.9155 6479.4985 6541.2505 6603.0161
    -1.0845   -1.0436 5247.9858 5262.1450 5278.1846 5294.9839 5313.5796 5334.1846 5356.9595 5382.0884 5409.8140 5440.3950 5474.1499 5511.3887 5552.4619 5597.6777 5647.3516 5701.2051 5754.4600 5810.0874 5869.2642 5931.6992 5997.0400 6064.7441 6134.2192 6204.6909 6275.3711 6345.3208 6413.6470 6479.3813 6541.3149 6603.3062
    -0.8435   -1.0436 5248.2358 5262.8223 5279.4019 5296.9292 5316.4712 5338.2432 5362.4390 5389.2861 5419.0796 5452.1455 5488.8740 5529.6548 5574.9243 5625.0723 5680.2222 5737.4526 5795.5928 5858.0479 5924.6514 5995.0386 6068.7480 6145.1025 6223.3506 6302.5278 6381.6470 6459.5586 6535.1650 6607.3096 6674.5518 6741.0688
    -0.6025   -1.0436 5248.4336 5263.3584 5280.3652 5298.4712 5318.7666 5341.4731 5366.8149 5395.0596 5426.5547 5461.6890 5500.9204 5544.7231 5593.6138 5648.0571 5707.7861 5767.1406 5830.8130 5899.4419 5972.8345 6050.5737 6132.1157 6216.6626 6303.3193 6390.9492 6478.3770 6564.2388 6647.2075 6726.0078 6797.4780 6863.8945
    -0.3615   -1.0436 5248.4370 5263.3677 5280.3838 5298.5010 5318.8135 5341.5444 5366.9219 5395.2158 5426.7788 5462.0063 5501.3643 5545.3374 5594.4507 5649.1719 5709.1265 5768.7954 5832.8906 5902.0161 5975.9829 6054.3696 6136.6289 6221.9624 6309.4634 6397.9912 6486.3667 6573.2197 6657.2261 6737.1030 6809.1875 6874.9424
    -0.1205   -1.0436 5248.4375 5263.3691 5280.3862 5298.5083 5318.8286 5341.5708 5366.9614 5395.2729 5426.8608 5462.1157 5501.5122 5545.5327 5594.7051 5649.4951 5709.5010 5769.2544 5833.4536 5902.7061 5976.8267 6055.3926 6137.8638 6223.4399 6311.2148 6400.0479 6488.7588 6575.9814 6660.3813 6740.6689 6812.9907 6878.5034
     0.1205   -1.0436 5248.4385 5263.3711 5280.3872 5298.5073 5318.8232 5341.5576 5366.9409 5395.2417 5426.8149 5462.0552 5501.4326 5545.4312 5594.5781 5649.3408 5709.3286 5769.0503 5833.2124 5902.4229 5976.4912 6054.9980 6137.4009 6222.8970 6310.5786 6399.3003 6487.8794 6574.9404 6659.1440 6739.2017 6811.3647 6876.9414
     0.3615   -1.0436 5248.4370 5263.3687 5280.3853 5298.5063 5318.8242 5341.5625 5366.9487 5395.2520 5426.8262 5462.0649 5501.4351 5545.4180 5594.5386 5649.2603 5709.2021 5768.8540 5832.9194 5902.0054 5975.9185 6054.2402 6136.4282 6221.6821 6309.1016 6397.5479 6485.8462 6572.6362 6656.5923 6736.4448 6808.5376 6874.3843
     0.6025   -1.0436 5248.4326 5263.3540 5280.3579 5298.4585 5318.7471 5341.4448 5366.7773 5395.0117 5426.4971 5461.6230 5500.8511 5544.6572 5593.5625 5648.0342 5707.8115 5767.2310 5830.9961 5899.7407 5973.2734 6051.1685 6132.8745 6217.5840 6304.3887 6392.1353 6479.6382 6565.5264 6648.4683 6727.1958 6798.5234 6864.6631
     0.8435   -1.0436 5248.2354 5262.8228 5279.4033 5296.9331 5316.4775 5338.2529 5362.4526 5389.3047 5419.1050 5452.1797 5488.9189 5529.7148 5574.9990 5625.1660 5680.3374 5737.5693 5795.7236 5858.1875 5924.7920 5995.1631 6068.8398 6145.1348 6223.2944 6302.3545 6381.3286 6459.0737 6534.4971 6606.4541 6673.4961 6739.7729
     1.0845   -1.0436 5247.9829 5262.1411 5278.1812 5294.9829 5313.5835 5334.1958 5356.9829 5382.1274 5409.8750 5440.4863 5474.2773 5511.5645 5552.6943 5597.9790 5647.7358 5701.6743 5754.9663 5810.6826 5869.9429 5932.4551 5997.8550 6065.5952 6135.0806 6205.5327 6276.1558 6346.0186 6414.2412 6479.8662 6541.7002 6603.6084
    -0.9640   -1.2523 5247.9824 5262.1392 5278.1772 5294.9766 5313.5737 5334.1831 5356.9673 5382.1118 5409.8574 5440.4707 5474.2661 5511.5605 5552.7056 5598.0122 5647.7979 5701.7729 5755.0991 5810.8662 5870.1831 5932.7593 5998.2236 6066.0269 6135.5659 6206.0552 6276.7041 6346.5679 6414.7705 6480.3398 6542.0854 6603.8530
    -0.7230   -1.2523 5248.2334 5262.8149 5279.3882 5296.9058 5316.4336 5338.1870 5362.3584 5389.1733 5418.9272 5451.9443 5488.6123 5529.3247 5574.5078 5624.5571 5679.5996 5736.7983 5794.8281 5857.1562 5923.6162 5993.8325 6067.3481 6143.4707 6221.4507 6300.3101 6379.0669 6456.5527 6531.6899 6603.3110 6670.0122 6735.9316
    -0.4820   -1.2523 5248.2354 5262.8193 5279.3965 5296.9194 5316.4556 5338.2212 5362.4116 5389.2534 5419.0464 5452.1167 5488.8584 5529.6680 5574.9814 5625.1978 5680.4355 5737.7539 5796.0283 5858.6484 5925.4390 5996.0381 6069.9775 6146.5703 6225.0605 6304.4780 6383.8276 6461.9512 6537.7480 6610.0513 6677.3936 6743.9111
    -0.2410   -1.2523 5248.2354 5262.8208 5279.3994 5296.9263 5316.4688 5338.2417 5362.4414 5389.2944 5419.0981 5452.1802 5488.9326 5529.7485 5575.0630 5625.2754 5680.5010 5737.7905 5796.0361 5858.6196 5925.3682 5995.9224 6069.8257 6146.3882 6224.8613 6304.2715 6383.6313 6461.7764 6537.6123 6609.9644 6677.3730 6743.9736
     0.0000   -1.2523 5248.2368 5262.8247 5279.4058 5296.9341 5316.4766 5338.2490 5362.4448 5389.2910 5419.0854 5452.1543 5488.8867 5529.6807 5574.9688 5625.1494 5680.3433 5737.6211 5795.8428 5858.4067 5925.1436 5995.6934 6069.5913 6146.1548 6224.6260 6304.0264 6383.3667 6461.4746 6537.2515 6609.5312 6676.8472 6743.3389
     0.2410   -1.2523 5248.2368 5262.8242 5279.4058 5296.9360 5316.4814 5338.2573 5362.4590 5389.3130 5419.1177 5452.1992 5488.9492 5529.7632 5575.0757 5625.2842 5680.5107 5737.7939 5796.0342 5858.6099 5925.3496 5995.8857 6069.7515 6146.2637 6224.6606 6303.9756 6383.2178 6461.2319 6536.9248 6609.1489 6676.4614 6743.0576
     0.4820   -1.2523 5248.2344 5262.8208 5279.4019 5296.9316 5316.4780 5338.2568 5362.4634 5389.3262 5419.1431 5452.2441 5489.0195 5529.8677 5575.2236 5625.4873 5680.7788 5738.1108 5796.4434 5859.1274 5925.9897 5996.6704 6070.7031 6147.4038 6226.0063 6305.5386 6384.9849 6463.1787 6539.0000 6611.2646 6678.5088 6744.8589
     0.7230   -1.2523 5248.2334 5262.8179 5279.3960 5296.9219 5316.4585 5338.2246 5362.4102 5389.2441 5419.0190 5452.0610 5488.7573 5529.5000 5574.7158 5624.7988 5679.8716 5737.0591 5795.0996 5857.4302 5923.8770 5994.0679 6067.5405 6143.6099 6221.5200 6300.3022 6378.9683 6456.3613 6531.3970 6602.9131 6669.4932 6735.2812
     0.9640   -1.2523 5247.9829 5262.1401 5278.1787 5294.9780 5313.5742 5334.1816 5356.9604 5382.0957 5409.8281 5440.4209 5474.1870 5511.4424 5552.5347 5597.7725 5647.4736 5701.3521 5754.6167 5810.2651 5869.4546 5931.8916 5997.2119 6064.8750 6134.2832 6204.6602 6275.2227 6345.0352 6413.2183 6478.8169 6540.6328 6602.5176
    -0.6025   -1.4610 5247.9839 5262.1406 5278.1772 5294.9741 5313.5664 5334.1694 5356.9419 5382.0698 5409.7949 5440.3770 5474.1323 5511.3726 5552.4482 5597.6660 5647.3428 5701.1958 5754.4536 5810.0757 5869.2437 5931.6626 5996.9756 6064.6401 6134.0625 6204.4683 6275.0762 6344.9409 6413.1802 6478.8213 6540.6650 6602.5396
    -0.3615   -1.4610 5247.9829 5262.1406 5278.1797 5294.9795 5313.5791 5334.1899 5356.9751 5382.1201 5409.8647 5440.4751 5474.2632 5511.5479 5552.6768 5597.9614 5647.7192 5701.6597 5754.9580 5810.6816 5869.9517 5932.4756 5997.8887 6065.6406 6135.1274 6205.5723 6276.1802 6346.0083 6414.1694 6479.7197 6541.4580 6603.2705
    -0.1205   -1.4610 5247.9834 5262.1411 5278.1812 5294.9819 5313.5820 5334.1948 5356.9814 5382.1270 5409.8745 5440.4863 5474.2778 5511.5649 5552.6943 5597.9775 5647.7266 5701.6528 5754.9297 5810.6216 5869.8491 5932.3213 5997.6758 6065.3662 6134.7988 6205.2041 6275.7974 6345.6523 6413.8818 6479.5449 6541.4463 6603.4619
     0.1205   -1.4610 5247.9839 5262.1421 5278.1797 5294.9785 5313.5752 5334.1821 5356.9604 5382.0962 5409.8291 5440.4229 5474.1904 5511.4468 5552.5391 5597.7749 5647.4727 5701.3433 5754.5981 5810.2314 5869.4004 5931.8164 5997.1162 6064.7646 6134.1621 6204.5400 6275.1104 6344.9409 6413.1460 6478.7686 6540.6074 6602.5156
     0.3615   -1.4610 5247.9829 5262.1406 5278.1782 5294.9780 5313.5757 5334.1851 5356.9673 5382.1069 5409.8457 5440.4463 5474.2222 5511.4907 5552.5967 5597.8525 5647.5728 5701.4717 5754.7471 5810.4219 5869.6445 5932.1206 5997.4863 6065.1978 6134.6606 6205.0962 6275.7178 6345.5820 6413.8120 6479.4409 6541.2690 6603.1479
     0.6025   -1.4610 5247.9829 5262.1392 5278.1763 5294.9741 5313.5684 5334.1743 5356.9507 5382.0845 5409.8164 5440.4082 5474.1753 5511.4316 5552.5254 5597.7666 5647.4702 5701.3491 5754.6167 5810.2651 5869.4487 5931.8765 5997.1855 6064.8276 6134.2041 6204.5420 6275.0513 6344.8022 6412.9136 6478.4321 6540.1699 6601.9741
