      -0.60      1.46  50070.74  50137.12  50255.44  50360.70  50484.31  50619.94  50768.59  50932.64  51115.29  51319.54  51549.58  51808.75  52101.97  52432.35  52805.08  53217.66  53600.27  54024.45  54489.42  54985.50  55511.96  56063.22  56636.04  57222.55  57817.70  58412.02  58999.36  59569.87  60114.87  60660.87
      -0.36      1.46  50075.83  50142.18  50260.25  50365.20  50488.28  50623.30  50771.08  50934.24  51115.72  51318.85  51547.47  51805.36  52096.98  52425.96  52797.00  53208.13  53589.35  54011.83  54474.65  54968.94  55493.18  56042.75  56613.70  57199.09  57793.28  58387.65  58975.53  59547.69  60094.97  60644.19
      -0.12      1.46  50051.59  50118.30  50236.33  50342.03  50466.13  50602.96  50752.67  50918.38  51102.44  51308.60  51540.32  51801.64  52096.78  52429.49  52804.34  53219.24  53603.78  54029.77  54496.03  54993.20  55520.36  56072.05  56645.09  57231.47  57826.57  58420.59  59008.19  59579.06  60125.51  60673.23
       0.12      1.46  50039.52  50106.27  50225.28  50331.79  50457.22  50595.16  50746.51  50913.59  51099.51  51307.23  51540.95  51803.97  52101.23  52435.76  52812.81  53229.65  53616.16  54044.13  54512.49  55011.53  55540.62  56093.91  56668.33  57255.66  57851.05  58444.84  59031.18  59600.33  60143.90  60688.40
       0.36      1.46  50054.98  50121.40  50239.26  50344.36  50467.82  50603.77  50752.72  50917.56  51100.95  51306.45  51537.72  51798.65  52093.61  52426.25  52801.25  53216.50  53601.76  54028.56  54495.98  54994.55  55523.37  56076.89  56651.84  57240.17  57837.07  58432.79  59021.75  59593.81  60140.99  60689.49
       0.60      1.46  50041.08  50107.58  50225.95  50331.63  50455.83  50592.40  50742.09  50907.55  51091.68  51297.81  51529.79  51791.37  52087.01  52420.28  52795.88  53211.81  53598.01  54025.77  54494.16  54994.03  55524.06  56079.17  56655.53  57245.62  57843.95  58441.29  59031.19  59604.06  60150.98  60698.61
      -0.96      1.25  50088.75  50155.25  50272.92  50377.79  50500.51  50635.53  50783.02  50946.15  51127.30  51330.23  51558.37  51815.78  52106.65  52434.76  52804.69  53214.53  53594.35  54015.29  54476.87  54969.52  55492.46  56040.13  56609.61  57192.77  57785.25  58377.13  58963.12  59532.66  60078.11  60624.92
      -0.72      1.25  50083.05  50150.50  50268.76  50376.03  50502.28  50642.34  50796.35  50968.57  51161.30  51379.54  51626.76  51908.33  52228.35  52591.72  53000.44  53414.46  53830.13  54308.51  54828.70  55386.57  55979.37  56600.38  57245.11  57903.88  58570.63  59233.39  59885.34  60513.44  61108.60  61696.70
      -0.48      1.25  50066.20  50133.58  50252.17  50359.55  50486.02  50626.27  50780.68  50953.53  51147.16  51366.76  51615.69  51899.55  52222.33  52589.32  53002.35  53419.96  53841.66  54325.20  54850.54  55413.87  56012.31  56639.18  57289.70  57954.23  58626.43  59294.39  59951.05  60583.72  61183.10  61775.18
      -0.24      1.25  50065.46  50133.38  50253.39  50362.37  50491.34  50633.74  50791.01  50966.02  51162.37  51383.78  51635.07  51920.35  52245.12  52613.18  53027.80  53445.25  53867.98  54351.24  54876.36  55438.69  56036.07  56661.28  57310.00  57972.30  58641.96  59307.23  59961.00  60591.05  61187.92  61778.31
       0.00      1.25  50050.84  50118.34  50237.31  50345.40  50473.16  50614.81  50771.01  50945.47  51140.94  51362.04  51612.67  51897.94  52222.43  52590.90  53005.71  53424.56  53847.87  54332.37  54858.52  55422.39  56021.23  56648.40  57299.09  57963.70  58635.81  59303.84  59960.72  60594.50  61196.01  61791.90
       0.24      1.25  50048.93  50116.90  50237.31  50346.56  50475.87  50618.61  50776.30  50951.70  51148.48  51370.38  51622.13  51908.02  52233.35  52602.22  53017.47  53436.24  53859.62  54344.04  54869.98  55433.73  56032.25  56659.39  57309.83  57974.80  58646.98  59315.80  59973.00  60607.30  61208.10  61802.41
       0.48      1.25  50059.79  50127.51  50248.32  50357.38  50486.70  50629.01  50786.63  50961.54  51158.27  51379.62  51631.28  51916.53  52241.62  52609.60  53024.31  53441.79  53864.56  54347.99  54873.42  55436.09  56033.68  56659.20  57307.81  57970.19  58639.44  59304.61  59957.82  60587.99  61184.69  61775.53
       0.72      1.25  50021.84  50089.47  50207.53  50315.52  50442.89  50585.02  50741.46  50917.13  51113.67  51336.85  51589.44  51877.50  52204.53  52575.86  52992.96  53415.60  53840.68  54328.58  54858.45  55425.79  56028.06  56657.94  57311.21  57977.39  58650.96  59319.14  59975.95  60607.69  61206.19  61796.62
       0.96      1.25  50026.86  50093.38  50212.02  50317.96  50442.65  50579.77  50730.27  50896.59  51081.83  51289.10  51522.50  51785.55  52082.96  52418.09  52795.85  53213.96  53602.32  54032.65  54503.74  55006.25  55539.01  56096.63  56675.40  57267.59  57867.67  58466.39  59057.27  59630.86  60178.14  60726.15
      -1.08      1.04  50095.27  50161.72  50279.67  50384.57  50507.53  50642.49  50790.14  50953.10  51134.25  51336.85  51564.85  51821.80  52112.42  52440.04  52809.75  53219.11  53598.17  54018.57  54479.54  54971.50  55493.80  56040.88  56609.72  57192.35  57784.23  58375.64  58961.13  59530.45  60075.60  60622.16
      -0.84      1.04  50065.46  50132.97  50251.80  50359.47  50486.21  50626.72  50781.32  50954.23  51147.78  51367.13  51615.63  51898.90  52220.92  52586.92  52998.78  53415.40  53835.40  54317.14  54840.43  55401.52  55997.51  56621.74  57269.46  57930.99  58600.05  59264.89  59918.59  60548.88  61146.65  61738.52
      -0.60      1.04  50051.32  50120.68  50242.42  50354.81  50488.67  50637.23  50802.40  50987.21  51196.06  51432.72  51703.18  52011.48  52364.45  52765.46  53213.75  53624.92  54104.06  54635.92  55215.89  55837.27  56498.17  57189.09  57905.51  58635.12  59371.30  60099.71  60812.61  61495.80  62127.87  62703.06
      -0.36      1.04  50056.99  50126.33  50248.70  50361.14  50494.85  50642.83  50807.31  50991.26  51199.11  51434.84  51704.31  52012.05  52364.73  52766.64  53214.87  53629.02  54111.95  54647.47  55231.29  55858.20  56525.36  57224.26  57949.25  58688.88  59435.21  60175.05  60899.58  61595.69  62235.57  62794.62
      -0.12      1.04  50066.53  50135.86  50257.55  50369.21  50501.39  50647.67  50809.63  50991.05  51195.62  51428.30  51694.04  51998.50  52347.34  52746.10  53191.36  53602.94  54082.31  54614.72  55194.73  55818.52  56482.17  57178.52  57900.93  58639.19  59384.56  60124.84  60850.55  61548.85  62192.40  62759.33
       0.12      1.04  50056.98  50126.47  50247.87  50359.88  50492.66  50640.01  50803.31  50986.36  51192.86  51427.58  51695.72  52002.59  52354.28  52755.77  53203.73  53618.10  54101.06  54636.76  55220.83  55848.31  56516.43  57216.72  57943.71  58685.62  59434.95  60177.78  60906.09  61605.34  62248.81  62808.77
       0.36      1.04  50024.24  50093.25  50213.50  50324.76  50456.61  50603.75  50766.79  50950.50  51157.66  51394.06  51663.85  51973.30  52327.49  52732.14  53183.67  53601.62  54088.21  54628.04  55216.27  55847.86  56520.01  57224.00  57954.46  58699.37  59451.42  60196.42  60926.51  61627.13  62271.56  62833.64
       0.60      1.04  50028.14  50097.10  50217.78  50329.26  50461.66  50609.25  50772.97  50957.04  51164.57  51400.81  51670.18  51978.51  52330.87  52732.65  53181.69  53594.80  54075.30  54610.16  55192.78  55818.43  56483.52  57179.91  57901.61  58637.09  59378.49  60112.02  60829.32  61516.65  62153.03  62734.14
       0.84      1.04  50038.89  50106.84  50226.50  50335.40  50464.32  50607.16  50765.01  50941.02  51138.62  51361.64  51614.90  51902.44  52229.93  52600.82  53018.72  53439.63  53866.27  54353.62  54883.52  55450.41  56052.95  56682.93  57336.87  58003.86  58678.59  59348.30  60006.76  60640.60  61241.12  61833.90
       1.08      1.04  50023.35  50089.77  50208.14  50314.03  50438.59  50575.86  50726.45  50893.11  51078.56  51286.21  51519.77  51783.04  52080.37  52415.44  52792.80  53210.47  53598.21  54027.43  54497.00  54997.82  55528.53  56084.02  56660.50  57250.45  57848.41  58445.28  59034.74  59607.35  60154.33  60702.48
      -1.21      0.83  50091.01  50157.48  50275.75  50380.81  50504.22  50639.50  50787.70  50951.15  51133.07  51336.45  51565.53  51823.64  52115.67  52444.79  52816.12  53227.12  53607.76  54029.66  54491.81  54984.82  55507.75  56055.25  56623.94  57206.14  57796.80  58386.75  58969.96  59536.95  60079.23  60623.49
      -0.96      0.83  50055.43  50123.16  50241.90  50350.12  50477.79  50619.50  50775.48  50949.89  51145.05  51366.02  51616.23  51901.19  52225.00  52592.84  53006.54  53424.39  53846.13  54329.10  54853.21  55414.98  56011.19  56635.70  57283.25  57944.95  58614.03  59279.43  59933.94  60565.57  61165.11  61758.84
      -0.72      0.83  50073.14  50141.89  50262.66  50373.09  50503.70  50648.56  50809.12  50989.55  51193.31  51425.64  51691.21  51995.94  52345.22  52744.69  53190.70  53603.27  54084.39  54619.08  55202.13  55829.14  56496.65  57196.76  57923.41  58665.42  59414.75  60157.96  60886.33  61585.98  62228.67  62785.99
      -0.48      0.83  50029.18  50099.80  50222.61  50337.81  50475.22  50628.81  50800.12  50993.92  51213.95  51466.26  51756.06  52090.14  52474.35  52913.17  53364.97  53824.57  54364.25  54960.42  55611.25  56311.76  57057.49  57839.30  58649.59  59475.17  60305.85  61126.02  61913.30  62585.44  63134.28  63689.53
      -0.24      0.83  50032.28  50103.34  50226.93  50342.84  50481.02  50635.20  50807.13  51001.23  51221.64  51474.05  51764.33  52098.82  52484.41  52925.18  53377.67  53842.09  54385.93  54985.79  55641.49  56347.15  57099.49  57888.10  58706.58  59540.41  60380.60  61211.03  62005.55  62664.96  63227.52  63786.95
       0.00      0.83  50023.56  50093.90  50216.92  50331.95  50468.97  50622.01  50792.77  50985.98  51205.56  51457.49  51747.35  52081.82  52467.52  52908.83  53362.32  53827.70  54372.18  54972.65  55628.62  56334.62  57086.83  57875.42  58693.14  59526.41  60365.35  61195.28  61989.37  62652.16  63215.24  63778.35
       0.24      0.83  50042.38  50112.99  50236.39  50351.29  50487.93  50640.09  50809.72  51001.47  51219.34  51469.41  51757.12  52089.41  52472.45  52911.22  53361.97  53824.45  54365.90  54963.92  55617.07  56320.82  57070.43  57857.01  58672.50  59504.08  60341.26  61169.57  61962.62  62627.58  63188.16  63749.01
       0.48      0.83  50040.00  50110.59  50233.89  50349.03  50486.29  50639.27  50810.04  51002.91  51222.18  51473.42  51762.43  52095.47  52479.04  52916.99  53368.33  53827.24  54366.77  54962.59  55613.65  56314.28  57060.66  57842.95  58654.13  59480.22  60311.47  61131.87  61919.04  62589.76  63138.34  63692.51
       0.72      0.83  50012.49  50081.46  50202.54  50314.33  50447.11  50594.97  50759.13  50943.79  51152.18  51389.62  51660.58  51971.03  52326.21  52731.78  53183.97  53602.77  54089.88  54630.42  55218.91  55851.13  56523.43  57228.02  57958.67  58704.33  59456.85  60202.97  60934.00  61636.23  62282.23  62846.79
       0.96      0.83  50052.18  50119.97  50239.31  50347.47  50474.88  50615.93  50771.26  50944.82  51139.22  51359.36  51608.95  51893.36  52216.91  52584.68  52998.69  53417.50  53840.03  54324.15  54849.74  55413.31  56011.74  56638.74  57289.07  57953.58  58625.38  59293.36  59949.90  60583.43  61183.98  61778.76
       1.21      0.83  50060.70  50127.16  50245.59  50351.10  50475.16  50611.29  50760.56  50925.27  51108.67  51313.73  51544.76  51805.07  52099.71  52431.75  52806.43  53221.04  53605.35  54031.56  54498.29  54996.06  55524.05  56076.64  56650.57  57237.90  57833.61  58428.29  59015.94  59586.83  60132.41  60679.31
      -1.33      0.63  50072.07  50138.58  50256.95  50362.30  50486.12  50622.07  50771.06  50935.53  51118.52  51323.14  51553.52  51813.11  52106.71  52437.59  52810.82  53223.91  53606.63  54031.09  54496.04  54992.07  55518.40  56069.45  56642.08  57228.14  57822.92  58416.61  59003.69  59573.99  60119.52  60666.19
      -1.08      0.63  50045.08  50113.09  50232.42  50341.27  50469.74  50612.25  50769.29  50944.78  51141.43  51363.96  51616.31  51903.46  52230.18  52600.83  53018.14  53438.86  53864.67  54351.05  54879.30  55444.41  56044.58  56671.88  57322.49  57985.64  58655.78  59320.44  59973.36  60602.01  61197.84  61787.38
      -0.84      0.63  50074.84  50144.54  50266.33  50378.38  50511.29  50658.41  50821.64  51004.21  51210.48  51444.54  51712.33  52018.34  52369.55  52769.95  53216.92  53629.77  54111.51  54645.37  55227.85  55853.14  56519.35  57217.30  57942.25  58681.98  59429.57  60170.92  60898.17  61596.88  62239.54  62797.61
      -0.60      0.63  50040.52  50111.41  50234.82  50350.25  50487.86  50641.18  50812.46  51005.85  51225.99  51478.11  51768.58  52103.20  52489.41  52930.62  53383.69  53848.69  54393.43  54993.79  55650.27  56356.26  57109.05  57897.73  58716.24  59549.77  60389.62  61219.52  62013.22  62670.74  63232.24  63790.22
      -0.36      0.63  50012.35  50083.93  50208.56  50326.41  50467.00  50624.38  50800.63  51001.14  51230.13  51494.57  51800.24  52155.11  52565.79  53035.98  53484.37  53997.37  54584.10  55233.32  55943.12  56708.35  57523.36  58378.08  59262.99  60163.48  61068.19  61940.19  62657.98  63301.32  63875.49  64452.62
      -0.12      0.63  50012.99  50085.58  50210.92  50330.43  50473.41  50633.51  50812.87  51016.39  51248.81  51516.34  51825.78  52184.01  52599.31  53073.81  53524.65  54043.66  54635.82  55289.59  56005.36  56776.12  57598.24  58459.70  59352.73  60260.84  61174.95  62051.52  62754.46  63407.19  63981.04  64562.13
       0.12      0.63  49997.79  50069.81  50194.85  50313.83  50456.24  50615.89  50794.91  50998.30  51230.59  51498.19  51807.56  52165.97  52581.18  53055.91  53507.08  54026.38  54618.43  55272.62  55988.38  56759.84  57582.42  58445.34  59339.92  60250.79  61168.02  62049.01  62757.21  63414.91  63994.00  64580.92
       0.36      0.63  50003.20  50075.27  50200.41  50319.53  50462.36  50622.31  50801.76  51005.28  51237.81  51505.27  51814.52  52172.29  52586.52  53059.39  53509.95  54025.48  54615.25  55266.70  55979.41  56746.62  57564.27  58420.64  59307.62  60208.97  61114.49  61985.32  62698.44  63339.70  63910.58  64484.92
       0.60      0.63  50034.88  50105.68  50229.52  50345.12  50483.21  50636.90  50808.80  51002.61  51223.26  51475.63  51766.35  52100.97  52487.03  52927.95  53380.65  53845.01  54388.66  54988.01  55642.98  56347.74  57098.85  57886.35  58703.24  59535.79  60374.33  61203.67  61997.17  62658.33  63219.71  63779.70
       0.84      0.63  50028.65  50097.59  50219.24  50331.17  50464.06  50611.59  50775.55  50959.68  51167.73  51404.44  51674.91  51984.45  52338.97  52743.53  53194.64  53612.15  54097.96  54636.52  55223.08  55853.04  56523.25  57225.74  57954.50  58698.50  59449.59  60194.70  60925.01  61626.67  62271.45  62831.14
       1.08      0.63  50045.71  50113.76  50233.42  50342.68  50471.95  50615.23  50773.31  50949.53  51147.03  51369.87  51622.49  51909.31  52235.59  52605.32  53021.53  53440.72  53864.93  54349.57  54876.09  55439.69  56038.55  56665.13  57315.48  57979.16  58650.65  59317.37  59973.14  60604.76  61203.82  61795.86
       1.33      0.63  50064.89  50131.03  50249.35  50354.43  50477.72  50613.02  50761.29  50925.05  51107.36  51311.40  51541.21  51800.32  52093.45  52423.88  52796.55  53209.08  53591.81  54015.36  54479.35  54974.44  55499.60  56049.71  56621.27  57206.79  57800.97  58394.80  58981.99  59553.11  60099.29  60647.27
      -1.45      0.42  50041.57  50108.36  50226.37  50332.28  50456.62  50593.83  50743.94  50910.10  51094.63  51301.29  51533.53  51795.34  52090.99  52424.17  52799.50  53214.90  53600.22  54026.91  54494.06  54992.27  55520.62  56073.67  56648.10  57236.02  57832.46  58428.01  59016.94  59589.42  60137.41  60687.14
      -1.21      0.42  50047.05  50115.02  50233.08  50341.08  50468.13  50609.63  50764.96  50939.13  51133.76  51354.70  51604.81  51890.23  52214.62  52583.58  52998.75  53418.45  53842.63  54328.41  54856.03  55421.61  56022.57  56651.88  57305.18  57972.30  58647.50  59318.19  59978.28  60614.19  61217.85  61813.80
      -0.96      0.42  50013.95  50082.90  50204.10  50315.73  50448.08  50595.24  50758.46  50941.94  51148.94  51384.85  51654.13  51962.96  52316.42  52720.60  53171.34  53589.15  54074.96  54614.49  55201.72  55833.44  56505.14  57210.23  57941.48  58689.00  59443.75  60193.52  60928.95  61636.78  62288.40  62855.62
      -0.72      0.42  49993.28  50063.79  50186.69  50301.97  50439.15  50592.63  50763.76  50957.83  51178.24  51431.64  51722.89  52059.45  52447.02  52890.96  53346.98  53815.33  54362.38  54966.10  55624.97  56334.58  57090.16  57882.85  58704.64  59542.54  60385.97  61220.39  62018.53  62684.61  63248.99  63811.05
      -0.48      0.42  50002.50  50073.97  50198.55  50316.10  50456.42  50613.55  50789.74  50990.28  51219.58  51484.44  51790.98  52147.03  52559.78  53032.68  53482.82  54000.80  54591.43  55244.76  55959.36  56730.17  57551.78  58414.10  59307.75  60218.09  61134.57  62016.12  62729.39  63387.62  63967.92  64554.78
      -0.24      0.42  49989.86  50062.90  50189.26  50310.21  50455.24  50618.05  50801.17  51010.10  51249.70  51527.21  51849.42  52224.70  52660.35  53147.66  53612.50  54169.83  54799.24  55496.53  56260.20  57084.39  57963.22  58885.08  59839.44  60810.40  61766.95  62579.01  63300.16  63961.04  64575.64  65186.47
       0.00      0.42  49999.95  50073.45  50200.95  50322.70  50468.50  50631.54  50814.89  51023.68  51263.27  51540.68  51863.12  52238.81  52675.59  53163.51  53630.60  54190.71  54822.92  55523.14  56290.31  57118.09  58000.77  58926.30  59884.00  60858.17  61815.88  62616.60  63340.31  64002.37  64617.47  65229.63
       0.24      0.42  49996.54  50069.52  50196.34  50317.34  50462.41  50624.98  50807.92  51016.49  51255.90  51533.12  51855.22  52230.29  52665.89  53153.04  53617.79  54174.82  54804.00  55500.83  56263.97  57087.29  57965.02  58885.46  59837.90  60806.79  61760.75  62570.27  63288.91  63947.69  64559.72  65167.98
       0.48      0.42  50004.63  50076.46  50200.60  50318.13  50458.21  50615.42  50791.27  50991.82  51220.70  51485.58  51791.70  52147.77  52560.15  53033.14  53483.09  54001.11  54591.56  55245.01  55959.53  56730.45  57552.04  58414.36  59307.85  60217.92  61133.95  62015.03  62727.95  63386.09  63967.12  64555.93
       0.72      0.42  50018.42  50089.32  50213.24  50329.17  50467.58  50621.84  50794.21  50988.76  51210.04  51463.39  51754.95  52090.86  52478.19  52920.90  53375.50  53842.08  54387.60  54988.95  55645.71  56352.38  57105.27  57894.47  58712.95  59546.94  60386.85  61217.55  62012.44  62674.36  63237.20  63797.79
       0.96      0.42  50045.11  50114.41  50236.08  50348.18  50481.34  50629.07  50793.15  50976.98  51184.58  51420.33  51689.70  51997.63  52350.48  52752.88  53201.81  53616.66  54099.53  54634.70  55217.58  55843.51  56509.38  57207.22  57931.21  58670.42  59416.91  60157.98  60884.90  61584.43  62228.99  62793.58
       1.21      0.42  50066.02  50133.79  50252.95  50360.91  50487.87  50628.17  50782.36  50954.68  51147.46  51366.06  51613.64  51896.24  52217.36  52582.94  52994.05  53410.72  53829.67  54310.71  54832.38  55392.50  55986.67  56609.95  57255.84  57916.60  58584.05  59248.57  59901.34  60532.23  61130.38  61724.72
       1.45      0.42  50064.32  50130.89  50248.85  50354.53  50478.65  50615.25  50764.76  50929.98  51113.66  51319.13  51550.27  51810.70  52105.05  52436.60  52810.35  53223.72  53606.56  54030.71  54495.19  54990.30  55515.45  56064.88  56635.66  57219.62  57812.26  58403.79  58988.91  59557.43  60101.70  60647.86
      -1.57      0.21  50064.83  50130.86  50248.47  50352.83  50475.05  50609.43  50756.51  50919.29  51100.36  51303.44  51532.10  51790.46  52082.71  52412.79  52785.21  53198.25  53582.05  54007.45  54473.94  54972.31  55501.35  56055.74  56631.97  57222.06  57820.90  58418.80  59009.92  59584.07  60133.03  60682.49
      -1.33      0.21  50045.16  50113.30  50232.81  50341.88  50470.66  50613.51  50770.92  50946.66  51143.52  51366.05  51618.35  51905.26  52231.68  52601.89  53018.74  53438.80  53864.54  54351.38  54880.64  55447.39  56049.74  56679.79  57333.65  58000.43  58674.53  59343.08  59999.94  60632.07  61231.22  61823.50
      -1.08      0.21  50037.55  50106.65  50228.64  50340.51  50473.36  50620.57  50784.18  50967.51  51174.82  51410.47  51680.06  51988.51  52342.20  52745.74  53196.13  53612.88  54098.69  54637.51  55224.98  55855.95  56527.54  57231.20  57961.25  58705.95  59457.38  60201.83  60930.71  61630.07  62272.71  62833.16
      -0.84      0.21  50023.10  50094.10  50217.55  50333.30  50471.26  50625.27  50797.28  50991.70  51212.98  51466.54  51758.64  52095.15  52483.55  52927.12  53382.69  53850.51  54398.38  55001.95  55662.12  56371.88  57128.95  57921.86  58745.01  59582.93  60427.17  61260.97  62057.54  62713.63  63277.36  63834.74
      -0.60      0.21  49998.20  50070.71  50196.49  50316.16  50459.58  50619.98  50800.11  51004.31  51237.90  51506.53  51817.62  52177.51  52595.07  53071.89  53525.39  54047.41  54643.15  55300.50  56020.57  56795.51  57622.50  58488.50  59386.65  60299.27  61218.19  62098.09  62800.89  63455.52  64031.57  64614.31
      -0.36      0.21  49974.60  50047.71  50174.53  50296.08  50441.92  50605.53  50789.78  51000.02  51241.46  51521.10  51846.05  52224.42  52664.00  53154.60  53624.37  54186.91  54821.16  55523.10  56291.48  57120.20  58003.29  58929.23  59887.03  60861.83  61820.46  62624.44  63350.60  64016.16  64635.19  65252.50
      -0.12      0.21  49976.11  50049.93  50177.49  50300.65  50449.03  50615.94  50804.56  51020.02  51268.20  51555.78  51891.05  52281.64  52736.22  53230.42  53718.41  54304.43  54964.47  55694.58  56495.05  57357.61  58277.46  59240.41  60236.44  61245.08  62206.21  62958.90  63700.86  64391.48  65028.91  65661.04
       0.12      0.21  49959.26  50033.04  50160.25  50283.29  50431.20  50597.87  50785.78  51000.89  51248.14  51535.30  51869.40  52259.38  52712.53  53206.57  53693.10  54278.27  54936.45  55665.63  56464.31  57326.29  58244.95  59208.17  60204.22  61214.92  62181.57  62936.32  63681.53  64375.50  65016.12  65653.07
       0.36      0.21  49982.82  50056.12  50182.36  50303.90  50449.98  50614.37  50799.60  51010.91  51253.54  51534.11  51860.21  52239.29  52679.95  53170.68  53641.44  54204.37  54839.80  55542.17  56311.87  57141.00  58025.46  58951.65  59910.56  60885.13  61843.87  62644.10  63369.63  64033.16  64650.89  65265.37
       0.60      0.21  49984.29  50055.95  50181.27  50299.68  50441.34  50599.91  50778.02  50980.60  51212.36  51479.77  51789.19  52148.14  52564.03  53040.02  53493.09  54014.18  54607.87  55264.05  55981.49  56754.96  57579.14  58443.94  59339.94  60252.49  61171.00  62053.87  62765.31  63424.82  64004.48  64591.14
       0.84      0.21  50012.15  50083.00  50204.94  50320.01  50457.07  50611.02  50782.56  50977.40  51198.52  51452.75  51744.82  52082.05  52470.34  52914.58  53370.50  53838.69  54386.12  54989.66  55648.91  56357.99  57113.64  57905.17  58726.34  59562.10  60404.04  61235.31  62030.63  62690.32  63252.77  63812.16
       1.08      0.21  50068.01  50136.86  50258.43  50369.64  50501.68  50647.88  50810.38  50992.37  51198.22  51432.04  51699.59  52005.56  52356.55  52756.86  53203.83  53616.55  54097.96  54631.95  55214.47  55840.19  56506.71  57205.25  57930.72  58671.10  59419.10  60160.61  60887.53  61585.22  62226.28  62783.06
       1.33      0.21  50086.79  50154.12  50274.03  50381.96  50509.53  50649.95  50805.16  50977.73  51171.70  51390.50  51639.30  51921.95  52244.18  52609.52  53021.38  53436.44  53856.23  54336.79  54859.39  55419.25  56014.26  56637.19  57283.58  57943.57  58610.85  59273.73  59925.01  60552.80  61147.34  61735.45
       1.57      0.21  50085.14  50151.31  50269.21  50373.82  50496.30  50630.60  50777.49  50939.71  51120.10  51322.17  51549.64  51806.43  52096.85  52424.64  52794.33  53204.11  53584.20  54005.17  54466.68  54959.65  55482.68  56030.92  56600.60  57184.38  57776.84  58368.94  58954.44  59523.81  60068.33  60614.49
      -1.45      0.00  50050.88  50118.78  50238.13  50346.88  50475.52  50618.18  50775.50  50951.03  51147.62  51369.72  51621.34  51907.33  52232.38  52600.78  53015.00  53433.54  53855.18  54339.06  54865.07  55428.53  56026.99  56653.19  57302.65  57965.19  58634.72  59299.05  59951.48  60579.33  61173.68  61760.83
      -1.21      0.00  50026.51  50095.70  50216.63  50328.50  50461.38  50609.52  50773.80  50958.40  51166.50  51403.25  51673.26  51982.17  52335.29  52737.74  53187.41  53601.19  54082.77  54618.59  55202.57  55829.67  56496.71  57195.29  57919.80  58658.29  59403.25  60140.40  60861.58  61552.49  62190.80  62766.29
      -0.96      0.00  50008.35  50078.82  50201.41  50316.50  50453.65  50607.22  50778.53  50972.73  51193.31  51446.65  51737.76  52073.67  52460.09  52901.61  53356.51  53819.61  54363.25  54963.50  55618.87  56323.73  57074.07  57859.89  58674.09  59502.51  60335.55  61157.00  61945.42  62618.85  63168.37  63724.89
      -0.72      0.00  49984.63  50055.99  50179.92  50297.17  50436.80  50593.71  50769.15  50969.50  51197.89  51462.50  51767.81  52123.14  52533.60  53004.53  53453.52  53967.45  54554.25  55204.68  55914.86  56681.92  57498.25  58356.11  59244.12  60149.72  61060.01  61939.78  62667.60  63319.80  63903.49  64489.94
      -0.48      0.00  49976.49  50049.20  50175.51  50296.48  50441.67  50604.86  50788.70  50998.59  51239.58  51518.65  51842.86  52220.20  52658.35  53147.86  53615.47  54175.43  54807.78  55507.61  56273.97  57100.25  57980.97  58904.09  59859.26  60830.65  61786.99  62597.37  63319.72  63981.79  64598.08  65209.85
      -0.24      0.00  49949.24  50022.89  50149.46  50272.09  50419.25  50585.48  50772.76  50987.79  51234.88  51522.54  51857.11  52248.27  52702.65  53198.67  53687.32  54275.15  54936.31  55668.88  56471.46  57337.51  58260.94  59228.66  60229.91  61244.55  62213.14  62970.99  63718.27  64413.20  65054.46  65689.31
       0.00      0.00  49987.01  50060.87  50189.06  50312.36  50460.65  50627.26  50815.59  51031.15  51279.76  51568.83  51906.31  52300.92  52760.34  53253.59  53748.55  54345.76  55017.67  55762.87  56579.93  57462.17  58402.77  59388.63  60407.95  61431.81  62358.17  63137.06  63883.36  64593.13  65242.65  65884.03
       0.24      0.00  49975.59  50049.44  50176.35  50298.96  50445.96  50611.67  50798.30  51012.24  51258.11  51544.06  51876.85  52265.77  52717.89  53211.13  53697.04  54281.73  54939.81  55668.88  56467.96  57330.13  58249.59  59213.20  60210.23  61221.16  62187.18  62941.88  63686.91  64379.79  65019.09  65652.01
       0.48      0.00  49983.98  50056.76  50182.82  50303.52  50448.61  50611.86  50795.85  51005.95  51247.19  51526.50  51850.97  52228.54  52666.93  53156.47  53624.20  54184.12  54816.35  55515.84  56281.74  57107.25  57987.10  58908.85  59862.53  60831.71  61785.73  62593.32  63312.42  63971.62  64585.84  65198.02
       0.72      0.00  50000.98  50072.92  50197.09  50315.15  50456.43  50615.13  50793.05  50995.64  51227.04  51494.09  51802.71  52160.56  52574.60  53047.97  53499.05  54015.28  54605.31  55257.44  55970.48  56738.53  57556.87  58414.67  59303.39  60207.43  61116.60  61991.84  62709.27  63356.62  63933.43  64513.62
       0.96      0.00  50045.67  50116.21  50239.02  50353.84  50490.64  50643.37  50813.73  51006.36  51225.11  51475.90  51764.05  52096.24  52478.43  52915.02  53364.52  53821.41  54358.10  54951.13  55598.52  56295.58  57037.65  57815.98  58622.58  59444.91  60272.38  61090.40  61876.72  62552.66  63102.04  63660.76
       1.21      0.00  50049.25  50118.15  50238.15  50349.04  50480.54  50627.19  50789.61  50972.46  51178.49  51413.40  51681.21  51988.15  52338.93  52739.23  53186.55  53597.89  54076.52  54609.38  55190.03  55813.55  56476.66  57170.94  57890.85  58624.53  59364.71  60097.16  60814.03  61500.90  62136.22  62711.48
       1.45      0.00  50101.26  50168.73  50288.29  50396.13  50523.57  50663.95  50818.80  50990.93  51183.96  51401.60  51648.58  51929.13  52248.42  52610.38  53017.78  53429.49  53843.18  54319.02  54836.53  55391.53  55981.23  56599.18  57240.36  57895.62  58558.15  59216.85  59864.13  60488.41  61079.68  61665.76
      -1.57     -0.21  50055.64  50121.92  50239.71  50344.77  50467.84  50603.44  50751.75  50916.00  51098.43  51302.99  51532.91  51792.51  52085.71  52416.65  52789.57  53202.95  53586.78  54011.90  54477.82  54975.36  55503.30  56056.44  56631.26  57219.87  57817.27  58413.77  59003.66  59576.56  60124.46  60672.79
      -1.33     -0.21  50065.44  50133.78  50253.38  50362.79  50492.32  50635.94  50794.30  50970.79  51168.44  51391.34  51643.89  51930.50  52256.39  52625.50  53040.97  53458.41  53882.01  54366.12  54892.41  55455.84  56054.54  56680.80  57330.57  57993.36  58663.31  59328.09  59981.24  60610.22  61206.57  61797.11
      -1.08     -0.21  50039.00  50108.53  50229.89  50342.09  50475.07  50623.13  50787.22  50971.66  51179.64  51416.43  51686.71  51996.16  52350.45  52754.74  53205.44  53622.49  54108.50  54647.36  55234.84  55865.41  56536.77  57239.65  57969.23  58712.92  59464.00  60207.62  60936.65  61635.88  62279.09  62837.24
      -0.84     -0.21  49994.41  50065.60  50189.09  50305.85  50445.19  50601.28  50775.43  50972.41  51195.96  51451.99  51745.98  52084.48  52474.03  52918.82  53374.95  53843.16  54390.33  54993.33  55651.75  56360.02  57114.61  57905.63  58726.23  59562.50  60405.04  61238.28  62035.77  62699.28  63264.10  63826.15
      -0.60     -0.21  49995.67  50068.25  50193.95  50313.74  50457.19  50617.86  50798.13  51002.57  51236.29  51505.08  51816.29  52176.30  52594.04  53071.01  53524.87  54047.17  54643.55  55301.52  56022.75  56798.82  57627.71  58495.51  59396.18  60310.88  61232.26  62113.24  62814.50  63468.85  64044.85  64626.49
      -0.36     -0.21  49969.79  50042.85  50169.27  50290.67  50436.16  50599.74  50783.71  50993.86  51234.78  51514.01  51838.09  52215.70  52654.08  53143.92  53612.46  54173.92  54806.89  55507.89  56275.30  57103.65  57986.63  58913.26  59872.36  60849.24  61810.43  62617.28  63346.69  64015.39  64637.71  65257.46
      -0.12     -0.21  49974.40  50048.48  50175.90  50299.27  50447.49  50614.42  50802.63  51018.04  51265.77  51553.39  51888.27  52278.96  52733.26  53227.80  53715.60  54301.84  54961.77  55692.16  56492.68  57355.59  58275.69  59238.95  60235.13  61243.72  62204.32  62955.40  63695.14  64382.60  65016.16  65644.10
       0.12     -0.21  49984.15  50057.98  50186.02  50309.20  50457.45  50623.82  50811.65  51025.93  51272.53  51558.33  51891.31  52279.58  52731.30  53223.32  53708.22  54291.44  54948.11  55675.52  56472.90  57333.35  58251.01  59212.90  60208.17  61217.26  62180.05  62933.64  63676.77  64369.27  65008.68  65643.86
       0.36     -0.21  49993.36  50066.74  50193.16  50314.41  50459.66  50622.80  50806.13  51015.43  51255.34  51533.39  51856.13  52232.30  52669.13  53157.22  53623.98  54183.62  54814.63  55513.50  56278.73  57104.60  57985.03  58908.78  59864.93  60838.47  61796.69  62601.22  63327.31  63992.27  64610.88  65226.87
       0.60     -0.21  50009.55  50081.63  50207.81  50326.95  50469.76  50629.15  50808.28  51011.28  51243.64  51510.93  51820.51  52178.89  52594.66  53069.76  53521.42  54041.46  54634.64  55289.69  56006.78  56779.20  57603.09  58466.74  59362.10  60272.92  61190.00  62069.51  62772.47  63428.35  64005.48  64589.14
       0.84     -0.21  50015.84  50086.45  50208.87  50323.95  50460.97  50614.55  50785.78  50979.96  51200.43  51453.69  51744.69  52080.61  52467.43  52909.99  53364.21  53830.39  54375.50  54976.70  55633.14  56339.52  57091.94  57880.68  58698.48  59531.72  60370.70  61200.27  61994.35  62657.55  63219.46  63780.81
       1.08     -0.21  50068.56  50138.01  50260.13  50372.20  50505.24  50652.45  50815.85  50998.60  51205.03  51439.29  51707.12  52013.25  52364.27  52764.50  53211.19  53623.61  54104.84  54638.53  55220.72  55845.83  56511.54  57208.88  57932.78  58671.09  59416.61  60155.29  60879.29  61574.37  62214.06  62773.76
       1.33     -0.21  50089.96  50157.36  50277.10  50385.17  50513.01  50654.00  50809.76  50982.90  51177.28  51396.30  51645.07  51927.39  52249.07  52613.51  53024.33  53437.82  53856.33  54335.44  54856.63  55415.10  56008.81  56630.60  57276.01  57935.40  58602.33  59265.39  59917.23  60545.98  61141.74  61731.34
       1.57     -0.21  50087.59  50153.91  50272.11  50377.04  50500.11  50634.99  50782.53  50945.30  51126.23  51328.64  51556.39  51813.26  52103.74  52431.44  52801.06  53210.69  53590.39  54011.41  54473.12  54966.28  55489.77  56038.42  56608.66  57192.82  57785.64  58377.82  58963.20  59532.14  60076.00  60621.51
      -1.45     -0.42  50070.65  50137.27  50255.69  50361.21  50485.20  50621.42  50770.60  50935.29  51118.38  51323.17  51553.55  51813.16  52106.67  52437.49  52810.56  53223.58  53606.27  54030.61  54495.50  54991.46  55517.65  56068.50  56640.77  57226.42  57820.54  58413.73  59000.21  59570.30  60115.83  60663.36
      -1.21     -0.42  50055.70  50123.48  50243.47  50352.19  50480.70  50622.72  50779.36  50953.83  51149.26  51369.90  51619.93  51904.20  52227.43  52594.37  53007.28  53424.34  53845.47  54328.13  54852.32  55414.96  56012.69  56639.75  57290.58  57956.39  58629.92  59300.08  59959.01  60594.82  61197.62  61793.54
      -0.96     -0.42  50005.31  50074.65  50196.06  50308.72  50442.44  50591.54  50756.89  50942.80  51152.39  51390.98  51663.08  51974.59  52330.96  52737.67  53190.88  53610.72  54098.99  54640.05  55229.26  55861.76  56534.60  57239.40  57970.52  58716.30  59469.12  60215.44  60947.05  61650.01  62296.81  62858.58
      -0.72     -0.42  50018.84  50089.73  50214.00  50330.19  50468.77  50623.01  50795.23  50989.52  51210.42  51463.34  51754.39  52089.77  52476.49  52918.60  53372.46  53838.44  54383.27  54984.01  55639.99  56346.01  57098.01  57886.66  58704.45  59538.45  60378.46  61210.32  62006.58  62670.52  63234.89  63797.00
      -0.48     -0.42  50008.79  50080.38  50204.89  50322.48  50462.70  50619.76  50795.59  50995.78  51224.41  51488.63  51794.24  52149.44  52561.13  53033.13  53482.08  53999.25  54589.04  55241.72  55955.75  56726.15  57547.42  58409.57  59303.02  60213.19  61129.38  62010.61  62723.31  63381.63  63962.12  64550.45
      -0.24     -0.42  49984.34  50057.17  50183.98  50305.07  50450.31  50613.21  50796.60  51005.69  51245.61  51523.39  51845.96  52221.54  52657.56  53145.22  53610.32  54167.74  54797.03  55493.99  56256.99  57080.29  57957.80  58878.20  59830.63  60799.89  61754.68  62566.91  63287.14  63948.75  64564.09  65176.93
       0.00     -0.42  49991.63  50064.65  50190.80  50312.08  50457.75  50621.60  50806.06  51016.59  51258.16  51537.76  51862.52  52240.41  52679.45  53168.78  53637.63  54198.95  54832.34  55533.02  56300.71  57128.43  58011.34  58936.76  59895.00  60869.79  61828.02  62625.76  63351.64  64016.54  64635.56  65251.66
       0.24     -0.42  49998.88  50071.82  50198.07  50319.06  50464.10  50627.07  50810.43  51019.75  51259.96  51538.16  51861.33  52237.43  52674.17  53161.85  53627.37  54184.73  54814.18  55510.44  56272.88  57094.59  57970.42  58888.12  59837.62  60803.00  61753.36  62558.99  63274.92  63932.12  64543.70  65153.61
       0.48     -0.42  50001.20  50073.51  50198.47  50317.55  50460.01  50619.80  50798.85  51002.29  51234.55  51502.19  51811.58  52170.09  52585.42  53060.32  53511.57  54030.98  54623.00  55276.99  55992.54  56763.54  57585.77  58447.94  59341.92  60251.61  61167.74  62046.93  62753.32  63409.07  63986.06  64570.48
       0.72     -0.42  50024.79  50095.71  50218.62  50334.18  50471.77  50625.66  50797.15  50991.24  51211.53  51464.30  51754.79  52089.98  52476.13  52917.93  53371.35  53836.78  54380.83  54980.72  55635.74  56340.73  57091.75  57879.26  58696.01  59528.73  60367.59  61198.02  61992.88  62654.89  63219.23  63782.14
       0.96     -0.42  50060.34  50129.39  50250.39  50361.68  50493.46  50639.84  50802.06  50984.28  51189.93  51424.13  51691.71  51998.34  52349.73  52751.15  53199.04  53613.26  54095.88  54631.31  55215.03  55842.31  56510.42  57211.04  57938.81  58682.04  59433.29  60178.62  60909.86  61612.25  62257.30  62813.11
       1.21     -0.42  50076.24  50143.80  50262.87  50370.62  50497.57  50637.90  50792.29  50964.53  51157.30  51375.42  51622.61  51904.32  52224.77  52589.21  52999.54  53414.55  53833.25  54313.73  54835.80  55396.33  55992.07  56617.11  57266.02  57929.96  58601.82  59270.45  59928.09  60562.67  61164.14  61758.40
       1.45     -0.42  50067.59  50134.18  50252.12  50357.73  50481.62  50617.98  50767.00  50931.67  51114.39  51318.83  51548.46  51807.34  52099.66  52429.26  52800.70  53212.10  53593.38  54015.88  54478.74  54972.96  55497.31  56046.79  56617.80  57202.91  57796.80  58390.47  58977.70  59549.08  60096.02  60645.31
      -1.33     -0.63  50043.71  50110.20  50228.55  50334.51  50459.07  50596.26  50746.64  50912.96  51097.95  51304.95  51537.71  51799.92  52096.06  52429.55  52805.20  53220.69  53605.66  54032.09  54498.71  54996.30  55523.85  56076.09  56649.59  57236.72  57832.35  58427.14  59015.00  59586.13  60131.91  60678.43
      -1.08     -0.63  50048.65  50116.50  50235.74  50344.54  50473.20  50615.92  50773.34  50949.12  51146.14  51368.81  51621.36  51908.46  52235.22  52605.73  53023.06  53443.18  53869.30  54355.94  54884.96  55451.14  56053.12  56682.70  57336.45  58003.21  58677.86  59347.30  60005.57  60639.32  61240.40  61834.72
      -0.84     -0.63  50031.09  50100.35  50221.40  50333.05  50465.21  50612.22  50774.93  50957.97  51164.18  51399.37  51667.59  51975.36  52327.43  52730.19  53179.18  53595.18  54078.93  54616.31  55201.31  55830.75  56500.33  57203.27  57932.68  58678.34  59431.40  60179.15  60912.50  61617.77  62266.75  62830.87
      -0.60     -0.63  50035.03  50106.00  50229.73  50345.42  50483.35  50636.95  50808.43  51001.90  51221.94  51473.89  51764.07  52098.45  52484.38  52925.50  53378.63  53843.70  54388.53  54989.27  55646.16  56352.91  57106.59  57896.51  58716.30  59551.31  60392.41  61223.52  62017.93  62675.96  63237.42  63795.48
      -0.36     -0.63  49993.84  50065.71  50190.98  50310.11  50453.05  50613.12  50792.89  50996.82  51229.91  51497.97  51807.94  52166.43  52581.45  53055.07  53506.24  54022.59  54613.11  55265.39  55978.95  56747.34  57566.29  58424.54  59313.76  60218.06  61127.18  62001.58  62715.74  63362.25  63936.52  64514.58
      -0.12     -0.63  50006.99  50079.52  50205.70  50325.17  50468.17  50627.62  50806.48  51009.08  51240.73  51507.30  51815.91  52173.42  52588.01  53062.08  53512.89  54031.55  54622.93  55276.23  55990.98  56761.13  57582.08  58442.99  59334.95  60242.84  61156.09  62033.65  62740.15  63393.70  63968.22  64551.36
       0.12     -0.63  50024.34  50096.70  50222.42  50341.35  50483.60  50642.33  50820.29  51021.95  51252.45  51517.81  51824.95  52180.89  52593.68  53065.87  53514.51  54031.12  54620.32  55271.52  55984.06  56752.12  57570.98  58429.97  59320.17  60226.58  61138.82  62015.57  62721.52  63375.57  63950.87  64535.03
       0.36     -0.63  50018.74  50090.34  50214.72  50332.53  50473.43  50631.34  50808.36  51009.72  51239.69  51505.07  51811.82  52167.61  52579.30  53050.21  53498.58  54012.05  54599.04  55248.23  55958.13  56723.32  57538.60  58393.64  59279.27  60180.34  61085.94  61957.56  62671.39  63315.27  63888.60  64465.79
       0.60     -0.63  50036.93  50107.37  50231.17  50346.25  50483.21  50635.68  50805.91  50998.31  51217.09  51468.15  51757.00  52090.44  52474.69  52914.51  53366.21  53829.32  54371.06  54969.03  55621.86  56325.07  57074.04  57860.04  58675.11  59506.53  60343.83  61172.76  61966.08  62628.64  63189.75  63749.74
       0.84     -0.63  50057.19  50127.13  50249.23  50362.36  50496.90  50646.14  50811.75  50996.90  51205.80  51442.51  51712.89  52021.40  52374.92  52777.45  53226.09  53640.39  54123.19  54657.64  55240.18  55865.16  56530.56  57227.39  57950.79  58688.81  59434.38  60173.71  60898.97  61595.86  62237.47  62796.14
       1.08     -0.63  50064.90  50132.52  50252.05  50360.30  50488.11  50629.42  50785.18  50958.76  51153.18  51372.78  51621.69  51904.81  52226.79  52592.38  53003.79  53419.30  53838.20  54318.24  54839.19  55398.03  55991.24  56613.30  57258.47  57918.61  58586.20  59251.22  59905.46  60538.40  61139.47  61736.26
       1.33     -0.63  50066.04  50132.83  50251.26  50357.23  50481.78  50618.72  50768.68  50934.16  51118.13  51323.65  51554.95  51815.28  52109.74  52441.18  52815.12  53228.50  53611.65  54036.02  54501.04  54996.57  55522.51  56072.64  56644.34  57229.06  57822.37  58414.42  58999.68  59568.26  60112.06  60657.73
      -1.21     -0.83  50042.69  50109.26  50227.42  50333.25  50457.51  50594.37  50744.16  50909.84  51093.92  51300.07  51531.76  51793.02  52088.01  52420.58  52795.13  53209.80  53594.34  54019.98  54485.79  54982.77  55509.57  56061.34  56634.27  57221.07  57816.36  58411.15  58999.33  59571.52  60119.20  60669.20
      -0.96     -0.83  50047.10  50114.62  50234.93  50343.77  50472.69  50615.04  50772.55  50947.86  51144.86  51366.97  51619.30  51905.64  52231.82  52601.28  53017.55  53436.56  53861.11  54346.11  54873.21  55437.55  56037.29  56665.11  57316.77  57982.38  58655.73  59325.03  59983.15  60617.69  61218.69  61812.16
      -0.72     -0.83  50038.58  50107.94  50229.79  50342.18  50475.82  50623.99  50788.58  50972.85  51181.03  51417.36  51687.52  51996.28  52350.20  52753.65  53203.67  53619.83  54105.05  54642.93  55229.44  55859.12  56529.53  57231.76  57960.55  58703.83  59454.05  60197.17  60924.87  61623.17  62264.87  62824.41
      -0.48     -0.83  50009.65  50079.74  50202.10  50316.72  50453.29  50606.15  50776.71  50970.13  51189.81  51442.25  51732.32  52067.23  52452.49  52892.94  53346.83  53808.70  54350.86  54949.84  55603.62  56307.33  57056.36  57841.51  58654.99  59483.53  60316.62  61139.07  61928.04  62601.99  63152.58  63710.29
      -0.24     -0.83  50023.60  50094.04  50217.39  50332.57  50470.00  50623.16  50794.27  50987.52  51207.33  51459.18  51749.14  52083.46  52469.06  52910.00  53363.05  53827.89  54372.07  54972.45  55628.57  56334.99  57088.02  57877.81  58697.16  59532.24  60373.11  61204.44  61999.39  62661.35  63223.07  63782.53
       0.00     -0.83  50042.23  50112.61  50235.93  50350.42  50486.59  50638.12  50807.13  50998.21  51215.52  51465.11  51752.47  52084.59  52467.65  52906.62  53357.53  53820.31  54361.64  54959.36  55612.08  56315.57  57065.11  57852.30  58668.96  59502.66  60342.71  61175.05  61971.85  62636.28  63201.56  63764.79
       0.24     -0.83  50014.60  50085.51  50209.41  50325.76  50464.85  50619.96  50793.31  50988.81  51211.12  51465.37  51757.89  52094.53  52482.49  52925.38  53379.83  53845.97  54391.14  54991.86  55648.07  56353.91  57106.10  57894.54  58712.50  59546.02  60385.58  61215.84  62010.06  62670.20  63232.31  63791.59
       0.48     -0.83  50049.50  50120.18  50243.27  50358.56  50496.09  50649.63  50821.00  51014.64  51234.74  51486.88  51776.84  52110.76  52495.22  52933.76  53385.07  53843.89  54382.96  54977.50  55626.86  56324.74  57067.86  57845.78  58652.10  59472.42  60297.74  61111.76  61893.33  62560.51  63105.18  63657.69
       0.72     -0.83  50031.72  50101.19  50223.03  50335.74  50469.75  50618.72  50784.05  50969.38  51178.40  51415.78  51686.63  51996.21  52350.35  52754.04  53203.96  53619.61  54103.35  54639.69  55223.92  55851.35  56519.08  57218.96  57945.36  58686.83  59435.69  60178.29  60906.33  61605.91  62249.68  62810.85
       0.96     -0.83  50058.87  50126.19  50245.34  50353.37  50480.97  50622.44  50778.54  50953.02  51148.64  51370.03  51621.08  51906.81  52231.85  52600.75  53015.98  53434.52  53858.07  54342.46  54868.63  55432.22  56031.01  56657.75  57308.19  57972.13  58643.60  59310.32  59965.76  60597.18  61195.80  61787.44
       1.21     -0.83  50087.12  50153.59  50272.10  50377.20  50500.67  50635.80  50783.77  50946.80  51128.19  51330.97  51559.35  51816.86  52108.26  52437.00  52807.94  53218.92  53599.72  54022.01  54484.69  54978.78  55502.99  56052.37  56623.13  57207.90  57801.10  58393.78  58979.45  59548.86  60093.05  60639.00
      -1.08     -1.04  50059.10  50125.58  50243.74  50349.00  50472.45  50608.04  50756.36  50920.29  51102.47  51306.60  51536.15  51795.32  52088.15  52418.70  52791.19  53204.14  53587.26  54011.72  54476.60  54973.32  55500.21  56052.71  56626.82  57215.37  57812.66  58409.69  58999.85  59573.58  60121.92  60671.66
      -0.84     -1.04  50046.71  50114.39  50233.88  50342.56  50471.09  50613.35  50770.26  50945.18  51141.12  51362.39  51613.14  51898.21  52222.31  52590.10  53003.87  53421.75  53843.72  54327.25  54852.38  55415.59  56013.72  56640.66  57291.00  57955.84  58627.85  59296.12  59952.63  60585.87  61185.65  61779.53
      -0.60     -1.04  50044.40  50113.58  50235.16  50347.11  50480.29  50627.91  50791.73  50975.01  51181.77  51416.44  51684.32  51990.56  52340.94  52740.29  53186.75  53597.20  54075.15  54607.57  55188.00  55812.08  56476.07  57172.50  57894.94  58632.65  59376.98  60114.75  60836.56  61528.89  62167.78  62743.14
      -0.36     -1.04  50046.57  50115.51  50237.15  50348.61  50480.83  50627.14  50789.55  50971.55  51177.17  51411.15  51678.69  51985.27  52336.72  52738.26  53186.40  53601.08  54084.21  54620.70  55205.38  55834.07  56503.13  57205.05  57933.32  58677.27  59428.11  60173.11  60902.83  61604.24  62248.94  62811.71
      -0.12     -1.04  50036.22  50105.51  50227.46  50339.94  50473.74  50622.11  50787.02  50971.59  51180.16  51416.77  51687.34  51996.44  52350.87  52754.81  53205.32  53622.00  54107.50  54645.30  55231.64  55861.08  56531.44  57233.90  57963.44  58708.10  59460.58  60207.08  60939.50  61643.46  62290.26  62847.77
       0.12     -1.04  50038.35  50107.78  50228.34  50340.04  50472.34  50619.78  50782.92  50966.57  51173.47  51409.50  51678.72  51987.53  52340.86  52744.66  53194.42  53610.98  54095.44  54632.87  55218.06  55846.91  56516.08  57217.85  57946.28  58690.15  59441.65  60187.12  60918.46  61621.20  62268.03  62829.05
       0.36     -1.04  50052.86  50122.06  50243.26  50354.89  50487.37  50634.59  50797.90  50981.17  51188.01  51423.28  51691.97  51999.49  52351.54  52753.22  53200.95  53614.63  54096.28  54630.62  55212.72  55838.14  56503.70  57201.66  57926.04  58665.96  59413.31  60154.98  60882.33  61581.70  62225.78  62789.34
       0.60     -1.04  50061.31  50129.81  50249.83  50360.17  50490.91  50636.59  50798.07  50979.96  51185.15  51419.33  51686.56  51993.03  52343.49  52743.49  53190.47  53601.54  54080.04  54612.67  55193.27  55816.79  56480.17  57174.93  57895.67  58630.49  59371.96  60105.83  60823.97  61512.01  62147.00  62716.85
       0.84     -1.04  50073.41  50141.38  50260.71  50369.21  50497.32  50639.08  50795.21  50969.36  51164.36  51384.78  51634.52  51918.63  52241.55  52608.02  53020.18  53435.95  53855.55  54336.36  54858.23  55417.72  56011.53  56633.68  57278.73  57937.91  58604.05  59266.47  59917.35  60545.47  61141.12  61731.58
       1.08     -1.04  50067.56  50134.17  50252.23  50357.87  50482.10  50618.84  50768.69  50934.22  51118.33  51324.18  51555.83  51816.67  52111.56  52443.52  52817.78  53231.50  53614.64  54039.13  54503.92  54999.24  55524.68  56074.39  56645.54  57229.88  57822.88  58414.84  59000.32  59569.41  60114.34  60661.40
      -0.96     -1.25  50044.13  50110.73  50229.56  50335.96  50461.32  50599.24  50750.64  50917.78  51103.81  51311.58  51545.40  51808.37  52105.57  52439.80  52816.53  53232.78  53618.44  54045.95  54514.08  55012.91  55542.02  56095.45  56670.20  57258.00  57854.04  58448.58  59035.81  59605.85  60150.47  60696.25
      -0.72     -1.25  50049.94  50117.37  50236.98  50345.37  50473.61  50615.56  50772.23  50946.93  51142.77  51363.94  51614.73  51899.75  52223.88  52591.26  53004.49  53422.51  53842.91  54325.66  54850.52  55412.81  56010.18  56635.36  57283.99  57945.78  58614.63  59278.22  59929.75  60556.64  61149.82  61736.26
      -0.48     -1.25  50062.10  50129.39  50248.76  50356.71  50484.24  50625.21  50780.82  50954.45  51149.27  51369.52  51619.55  51904.00  52227.87  52595.38  53009.30  53426.78  53849.09  54332.68  54858.38  55421.90  56020.83  56648.29  57299.53  57964.93  58637.76  59306.41  59963.38  60596.58  61196.09  61788.61
      -0.24     -1.25  50049.74  50117.36  50236.76  50345.26  50473.67  50615.85  50772.78  50947.74  51143.87  51365.34  51616.53  51902.08  52227.03  52595.71  53010.80  53429.29  53852.86  54337.52  54864.05  55428.46  56028.31  56656.74  57309.09  57975.59  58649.74  59319.70  59978.36  60613.34  61215.36  61810.50
       0.00     -1.25  50070.22  50137.72  50257.54  50365.66  50493.20  50633.79  50788.83  50961.53  51155.24  51374.21  51622.84  51905.94  52228.41  52594.78  53007.56  53424.40  53845.63  54328.10  54852.32  55414.49  56011.97  56638.16  57288.19  57952.53  58624.42  59292.33  59948.69  60581.53  61180.80  61773.04
       0.24     -1.25  50062.74  50130.67  50250.27  50358.94  50487.32  50629.17  50785.52  50959.77  51155.11  51375.88  51626.39  51911.38  52235.74  52603.87  53018.28  53436.00  53858.44  54341.66  54866.41  55428.72  56025.97  56651.56  57300.63  57963.84  58634.33  59300.87  59955.78  60587.63  61186.41  61780.01
       0.48     -1.25  50081.33  50148.95  50269.31  50377.83  50506.37  50647.91  50804.55  50978.52  51174.14  51394.42  51644.95  51929.09  52253.01  52619.78  53033.22  53448.83  53870.29  54352.25  54876.63  55438.37  56035.83  56661.52  57311.37  57975.09  58646.56  59313.49  59968.68  60599.60  61196.57  61786.19
       0.72     -1.25  50079.36  50147.29  50267.43  50376.12  50504.85  50646.76  50803.51  50977.69  51173.20  51393.49  51643.59  51927.39  52250.38  52616.03  53027.42  53442.48  53860.17  54339.54  54860.58  55418.69  56011.43  56631.99  57275.63  57932.87  58597.03  59256.75  59904.47  60528.50  61118.84  61703.34
       0.96     -1.25  50084.89  50150.92  50268.81  50373.16  50495.61  50629.84  50776.92  50939.35  51120.23  51322.80  51551.06  51808.68  52100.17  52429.10  52800.09  53211.19  53592.29  54014.75  54477.62  54971.86  55496.13  56045.53  56616.26  57201.02  57794.31  58387.19  58973.32  59543.35  60088.48  60635.45
      -0.60     -1.46  50045.30  50111.67  50229.96  50335.64  50459.80  50596.34  50745.82  50910.99  51094.51  51299.93  51530.82  51791.25  52085.34  52417.05  52790.71  53204.71  53588.91  54014.54  54480.78  54978.80  55507.06  56060.73  56635.95  57225.23  57823.01  58420.07  59010.09  59583.32  60131.19  60679.87
      -0.36     -1.46  50068.37  50134.81  50253.68  50359.39  50483.87  50620.13  50769.60  50934.15  51117.38  51321.92  51552.37  51811.83  52105.49  52436.34  52809.67  53222.85  53605.79  54030.49  54495.81  54992.41  55519.37  56071.37  56644.80  57231.95  57827.35  58421.84  59008.93  59579.43  60124.48  60671.34
      -0.12     -1.46  50068.03  50134.64  50252.74  50358.29  50482.34  50618.64  50767.90  50932.64  51115.81  51320.66  51551.20  51811.01  52104.80  52435.84  52809.10  53222.11  53604.44  54028.42  54492.66  54988.05  55513.69  56064.46  56636.89  57223.41  57818.75  58413.75  59002.18  59574.54  60122.27  60672.20
       0.12     -1.46  50072.09  50138.20  50256.11  50360.86  50483.72  50618.62  50766.34  50929.58  51111.24  51314.70  51543.80  51802.31  52094.68  52424.47  52796.34  53208.18  53589.97  54012.83  54476.05  54970.65  55495.46  56045.63  56617.56  57203.82  57799.03  58394.02  58982.46  59554.63  60101.81  60650.36
       0.36     -1.46  50053.98  50120.35  50238.61  50344.18  50468.28  50604.73  50754.33  50919.63  51103.59  51309.39  51541.03  51802.05  52097.06  52429.36  52803.86  53218.15  53602.13  54027.44  54493.09  54989.89  55516.83  56068.80  56642.29  57229.74  57825.77  58421.29  59009.79  59581.90  60128.49  60676.36
       0.60     -1.46  50062.45  50128.77  50245.96  50350.64  50473.24  50608.46  50756.26  50920.16  51102.30  51306.80  51536.84  51796.79  52090.53  52422.05  52795.61  53209.42  53593.18  54018.37  54484.14  54981.11  55508.36  56060.51  56634.25  57221.66  57817.75  58412.88  59001.22  59572.71  60119.18  60666.73
