       0.00      0.00    306.83    310.27    313.72    317.11    320.46    323.76    326.96    330.05    333.01    335.81    338.43    340.86    343.08    345.07    346.83    348.32    349.45    350.31    350.91    351.27    351.39    351.27    350.93    350.37    349.61    348.67    347.54    346.26    344.84    343.36
       0.00      0.00    306.83    310.27    313.72    317.11    320.47    323.76    326.96    330.05    333.01    335.81    338.43    340.86    343.08    345.07    346.83    348.32    349.45    350.30    350.91    351.26    351.38    351.26    350.92    350.37    349.61    348.66    347.54    346.26    344.83    343.36
       0.00      0.00    306.83    310.27    313.72    317.11    320.47    323.76    326.96    330.05    333.01    335.81    338.43    340.86    343.08    345.07    346.83    348.32    349.45    350.30    350.91    351.26    351.38    351.26    350.92    350.36    349.60    348.65    347.53    346.25    344.83    343.35
       0.00      0.00    306.83    310.27    313.72    317.11    320.47    323.76    326.96    330.05    333.01    335.81    338.43    340.86    343.08    345.07    346.83    348.32    349.45    350.30    350.91    351.27    351.38    351.27    350.92    350.37    349.61    348.66    347.53    346.25    344.83    343.35
       0.00      0.00    306.83    310.27    313.72    317.11    320.47    323.76    326.96    330.05    333.01    335.81    338.43    340.86    343.08    345.07    346.83    348.32    349.45    350.30    350.91    351.27    351.38    351.27    350.93    350.37    349.61    348.67    347.54    346.27    344.84    343.37
       0.00      0.00    306.83    310.27    313.72    317.11    320.47    323.76    326.96    330.05    333.01    335.81    338.43    340.86    343.08    345.07    346.83    348.32    349.45    350.30    350.91    351.26    351.38    351.27    350.93    350.37    349.61    348.66    347.54    346.26    344.84    343.36
       0.00      0.00    306.83    310.27    313.72    317.11    320.47    323.76    326.96    330.05    333.01    335.81    338.43    340.86    343.08    345.07    346.83    348.32    349.45    350.30    350.91    351.26    351.38    351.26    350.92    350.37    349.61    348.66    347.54    346.26    344.84    343.36
       0.00      0.00    307.24    310.97    314.71    318.40    322.03    325.60    329.07    332.42    335.61    338.63    341.44    344.04    346.41    348.52    350.37    351.86    353.00    353.86    354.44    354.76    354.81    354.59    354.13    353.44    352.52    351.39    350.07    348.57    346.92    345.20
       0.00      0.00    307.24    310.97    314.71    318.40    322.03    325.60    329.08    332.42    335.62    338.63    341.45    344.05    346.42    348.54    350.39    351.88    353.02    353.89    354.48    354.79    354.84    354.64    354.18    353.49    352.58    351.45    350.13    348.64    346.99    345.27
       0.00      0.00    307.24    310.97    314.71    318.40    322.03    325.60    329.08    332.42    335.62    338.63    341.45    344.06    346.42    348.54    350.39    351.88    353.02    353.89    354.48    354.79    354.85    354.64    354.18    353.49    352.57    351.45    350.13    348.64    346.99    345.27
       0.00      0.00    307.24    310.97    314.72    318.40    322.04    325.60    329.08    332.42    335.62    338.63    341.45    344.06    346.42    348.54    350.39    351.88    353.03    353.89    354.48    354.80    354.85    354.64    354.19    353.49    352.58    351.45    350.14    348.64    346.99    345.28
       0.00      0.00    307.24    310.97    314.72    318.40    322.04    325.60    329.08    332.42    335.62    338.63    341.45    344.05    346.42    348.54    350.39    351.88    353.02    353.88    354.47    354.79    354.84    354.64    354.18    353.49    352.57    351.45    350.13    348.64    346.99    345.27
       0.00      0.00    307.23    310.97    314.71    318.40    322.03    325.60    329.07    332.42    335.61    338.63    341.45    344.05    346.42    348.54    350.39    351.88    353.02    353.88    354.47    354.79    354.84    354.63    354.17    353.48    352.56    351.43    350.11    348.62    346.97    345.25
       0.00      0.00    307.23    310.96    314.71    318.39    322.03    325.60    329.07    332.42    335.61    338.62    341.44    344.04    346.41    348.52    350.37    351.86    353.00    353.86    354.45    354.76    354.81    354.60    354.14    353.45    352.53    351.40    350.08    348.58    346.93    345.21
       0.00      0.00    306.83    310.27    313.72    317.11    320.46    323.76    326.96    330.05    333.01    335.81    338.43    340.86    343.08    345.07    346.83    348.32    349.45    350.31    350.91    351.27    351.39    351.27    350.93    350.38    349.62    348.67    347.55    346.27    344.84    343.37
       0.00      0.00    306.83    310.27    313.72    317.11    320.47    323.76    326.96    330.05    333.01    335.81    338.43    340.86    343.08    345.07    346.83    348.33    349.46    350.31    350.91    351.27    351.39    351.28    350.94    350.38    349.62    348.67    347.55    346.27    344.85    343.37
       0.00      0.00    307.24    310.97    314.72    318.40    322.04    325.61    329.08    332.42    335.62    338.63    341.45    344.05    346.42    348.54    350.38    351.88    353.02    353.88    354.47    354.78    354.83    354.62    354.17    353.47    352.56    351.43    350.11    348.62    346.97    345.25
       0.00      0.00    307.55    311.51    315.49    319.40    323.26    327.04    330.72    334.27    337.65    340.83    343.81    346.55    349.03    351.25    353.16    354.64    355.81    356.69    357.27    357.56    357.56    357.28    356.74    355.95    354.91    353.65    352.19    350.54    348.70    346.75
       0.00      0.00    307.55    311.51    315.49    319.40    323.26    327.05    330.73    334.28    337.66    340.85    343.83    346.57    349.06    351.29    353.20    354.69    355.87    356.75    357.34    357.63    357.64    357.38    356.85    356.06    355.04    353.79    352.33    350.69    348.85    346.90
       0.00      0.00    307.56    311.52    315.49    319.40    323.26    327.05    330.74    334.28    337.66    340.85    343.83    346.57    349.06    351.28    353.19    354.68    355.85    356.73    357.32    357.61    357.62    357.35    356.82    356.03    355.01    353.76    352.30    350.66    348.83    346.87
       0.00      0.00    307.55    311.52    315.49    319.40    323.26    327.05    330.73    334.28    337.66    340.85    343.83    346.57    349.07    351.29    353.20    354.69    355.86    356.75    357.33    357.63    357.64    357.38    356.85    356.06    355.04    353.79    352.33    350.69    348.86    346.90
       0.00      0.00    307.55    311.51    315.49    319.40    323.26    327.05    330.73    334.28    337.66    340.85    343.83    346.57    349.06    351.28    353.19    354.68    355.86    356.74    357.33    357.63    357.64    357.37    356.84    356.06    355.03    353.79    352.33    350.69    348.86    346.90
       0.00      0.00    307.55    311.51    315.49    319.40    323.26    327.04    330.72    334.27    337.65    340.83    343.81    346.55    349.03    351.25    353.15    354.64    355.81    356.68    357.26    357.55    357.55    357.28    356.74    355.94    354.91    353.65    352.18    350.53    348.69    346.75
       0.00      0.00    307.24    310.97    314.71    318.40    322.03    325.60    329.08    332.42    335.61    338.63    341.45    344.05    346.42    348.54    350.38    351.88    353.02    353.88    354.47    354.79    354.84    354.64    354.18    353.49    352.58    351.45    350.13    348.64    346.99    345.27
       0.00      0.00    306.83    310.27    313.72    317.11    320.47    323.76    326.96    330.06    333.01    335.81    338.43    340.86    343.08    345.07    346.83    348.32    349.45    350.30    350.90    351.26    351.38    351.26    350.92    350.36    349.60    348.65    347.53    346.25    344.82    343.35
       0.00      0.00    306.83    310.27    313.72    317.11    320.47    323.76    326.96    330.05    333.01    335.81    338.43    340.86    343.08    345.07    346.83    348.32    349.45    350.30    350.91    351.27    351.38    351.27    350.93    350.37    349.61    348.66    347.54    346.26    344.83    343.36
       0.00      0.00    307.24    310.97    314.72    318.40    322.04    325.61    329.08    332.42    335.62    338.64    341.46    344.06    346.42    348.54    350.39    351.88    353.02    353.88    354.47    354.79    354.84    354.63    354.17    353.48    352.56    351.44    350.12    348.63    346.97    345.26
       0.00      0.00    307.55    311.51    315.49    319.40    323.26    327.05    330.73    334.28    337.66    340.85    343.83    346.57    349.07    351.29    353.20    354.69    355.87    356.75    357.34    357.64    357.65    357.39    356.86    356.08    355.05    353.81    352.35    350.71    348.87    346.91
       0.00      0.00    307.92    312.14    316.37    320.54    324.66    328.69    332.61    336.38    339.97    343.36    346.51    349.40    352.03    354.35    356.28    357.81    359.02    359.91    360.49    360.75    360.70    360.35    359.72    358.82    357.66    356.26    354.63    352.72    350.59    348.39
       0.00      0.00    307.92    312.14    316.38    320.54    324.66    328.70    332.62    336.39    339.99    343.37    346.53    349.43    352.06    354.38    356.32    357.85    359.07    359.97    360.55    360.81    360.78    360.44    359.82    358.93    357.78    356.39    354.75    352.84    350.71    348.51
       0.00      0.00    307.92    312.14    316.38    320.55    324.66    328.70    332.62    336.39    339.99    343.38    346.53    349.43    352.06    354.38    356.32    357.85    359.07    359.97    360.55    360.81    360.77    360.44    359.81    358.92    357.77    356.38    354.74    352.84    350.71    348.51
       0.00      0.00    307.92    312.14    316.38    320.55    324.67    328.70    332.62    336.39    339.99    343.37    346.53    349.43    352.05    354.38    356.31    357.85    359.06    359.96    360.53    360.80    360.76    360.42    359.79    358.90    357.74    356.35    354.72    352.81    350.68    348.48
       0.00      0.00    307.92    312.14    316.37    320.54    324.66    328.69    332.61    336.38    339.97    343.36    346.51    349.40    352.03    354.35    356.28    357.81    359.02    359.91    360.49    360.75    360.70    360.36    359.73    358.83    357.67    356.27    354.63    352.73    350.59    348.39
       0.00      0.00    307.55    311.51    315.49    319.40    323.26    327.05    330.73    334.28    337.66    340.85    343.83    346.57    349.06    351.28    353.19    354.68    355.86    356.74    357.33    357.62    357.63    357.37    356.84    356.05    355.03    353.78    352.33    350.69    348.85    346.89
       0.00      0.00    307.24    310.97    314.72    318.40    322.04    325.61    329.08    332.42    335.62    338.64    341.45    344.05    346.42    348.54    350.38    351.88    353.02    353.88    354.46    354.78    354.83    354.62    354.17    353.47    352.56    351.43    350.12    348.62    346.98    345.26
       0.00      0.00    306.83    310.27    313.72    317.11    320.47    323.76    326.96    330.05    333.01    335.81    338.44    340.86    343.08    345.07    346.83    348.33    349.46    350.31    350.92    351.28    351.39    351.28    350.94    350.38    349.62    348.67    347.55    346.27    344.84    343.37
       0.00      0.00    306.83    310.27    313.72    317.11    320.47    323.76    326.96    330.05    333.01    335.81    338.43    340.86    343.08    345.07    346.83    348.33    349.46    350.31    350.91    351.27    351.39    351.27    350.93    350.38    349.62    348.67    347.55    346.27    344.84    343.36
       0.00      0.00    307.24    310.97    314.72    318.40    322.04    325.61    329.08    332.42    335.62    338.64    341.45    344.06    346.42    348.54    350.39    351.88    353.02    353.88    354.47    354.79    354.84    354.63    354.18    353.49    352.57    351.44    350.12    348.63    346.98    345.26
       0.00      0.00    307.56    311.52    315.49    319.40    323.26    327.05    330.73    334.28    337.66    340.85    343.83    346.57    349.07    351.29    353.20    354.69    355.87    356.75    357.34    357.63    357.65    357.38    356.85    356.07    355.05    353.80    352.35    350.71    348.87    346.91
       0.00      0.00    307.92    312.14    316.38    320.55    324.66    328.70    332.62    336.39    339.99    343.37    346.53    349.43    352.06    354.38    356.32    357.85    359.07    359.97    360.55    360.82    360.78    360.44    359.82    358.93    357.78    356.39    354.75    352.84    350.71    348.52
       0.00      0.00    308.19    312.61    317.04    321.41    325.72    329.94    334.04    337.98    341.73    345.26    348.54    351.56    354.29    356.68    358.63    360.20    361.44    362.35    362.92    363.15    363.07    362.68    361.98    361.00    359.75    358.22    356.37    354.28    351.98    349.63
       0.00      0.00    308.19    312.61    317.04    321.41    325.72    329.94    334.04    337.98    341.74    345.27    348.56    351.58    354.31    356.71    358.66    360.24    361.49    362.40    362.97    363.22    363.15    362.76    362.07    361.10    359.86    358.33    356.47    354.38    352.08    349.73
       0.00      0.00    308.19    312.61    317.04    321.41    325.72    329.94    334.04    337.98    341.74    345.27    348.56    351.58    354.31    356.71    358.66    360.24    361.48    362.39    362.97    363.22    363.14    362.75    362.07    361.10    359.86    358.33    356.47    354.39    352.09    349.74
       0.00      0.00    308.19    312.61    317.04    321.40    325.71    329.94    334.03    337.97    341.73    345.26    348.54    351.56    354.29    356.69    358.63    360.21    361.45    362.35    362.92    363.16    363.08    362.68    361.99    361.01    359.76    358.23    356.38    354.29    351.99    349.63
       0.00      0.00    307.92    312.14    316.38    320.54    324.66    328.70    332.62    336.39    339.99    343.37    346.53    349.43    352.06    354.38    356.32    357.85    359.07    359.96    360.54    360.81    360.77    360.43    359.81    358.92    357.76    356.37    354.74    352.83    350.70    348.50
       0.00      0.00    307.56    311.52    315.49    319.40    323.26    327.05    330.73    334.28    337.66    340.85    343.83    346.58    349.07    351.29    353.20    354.69    355.87    356.75    357.34    357.64    357.65    357.38    356.85    356.07    355.05    353.80    352.34    350.70    348.87    346.90
       0.00      0.00    307.24    310.97    314.72    318.40    322.04    325.61    329.08    332.42    335.62    338.64    341.45    344.06    346.42    348.54    350.39    351.88    353.02    353.89    354.48    354.79    354.84    354.64    354.18    353.49    352.57    351.45    350.13    348.64    346.99    345.27
       0.00      0.00    306.83    310.27    313.72    317.12    320.47    323.76    326.96    330.06    333.01    335.81    338.44    340.86    343.08    345.07    346.83    348.32    349.45    350.30    350.91    351.26    351.38    351.26    350.92    350.37    349.61    348.66    347.54    346.26    344.84    343.36
       0.00      0.00    306.83    310.27    313.72    317.11    320.47    323.76    326.96    330.05    333.01    335.81    338.43    340.86    343.08    345.07    346.83    348.32    349.45    350.30    350.90    351.26    351.38    351.26    350.92    350.36    349.60    348.65    347.53    346.25    344.83    343.35
       0.00      0.00    307.24    310.97    314.72    318.40    322.04    325.61    329.08    332.42    335.62    338.64    341.46    344.06    346.42    348.54    350.39    351.88    353.02    353.89    354.48    354.79    354.85    354.64    354.18    353.49    352.58    351.45    350.14    348.64    346.99    345.28
       0.00      0.00    307.56    311.52    315.49    319.40    323.26    327.05    330.74    334.28    337.66    340.85    343.83    346.58    349.07    351.29    353.20    354.69    355.87    356.75    357.33    357.63    357.64    357.38    356.85    356.06    355.04    353.79    352.34    350.70    348.87    346.91
       0.00      0.00    307.92    312.14    316.38    320.55    324.67    328.70    332.62    336.40    339.99    343.38    346.53    349.43    352.06    354.38    356.32    357.85    359.07    359.96    360.54    360.81    360.77    360.43    359.81    358.91    357.76    356.37    354.74    352.83    350.69    348.50
       0.00      0.00    308.19    312.61    317.05    321.41    325.72    329.94    334.04    337.99    341.74    345.27    348.56    351.58    354.31    356.71    358.66    360.24    361.48    362.39    362.96    363.21    363.13    362.74    362.05    361.08    359.84    358.31    356.45    354.36    352.07    349.72
       0.00      0.00    308.42    313.01    317.60    322.12    326.59    330.97    335.22    339.30    343.19    346.84    350.24    353.35    356.16    358.60    360.57    362.19    363.45    364.37    364.93    365.16    365.04    364.60    363.86    362.81    361.47    359.77    357.77    355.55    353.13    350.66
       0.00      0.00    308.42    313.01    317.60    322.13    326.60    330.98    335.22    339.31    343.19    346.85    350.25    353.36    356.17    358.62    360.59    362.21    363.48    364.40    364.97    365.19    365.09    364.65    363.91    362.87    361.53    359.82    357.83    355.60    353.19    350.72
       0.00      0.00    308.42    313.01    317.60    322.12    326.59    330.97    335.22    339.30    343.19    346.84    350.24    353.35    356.16    358.60    360.57    362.19    363.45    364.37    364.93    365.16    365.04    364.61    363.86    362.81    361.47    359.77    357.77    355.54    353.13    350.65
       0.00      0.00    308.19    312.61    317.05    321.41    325.72    329.94    334.04    337.99    341.74    345.27    348.56    351.58    354.31    356.71    358.66    360.23    361.48    362.39    362.96    363.21    363.13    362.74    362.05    361.08    359.84    358.31    356.46    354.37    352.07    349.72
       0.00      0.00    307.92    312.14    316.38    320.55    324.67    328.70    332.62    336.40    339.99    343.38    346.53    349.43    352.06    354.38    356.32    357.85    359.07    359.96    360.54    360.81    360.77    360.43    359.81    358.92    357.77    356.37    354.74    352.83    350.70    348.50
       0.00      0.00    307.56    311.52    315.49    319.40    323.26    327.05    330.73    334.28    337.66    340.85    343.83    346.57    349.06    351.29    353.19    354.68    355.86    356.74    357.33    357.62    357.63    357.37    356.83    356.05    355.02    353.78    352.32    350.68    348.85    346.89
       0.00      0.00    307.24    310.97    314.72    318.40    322.04    325.61    329.08    332.43    335.62    338.64    341.46    344.06    346.42    348.54    350.38    351.88    353.02    353.88    354.46    354.78    354.83    354.62    354.17    353.47    352.56    351.43    350.12    348.63    346.98    345.26
       0.00      0.00    306.83    310.27    313.72    317.11    320.47    323.76    326.96    330.05    333.01    335.81    338.44    340.86    343.08    345.07    346.83    348.33    349.46    350.31    350.91    351.27    351.39    351.27    350.93    350.37    349.61    348.67    347.54    346.26    344.84    343.36
       0.00      0.00    306.83    310.27    313.72    317.11    320.47    323.76    326.96    330.05    333.01    335.81    338.43    340.86    343.08    345.07    346.83    348.32    349.45    350.30    350.91    351.27    351.39    351.27    350.93    350.38    349.62    348.67    347.55    346.27    344.85    343.37
       0.00      0.00    307.24    310.97    314.71    318.40    322.03    325.60    329.08    332.42    335.62    338.63    341.45    344.05    346.42    348.54    350.39    351.88    353.02    353.89    354.48    354.80    354.85    354.64    354.19    353.50    352.58    351.45    350.14    348.65    346.99    345.28
       0.00      0.00    307.55    311.51    315.49    319.40    323.26    327.05    330.73    334.28    337.66    340.85    343.83    346.57    349.06    351.29    353.20    354.69    355.86    356.74    357.33    357.63    357.64    357.37    356.84    356.05    355.03    353.78    352.33    350.68    348.85    346.89
       0.00      0.00    307.92    312.14    316.38    320.54    324.66    328.70    332.62    336.39    339.99    343.37    346.53    349.43    352.06    354.39    356.32    357.86    359.08    359.98    360.56    360.83    360.79    360.46    359.84    358.95    357.80    356.41    354.77    352.86    350.73    348.53
       0.00      0.00    308.19    312.61    317.04    321.41    325.72    329.94    334.04    337.98    341.74    345.27    348.56    351.58    354.31    356.71    358.66    360.24    361.49    362.40    362.98    363.23    363.15    362.77    362.08    361.11    359.87    358.35    356.48    354.39    352.10    349.75
       0.00      0.00    308.42    313.01    317.60    322.13    326.60    330.97    335.22    339.31    343.19    346.85    350.25    353.37    356.18    358.62    360.60    362.21    363.48    364.40    364.97    365.20    365.09    364.66    363.91    362.87    361.53    359.82    357.83    355.61    353.20    350.73
       0.00      0.00    308.56    313.24    317.93    322.55    327.12    331.59    335.93    340.10    344.06    347.79    351.25    354.43    357.29    359.76    361.76    363.40    364.68    365.60    366.17    366.38    366.25    365.79    365.01    363.92    362.50    360.69    358.62    356.33    353.85    351.30
       0.00      0.00    308.56    313.24    317.93    322.56    327.12    331.59    335.93    340.10    344.06    347.79    351.26    354.43    357.29    359.75    361.75    363.39    364.67    365.59    366.16    366.37    366.24    365.77    364.99    363.91    362.49    360.68    358.61    356.33    353.85    351.30
       0.00      0.00    308.42    313.01    317.60    322.12    326.59    330.97    335.22    339.31    343.19    346.85    350.25    353.36    356.18    358.62    360.60    362.21    363.48    364.40    364.97    365.20    365.09    364.66    363.92    362.88    361.53    359.83    357.83    355.61    353.19    350.72
       0.00      0.00    308.19    312.61    317.05    321.41    325.72    329.94    334.04    337.99    341.74    345.27    348.56    351.58    354.31    356.71    358.66    360.24    361.48    362.39    362.97    363.21    363.14    362.75    362.06    361.09    359.85    358.32    356.46    354.37    352.08    349.73
       0.00      0.00    307.92    312.14    316.38    320.55    324.66    328.70    332.62    336.39    339.99    343.37    346.53    349.43    352.06    354.38    356.32    357.85    359.07    359.97    360.55    360.81    360.77    360.44    359.82    358.92    357.77    356.38    354.75    352.83    350.70    348.51
       0.00      0.00    307.55    311.51    315.49    319.40    323.26    327.05    330.73    334.28    337.66    340.85    343.83    346.57    349.06    351.29    353.20    354.69    355.87    356.75    357.34    357.63    357.65    357.38    356.85    356.07    355.04    353.79    352.34    350.70    348.86    346.90
       0.00      0.00    307.24    310.97    314.72    318.40    322.04    325.60    329.08    332.42    335.62    338.63    341.45    344.05    346.42    348.54    350.39    351.88    353.02    353.89    354.48    354.79    354.84    354.64    354.18    353.49    352.57    351.45    350.13    348.64    346.98    345.26
       0.00      0.00    306.83    310.27    313.72    317.12    320.47    323.76    326.96    330.06    333.01    335.81    338.43    340.86    343.08    345.07    346.83    348.32    349.45    350.30    350.90    351.26    351.38    351.26    350.92    350.37    349.61    348.66    347.54    346.26    344.83    343.36
       0.00      0.00    307.23    310.96    314.71    318.39    322.03    325.60    329.07    332.42    335.61    338.62    341.44    344.04    346.41    348.52    350.37    351.86    353.00    353.86    354.45    354.76    354.81    354.60    354.14    353.45    352.53    351.40    350.08    348.58    346.93    345.20
       0.00      0.00    307.55    311.51    315.49    319.40    323.26    327.04    330.72    334.27    337.65    340.83    343.81    346.55    349.03    351.25    353.16    354.64    355.82    356.69    357.27    357.56    357.57    357.30    356.76    355.97    354.94    353.68    352.22    350.57    348.73    346.78
       0.00      0.00    307.92    312.14    316.37    320.54    324.66    328.69    332.61    336.38    339.97    343.36    346.51    349.41    352.03    354.35    356.28    357.81    359.02    359.91    360.49    360.75    360.70    360.35    359.72    358.82    357.66    356.26    354.62    352.72    350.58    348.39
       0.00      0.00    308.19    312.61    317.04    321.41    325.72    329.94    334.04    337.98    341.73    345.26    348.55    351.56    354.29    356.68    358.63    360.20    361.44    362.34    362.91    363.15    363.07    362.67    361.98    361.00    359.75    358.22    356.37    354.28    351.99    349.63
       0.00      0.00    308.42    313.00    317.60    322.12    326.59    330.97    335.22    339.30    343.18    346.84    350.24    353.35    356.16    358.61    360.58    362.20    363.46    364.38    364.95    365.17    365.06    364.62    363.87    362.83    361.48    359.78    357.78    355.56    353.14    350.66
       0.00      0.00    308.56    313.24    317.93    322.56    327.12    331.59    335.93    340.10    344.06    347.79    351.26    354.43    357.29    359.75    361.75    363.39    364.67    365.59    366.16    366.37    366.24    365.78    365.00    363.92    362.50    360.69    358.62    356.33    353.85    351.31
       0.00      0.00    308.65    313.40    318.16    322.84    327.47    332.00    336.40    340.63    344.64    348.42    351.92    355.14    358.03    360.50    362.52    364.17    365.46    366.38    366.94    367.15    367.00    366.51    365.69    364.57    363.09    361.24    359.12    356.78    354.25    351.66
       0.00      0.00    308.56    313.24    317.94    322.56    327.12    331.60    335.93    340.10    344.06    347.79    351.26    354.43    357.29    359.75    361.75    363.39    364.67    365.59    366.15    366.37    366.24    365.77    364.99    363.91    362.49    360.68    358.61    356.33    353.84    351.30
       0.00      0.00    308.42    313.00    317.60    322.12    326.59    330.97    335.22    339.30    343.18    346.84    350.24    353.35    356.16    358.60    360.58    362.19    363.46    364.38    364.94    365.17    365.05    364.61    363.87    362.82    361.48    359.77    357.78    355.55    353.14    350.66
       0.00      0.00    308.19    312.61    317.04    321.40    325.71    329.94    334.04    337.98    341.73    345.26    348.54    351.56    354.29    356.69    358.63    360.21    361.45    362.35    362.92    363.16    363.08    362.69    361.99    361.01    359.77    358.24    356.39    354.30    352.00    349.65
       0.00      0.00    307.92    312.14    316.38    320.54    324.66    328.69    332.61    336.38    339.97    343.36    346.51    349.41    352.03    354.35    356.28    357.81    359.02    359.91    360.48    360.74    360.69    360.34    359.71    358.81    357.65    356.25    354.61    352.71    350.58    348.38
       0.00      0.00    307.55    311.51    315.49    319.40    323.26    327.05    330.73    334.27    337.65    340.84    343.81    346.55    349.03    351.25    353.16    354.64    355.82    356.69    357.27    357.56    357.56    357.29    356.75    355.96    354.93    353.67    352.21    350.56    348.72    346.77
       0.00      0.00    307.24    310.97    314.71    318.40    322.03    325.60    329.07    332.42    335.61    338.63    341.44    344.04    346.41    348.52    350.37    351.86    353.00    353.86    354.45    354.76    354.81    354.60    354.14    353.44    352.52    351.39    350.07    348.58    346.92    345.20
       0.00      0.00    306.83    310.27    313.72    317.11    320.47    323.76    326.96    330.05    333.01    335.81    338.43    340.86    343.08    345.07    346.83    348.32    349.45    350.30    350.90    351.26    351.38    351.26    350.92    350.37    349.61    348.66    347.54    346.26    344.84    343.36
       0.00      0.00    307.23    310.96    314.71    318.39    322.03    325.60    329.07    332.42    335.61    338.63    341.45    344.06    346.42    348.54    350.39    351.89    353.03    353.90    354.49    354.81    354.86    354.65    354.20    353.50    352.59    351.46    350.14    348.65    347.00    345.28
       0.00      0.00    307.55    311.51    315.49    319.40    323.26    327.05    330.73    334.28    337.66    340.85    343.83    346.57    349.06    351.29    353.20    354.69    355.87    356.75    357.34    357.63    357.65    357.38    356.85    356.07    355.04    353.80    352.34    350.70    348.86    346.90
       0.00      0.00    307.92    312.14    316.38    320.55    324.66    328.70    332.62    336.39    339.99    343.37    346.53    349.43    352.06    354.38    356.32    357.85    359.07    359.97    360.55    360.81    360.77    360.44    359.81    358.92    357.77    356.38    354.75    352.84    350.71    348.51
       0.00      0.00    308.19    312.61    317.04    321.41    325.72    329.94    334.04    337.98    341.74    345.27    348.56    351.58    354.31    356.71    358.66    360.24    361.49    362.40    362.98    363.23    363.16    362.77    362.09    361.12    359.88    358.36    356.50    354.40    352.11    349.76
       0.00      0.00    308.42    313.01    317.60    322.13    326.60    330.98    335.22    339.31    343.19    346.85    350.25    353.37    356.18    358.62    360.60    362.21    363.48    364.40    364.97    365.20    365.09    364.66    363.92    362.88    361.54    359.83    357.84    355.61    353.20    350.73
       0.00      0.00    308.56    313.24    317.93    322.56    327.12    331.59    335.93    340.10    344.06    347.79    351.26    354.43    357.29    359.76    361.75    363.39    364.68    365.60    366.16    366.38    366.25    365.78    365.00    363.92    362.49    360.68    358.61    356.32    353.84    351.29
       0.00      0.00    308.56    313.24    317.93    322.56    327.12    331.59    335.93    340.10    344.06    347.79    351.26    354.43    357.29    359.75    361.75    363.39    364.67    365.59    366.16    366.37    366.24    365.78    365.00    363.92    362.50    360.69    358.63    356.34    353.86    351.32
       0.00      0.00    308.42    313.01    317.60    322.13    326.60    330.98    335.22    339.31    343.19    346.85    350.25    353.36    356.18    358.62    360.59    362.21    363.48    364.40    364.97    365.19    365.08    364.65    363.90    362.87    361.52    359.82    357.82    355.60    353.19    350.72
       0.00      0.00    308.19    312.61    317.04    321.41    325.72    329.94    334.04    337.98    341.74    345.27    348.56    351.58    354.31    356.72    358.66    360.24    361.49    362.40    362.98    363.23    363.15    362.77    362.08    361.11    359.87    358.35    356.48    354.39    352.10    349.75
       0.00      0.00    307.92    312.14    316.38    320.55    324.66    328.70    332.62    336.39    339.99    343.38    346.53    349.43    352.06    354.38    356.32    357.85    359.07    359.96    360.54    360.81    360.77    360.43    359.81    358.91    357.76    356.37    354.73    352.82    350.69    348.49
       0.00      0.00    307.55    311.51    315.49    319.40    323.26    327.05    330.73    334.28    337.66    340.85    343.83    346.57    349.06    351.29    353.20    354.69    355.86    356.74    357.33    357.63    357.64    357.37    356.84    356.05    355.03    353.78    352.32    350.68    348.84    346.88
       0.00      0.00    307.24    310.97    314.72    318.40    322.03    325.60    329.08    332.42    335.62    338.63    341.45    344.06    346.42    348.54    350.39    351.88    353.02    353.89    354.48    354.79    354.84    354.63    354.18    353.48    352.57    351.44    350.12    348.63    346.98    345.26
       0.00      0.00    306.83    310.27    313.72    317.12    320.47    323.76    326.96    330.06    333.01    335.81    338.43    340.86    343.08    345.07    346.83    348.32    349.45    350.30    350.91    351.26    351.38    351.27    350.92    350.37    349.61    348.66    347.54    346.26    344.83    343.36
       0.00      0.00    306.83    310.27    313.72    317.11    320.47    323.76    326.96    330.05    333.01    335.81    338.43    340.86    343.08    345.07    346.83    348.33    349.46    350.31    350.91    351.27    351.39    351.27    350.93    350.38    349.62    348.67    347.55    346.27    344.84    343.37
       0.00      0.00    307.24    310.97    314.72    318.40    322.04    325.61    329.08    332.42    335.62    338.64    341.46    344.06    346.42    348.54    350.39    351.88    353.02    353.89    354.48    354.79    354.85    354.64    354.19    353.49    352.58    351.46    350.14    348.65    347.00    345.28
       0.00      0.00    307.56    311.52    315.49    319.40    323.26    327.05    330.74    334.28    337.66    340.85    343.83    346.58    349.07    351.29    353.20    354.69    355.87    356.75    357.34    357.64    357.65    357.38    356.85    356.07    355.05    353.80    352.35    350.71    348.87    346.91
       0.00      0.00    307.92    312.14    316.38    320.55    324.67    328.70    332.62    336.40    339.99    343.38    346.53    349.43    352.06    354.39    356.32    357.85    359.07    359.97    360.55    360.81    360.77    360.43    359.81    358.92    357.76    356.38    354.74    352.84    350.71    348.51
       0.00      0.00    308.19    312.61    317.05    321.41    325.72    329.94    334.04    337.99    341.74    345.27    348.56    351.58    354.31    356.71    358.66    360.24    361.48    362.39    362.97    363.21    363.14    362.75    362.06    361.08    359.84    358.32    356.46    354.37    352.07    349.72
       0.00      0.00    308.42    313.01    317.60    322.12    326.59    330.97    335.22    339.30    343.19    346.84    350.24    353.35    356.16    358.60    360.58    362.19    363.45    364.37    364.93    365.16    365.04    364.60    363.85    362.81    361.47    359.77    357.77    355.55    353.13    350.66
       0.00      0.00    308.42    313.00    317.60    322.12    326.59    330.97    335.22    339.31    343.19    346.85    350.25    353.37    356.18    358.63    360.60    362.22    363.49    364.42    364.99    365.22    365.11    364.68    363.94    362.90    361.56    359.85    357.85    355.63    353.22    350.75
       0.00      0.00    308.42    313.00    317.60    322.12    326.59    330.97    335.22    339.30    343.19    346.84    350.24    353.35    356.16    358.61    360.58    362.19    363.46    364.37    364.94    365.16    365.05    364.61    363.86    362.82    361.47    359.77    357.77    355.55    353.13    350.66
       0.00      0.00    308.19    312.61    317.04    321.41    325.72    329.94    334.04    337.98    341.74    345.27    348.56    351.58    354.31    356.71    358.66    360.24    361.49    362.40    362.97    363.22    363.14    362.76    362.07    361.10    359.86    358.33    356.47    354.38    352.08    349.73
       0.00      0.00    307.92    312.14    316.38    320.55    324.67    328.70    332.62    336.40    339.99    343.38    346.53    349.43    352.06    354.38    356.32    357.85    359.07    359.97    360.55    360.81    360.78    360.44    359.82    358.92    357.77    356.38    354.75    352.84    350.71    348.52
       0.00      0.00    307.56    311.52    315.49    319.40    323.26    327.05    330.74    334.28    337.66    340.85    343.83    346.58    349.07    351.29    353.20    354.69    355.87    356.75    357.34    357.64    357.65    357.39    356.86    356.08    355.06    353.82    352.37    350.73    348.89    346.93
       0.00      0.00    307.24    310.97    314.72    318.40    322.04    325.61    329.08    332.43    335.62    338.64    341.46    344.06    346.42    348.54    350.39    351.88    353.02    353.89    354.48    354.79    354.85    354.64    354.19    353.49    352.58    351.46    350.14    348.65    347.00    345.28
       0.00      0.00    306.83    310.27    313.72    317.12    320.47    323.76    326.96    330.06    333.01    335.81    338.43    340.86    343.08    345.07    346.83    348.32    349.45    350.30    350.91    351.26    351.38    351.26    350.92    350.37    349.61    348.66    347.54    346.26    344.84    343.36
       0.00      0.00    306.83    310.27    313.72    317.11    320.47    323.76    326.96    330.05    333.01    335.81    338.43    340.86    343.08    345.07    346.83    348.33    349.46    350.31    350.91    351.27    351.39    351.27    350.93    350.37    349.61    348.66    347.54    346.26    344.83    343.35
       0.00      0.00    307.24    310.97    314.72    318.40    322.04    325.61    329.08    332.42    335.62    338.64    341.46    344.06    346.43    348.55    350.40    351.89    353.03    353.90    354.49    354.81    354.87    354.66    354.21    353.52    352.61    351.49    350.17    348.68    347.03    345.31
       0.00      0.00    307.56    311.52    315.49    319.40    323.27    327.05    330.74    334.28    337.66    340.86    343.83    346.58    349.07    351.29    353.20    354.69    355.87    356.75    357.34    357.63    357.64    357.38    356.85    356.07    355.04    353.80    352.34    350.71    348.87    346.91
       0.00      0.00    307.92    312.14    316.38    320.55    324.66    328.70    332.62    336.39    339.99    343.37    346.53    349.43    352.06    354.38    356.32    357.85    359.07    359.97    360.55    360.82    360.78    360.44    359.82    358.93    357.78    356.39    354.75    352.84    350.71    348.52
       0.00      0.00    308.19    312.61    317.04    321.40    325.71    329.94    334.03    337.98    341.73    345.26    348.55    351.56    354.29    356.69    358.63    360.21    361.46    362.36    362.93    363.17    363.09    362.70    362.01    361.03    359.78    358.25    356.40    354.31    352.01    349.65
       0.00      0.00    308.19    312.61    317.05    321.41    325.72    329.94    334.04    337.99    341.74    345.27    348.56    351.58    354.31    356.71    358.65    360.23    361.48    362.39    362.96    363.21    363.13    362.74    362.05    361.08    359.84    358.31    356.46    354.37    352.07    349.72
       0.00      0.00    308.19    312.61    317.05    321.41    325.72    329.94    334.04    337.99    341.74    345.27    348.56    351.58    354.31    356.71    358.66    360.24    361.48    362.39    362.97    363.21    363.14    362.75    362.06    361.08    359.84    358.32    356.46    354.37    352.08    349.73
       0.00      0.00    308.19    312.61    317.04    321.40    325.71    329.94    334.03    337.98    341.73    345.26    348.55    351.56    354.29    356.69    358.63    360.21    361.45    362.36    362.93    363.17    363.09    362.69    362.00    361.02    359.77    358.24    356.39    354.30    352.00    349.64
       0.00      0.00    307.92    312.14    316.38    320.55    324.67    328.70    332.62    336.40    339.99    343.38    346.53    349.43    352.06    354.38    356.31    357.85    359.06    359.96    360.54    360.80    360.76    360.43    359.80    358.91    357.76    356.37    354.74    352.83    350.70    348.50
       0.00      0.00    307.55    311.51    315.49    319.40    323.26    327.05    330.73    334.28    337.66    340.85    343.83    346.58    349.07    351.29    353.20    354.69    355.87    356.75    357.34    357.63    357.64    357.38    356.85    356.06    355.04    353.79    352.34    350.69    348.86    346.90
       0.00      0.00    307.24    310.97    314.72    318.40    322.04    325.61    329.08    332.43    335.62    338.64    341.46    344.06    346.42    348.54    350.39    351.88    353.02    353.88    354.47    354.78    354.83    354.62    354.16    353.47    352.55    351.43    350.11    348.62    346.97    345.25
       0.00      0.00    306.83    310.27    313.72    317.12    320.47    323.76    326.96    330.06    333.01    335.81    338.43    340.86    343.08    345.07    346.83    348.32    349.45    350.31    350.91    351.27    351.39    351.27    350.93    350.37    349.61    348.66    347.54    346.26    344.84    343.36
       0.00      0.00    306.83    310.27    313.72    317.12    320.47    323.76    326.96    330.06    333.01    335.81    338.44    340.86    343.08    345.07    346.83    348.32    349.45    350.30    350.91    351.26    351.38    351.26    350.92    350.37    349.61    348.66    347.53    346.26    344.83    343.36
       0.00      0.00    307.24    310.97    314.72    318.40    322.04    325.61    329.08    332.42    335.62    338.64    341.46    344.06    346.43    348.55    350.39    351.89    353.03    353.89    354.48    354.80    354.86    354.65    354.20    353.50    352.59    351.46    350.15    348.66    347.01    345.29
       0.00      0.00    307.55    311.51    315.49    319.40    323.26    327.05    330.73    334.28    337.66    340.85    343.83    346.57    349.07    351.29    353.20    354.69    355.87    356.75    357.34    357.63    357.64    357.38    356.85    356.06    355.04    353.79    352.33    350.69    348.85    346.89
       0.00      0.00    307.92    312.14    316.38    320.54    324.66    328.70    332.61    336.38    339.98    343.36    346.51    349.41    352.03    354.35    356.29    357.82    359.03    359.92    360.49    360.75    360.70    360.36    359.73    358.83    357.67    356.27    354.63    352.73    350.59    348.40
       0.00      0.00    307.92    312.14    316.38    320.55    324.66    328.70    332.62    336.39    339.99    343.38    346.53    349.43    352.06    354.39    356.32    357.85    359.07    359.97    360.55    360.81    360.77    360.44    359.81    358.92    357.77    356.37    354.74    352.83    350.70    348.50
       0.00      0.00    307.92    312.14    316.38    320.55    324.67    328.70    332.62    336.40    339.99    343.38    346.53    349.43    352.06    354.39    356.32    357.85    359.07    359.96    360.54    360.81    360.77    360.43    359.81    358.92    357.77    356.38    354.75    352.84    350.71    348.52
       0.00      0.00    307.92    312.14    316.38    320.55    324.66    328.70    332.62    336.39    339.99    343.37    346.53    349.43    352.06    354.38    356.32    357.85    359.07    359.97    360.55    360.81    360.77    360.44    359.82    358.92    357.77    356.38    354.75    352.84    350.71    348.51
       0.00      0.00    307.92    312.14    316.37    320.54    324.66    328.69    332.61    336.38    339.97    343.36    346.51    349.41    352.03    354.35    356.28    357.82    359.03    359.92    360.49    360.75    360.70    360.36    359.73    358.82    357.66    356.26    354.62    352.72    350.58    348.38
       0.00      0.00    307.55    311.51    315.49    319.40    323.26    327.05    330.73    334.28    337.66    340.85    343.83    346.57    349.06    351.28    353.19    354.68    355.86    356.74    357.33    357.62    357.64    357.37    356.84    356.06    355.04    353.79    352.34    350.70    348.86    346.91
       0.00      0.00    307.24    310.97    314.72    318.40    322.04    325.61    329.08    332.42    335.62    338.64    341.46    344.06    346.43    348.55    350.39    351.89    353.03    353.90    354.49    354.81    354.86    354.66    354.20    353.51    352.59    351.47    350.15    348.66    347.01    345.29
       0.00      0.00    306.83    310.27    313.72    317.12    320.47    323.76    326.96    330.06    333.01    335.81    338.43    340.86    343.08    345.07    346.83    348.32    349.45    350.31    350.91    351.27    351.39    351.27    350.93    350.37    349.62    348.67    347.55    346.27    344.84    343.36
       0.00      0.00    306.83    310.27    313.72    317.12    320.47    323.76    326.96    330.06    333.01    335.81    338.43    340.86    343.08    345.07    346.83    348.32    349.45    350.30    350.91    351.26    351.38    351.27    350.93    350.37    349.61    348.67    347.55    346.27    344.85    343.37
       0.00      0.00    307.24    310.97    314.72    318.40    322.04    325.61    329.08    332.42    335.62    338.63    341.45    344.06    346.42    348.54    350.39    351.88    353.02    353.88    354.47    354.79    354.84    354.63    354.17    353.48    352.56    351.43    350.12    348.62    346.97    345.25
       0.00      0.00    307.55    311.51    315.49    319.40    323.26    327.04    330.72    334.27    337.65    340.84    343.81    346.55    349.04    351.25    353.16    354.65    355.82    356.70    357.28    357.57    357.57    357.30    356.76    355.97    354.94    353.68    352.22    350.57    348.74    346.79
       0.00      0.00    307.55    311.51    315.49    319.40    323.26    327.05    330.73    334.28    337.66    340.85    343.83    346.57    349.07    351.29    353.20    354.69    355.87    356.75    357.33    357.63    357.64    357.37    356.84    356.06    355.03    353.79    352.33    350.69    348.86    346.90
       0.00      0.00    307.55    311.52    315.49    319.40    323.26    327.05    330.73    334.28    337.66    340.85    343.83    346.58    349.07    351.29    353.20    354.69    355.87    356.76    357.35    357.64    357.66    357.39    356.87    356.08    355.06    353.82    352.37    350.73    348.90    346.93
       0.00      0.00    307.56    311.52    315.49    319.40    323.26    327.05    330.74    334.28    337.66    340.86    343.83    346.58    349.07    351.29    353.20    354.69    355.87    356.75    357.34    357.64    357.65    357.39    356.86    356.08    355.05    353.81    352.35    350.71    348.88    346.92
       0.00      0.00    307.55    311.51    315.49    319.40    323.26    327.05    330.73    334.28    337.66    340.85    343.83    346.57    349.06    351.29    353.20    354.69    355.86    356.74    357.33    357.62    357.64    357.37    356.84    356.05    355.03    353.78    352.33    350.69    348.85    346.89
       0.00      0.00    307.55    311.51    315.49    319.40    323.26    327.04    330.72    334.27    337.65    340.84    343.81    346.55    349.04    351.25    353.16    354.65    355.82    356.70    357.28    357.57    357.58    357.31    356.77    355.98    354.95    353.69    352.23    350.58    348.74    346.79
       0.00      0.00    307.24    310.97    314.71    318.40    322.03    325.60    329.08    332.42    335.62    338.63    341.45    344.05    346.42    348.54    350.39    351.88    353.02    353.88    354.47    354.78    354.83    354.62    354.16    353.47    352.55    351.42    350.10    348.61    346.96    345.24
       0.00      0.00    306.83    310.27    313.72    317.11    320.47    323.76    326.96    330.05    333.01    335.81    338.43    340.86    343.08    345.07    346.83    348.33    349.46    350.31    350.91    351.27    351.39    351.28    350.94    350.38    349.62    348.67    347.55    346.27    344.85    343.37
       0.00      0.00    306.83    310.27    313.72    317.11    320.46    323.76    326.96    330.05    333.01    335.81    338.43    340.86    343.08    345.07    346.83    348.33    349.46    350.31    350.92    351.28    351.39    351.28    350.94    350.38    349.63    348.68    347.56    346.27    344.85    343.37
       0.00      0.00    307.24    310.97    314.71    318.39    322.03    325.60    329.07    332.42    335.61    338.63    341.44    344.04    346.41    348.52    350.37    351.86    353.00    353.86    354.45    354.76    354.81    354.60    354.14    353.44    352.52    351.39    350.07    348.58    346.92    345.20
       0.00      0.00    307.24    310.97    314.72    318.40    322.04    325.60    329.08    332.42    335.62    338.63    341.45    344.06    346.42    348.54    350.39    351.89    353.03    353.89    354.48    354.80    354.85    354.65    354.19    353.50    352.59    351.46    350.14    348.65    347.00    345.28
       0.00      0.00    307.24    310.97    314.72    318.40    322.04    325.61    329.08    332.42    335.62    338.64    341.46    344.06    346.43    348.55    350.39    351.89    353.03    353.89    354.48    354.80    354.85    354.65    354.19    353.50    352.58    351.46    350.14    348.65    347.00    345.28
       0.00      0.00    307.24    310.97    314.72    318.40    322.04    325.61    329.08    332.43    335.62    338.64    341.46    344.06    346.42    348.54    350.39    351.88    353.02    353.89    354.48    354.79    354.85    354.64    354.18    353.49    352.58    351.45    350.14    348.64    346.99    345.27
       0.00      0.00    307.24    310.97    314.72    318.40    322.04    325.61    329.08    332.42    335.62    338.64    341.46    344.06    346.42    348.54    350.39    351.88    353.03    353.89    354.48    354.80    354.85    354.64    354.18    353.49    352.58    351.45    350.13    348.64    346.99    345.28
       0.00      0.00    307.23    310.97    314.71    318.39    322.03    325.60    329.07    332.42    335.61    338.63    341.45    344.06    346.42    348.54    350.39    351.89    353.03    353.90    354.49    354.81    354.86    354.65    354.20    353.51    352.60    351.47    350.15    348.66    347.01    345.29
       0.00      0.00    307.23    310.96    314.71    318.39    322.03    325.60    329.07    332.42    335.61    338.62    341.44    344.04    346.41    348.52    350.37    351.86    353.00    353.86    354.45    354.76    354.81    354.60    354.14    353.44    352.52    351.39    350.07    348.57    346.92    345.19
       0.00      0.00    306.83    310.27    313.72    317.11    320.46    323.76    326.96    330.05    333.01    335.81    338.43    340.86    343.08    345.07    346.83    348.32    349.45    350.31    350.91    351.27    351.38    351.27    350.93    350.37    349.61    348.66    347.54    346.26    344.84    343.36
       0.00      0.00    306.83    310.27    313.72    317.11    320.47    323.76    326.96    330.05    333.01    335.81    338.43    340.86    343.08    345.07    346.83    348.32    349.45    350.30    350.91    351.26    351.38    351.26    350.92    350.37    349.61    348.66    347.54    346.26    344.84    343.36
       0.00      0.00    306.83    310.27    313.72    317.11    320.47    323.76    326.96    330.05    333.01    335.81    338.43    340.86    343.08    345.07    346.83    348.33    349.46    350.31    350.91    351.27    351.39    351.27    350.93    350.38    349.62    348.67    347.55    346.27    344.84    343.37
       0.00      0.00    306.83    310.27    313.72    317.11    320.47    323.76    326.96    330.05    333.01    335.81    338.43    340.86    343.08    345.07    346.83    348.33    349.46    350.31    350.91    351.27    351.39    351.27    350.93    350.38    349.62    348.67    347.55    346.27    344.85    343.37
       0.00      0.00    306.83    310.27    313.72    317.12    320.47    323.76    326.96    330.06    333.01    335.81    338.44    340.86    343.08    345.07    346.83    348.32    349.45    350.30    350.91    351.26    351.38    351.27    350.92    350.37    349.61    348.66    347.54    346.26    344.84    343.36
       0.00      0.00    306.83    310.27    313.72    317.11    320.47    323.76    326.96    330.05    333.01    335.81    338.43    340.86    343.08    345.07    346.83    348.33    349.46    350.31    350.91    351.27    351.39    351.27    350.93    350.38    349.62    348.67    347.55    346.27    344.84    343.37
       0.00      0.00    306.83    310.27    313.72    317.11    320.47    323.76    326.96    330.05    333.01    335.81    338.43    340.86    343.08    345.07    346.83    348.32    349.45    350.30    350.91    351.26    351.38    351.27    350.92    350.37    349.61    348.66    347.53    346.25    344.83    343.35
