    -0.6025    1.4610  313.2083  317.4919  321.7734  325.9603  330.0709  334.0767  337.9446  341.6426  345.1416  348.4142  351.4361  354.1852  356.6432  358.7943  360.6263  362.1093  363.1429  363.8164  364.1593  364.1771  363.8784  363.2733  362.3760  361.2016  359.7689  358.0972  356.2094  354.1292  351.8783  349.5580
    -0.3615    1.4610  313.2088  317.4925  321.7741  325.9610  330.0717  334.0775  337.9454  341.6434  345.1424  348.4150  351.4367  354.1856  356.6434  358.7941  360.6257  362.1082  363.1417  363.8147  364.1571  364.1744  363.8752  363.2696  362.3717  361.1969  359.7639  358.0922  356.2047  354.1252  351.8756  349.5573
    -0.1205    1.4610  313.2088  317.4926  321.7742  325.9612  330.0720  334.0778  337.9457  341.6438  345.1428  348.4154  351.4372  354.1861  356.6440  358.7948  360.6264  362.1090  363.1422  363.8151  364.1573  364.1743  363.8745  363.2683  362.3696  361.1938  359.7597  358.0868  356.1981  354.1173  351.8663  349.5464
     0.1205    1.4610  313.2088  317.4926  321.7743  325.9613  330.0721  334.0779  337.9457  341.6436  345.1425  348.4149  351.4365  354.1852  356.6429  358.7935  360.6251  362.1077  363.1410  363.8142  364.1568  364.1744  363.8753  363.2698  362.3717  361.1964  359.7625  358.0894  356.2000  354.1181  351.8658  349.5445
     0.3615    1.4610  313.2084  317.4921  321.7737  325.9606  330.0713  334.0770  337.9448  341.6427  345.1415  348.4140  351.4357  354.1846  356.6424  358.7933  360.6251  362.1079  363.1416  363.8150  364.1580  364.1760  363.8775  363.2727  362.3757  361.2018  359.7697  358.0988  356.2121  354.1330  351.8835  349.5648
     0.6025    1.4610  313.2085  317.4922  321.7738  325.9607  330.0714  334.0772  337.9449  341.6427  345.1414  348.4137  351.4352  354.1837  356.6413  358.7919  360.6236  362.1063  363.1402  363.8136  364.1566  364.1747  363.8763  363.2716  362.3747  361.2007  359.7684  358.0971  356.2096  354.1295  351.8788  349.5586
    -0.9640    1.2523  313.2093  317.4931  321.7747  325.9617  330.0724  334.0781  337.9459  341.6437  345.1425  348.4148  351.4363  354.1849  356.6424  358.7929  360.6242  362.1067  363.1401  363.8131  364.1555  364.1730  363.8740  363.2687  362.3713  361.1971  359.7647  358.0937  356.2068  354.1276  351.8778  349.5587
    -0.7230    1.2523  313.7449  318.4126  323.0736  327.6356  332.1133  336.4730  340.6779  344.6924  348.4844  352.0235  355.2827  358.2380  360.8693  363.1597  365.0846  366.5651  367.6000  368.2624  368.5591  368.4957  368.0820  367.3297  366.2545  364.8735  363.2074  361.2775  359.1090  356.7278  354.1577  351.5019
    -0.4820    1.2523  313.7454  318.4133  323.0745  327.6368  332.1152  336.4756  340.6814  344.6972  348.4906  352.0315  355.2927  358.2503  360.8843  363.1775  365.1050  366.5861  367.6239  368.2897  368.5900  368.5305  368.1208  367.3726  366.3014  364.9243  363.2621  361.3361  359.1712  356.7934  354.2265  351.5736
    -0.2410    1.2523  313.7456  318.4135  323.0748  327.6372  332.1156  336.4760  340.6819  344.6978  348.4914  352.0325  355.2940  358.2517  360.8858  363.1790  365.1063  366.5870  367.6245  368.2901  368.5901  368.5303  368.1202  367.3716  366.3000  364.9224  363.2597  361.3331  359.1676  356.7892  354.2217  351.5682
     0.0000    1.2523  313.7458  318.4138  323.0751  327.6376  332.1160  336.4765  340.6824  344.6984  348.4920  352.0331  355.2947  358.2526  360.8868  363.1802  365.1079  366.5888  367.6267  368.2928  368.5933  368.5339  368.1242  367.3759  366.3047  364.9275  363.2652  361.3391  359.1744  356.7972  354.2315  351.5808
     0.2410    1.2523  313.7460  318.4140  323.0754  327.6379  332.1162  336.4767  340.6825  344.6982  348.4916  352.0323  355.2934  358.2508  360.8845  363.1773  365.1044  366.5854  367.6227  368.2882  368.5883  368.5285  368.1186  367.3703  366.2992  364.9224  363.2607  361.3354  359.1715  356.7948  354.2291  351.5773
     0.4820    1.2523  313.7448  318.4126  323.0737  327.6360  332.1142  336.4745  340.6802  344.6959  348.4893  352.0302  355.2915  358.2491  360.8830  363.1761  365.1034  366.5843  367.6215  368.2867  368.5861  368.5254  368.1141  367.3641  366.2909  364.9116  363.2471  361.3189  359.1522  356.7730  354.2056  351.5532
     0.7230    1.2523  313.7442  318.4118  323.0727  327.6347  332.1125  336.4722  340.6770  344.6917  348.4837  352.0230  355.2825  358.2381  360.8699  363.1608  365.0863  366.5672  367.6027  368.2659  368.5633  368.5007  368.0878  367.3362  366.2616  364.8811  363.2155  361.2861  359.1180  356.7370  354.1668  351.5100
     0.9640    1.2523  313.2081  317.4917  321.7732  325.9600  330.0708  334.0766  337.9444  341.6425  345.1415  348.4142  351.4360  354.1851  356.6432  358.7943  360.6264  362.1096  363.1436  363.8174  364.1607  364.1791  363.8810  363.2765  362.3797  361.2058  359.7735  358.1021  356.2146  354.1345  351.8840  349.5644
    -1.0845    1.0436  313.2091  317.4928  321.7744  325.9612  330.0719  334.0777  337.9455  341.6435  345.1425  348.4152  351.4372  354.1865  356.6448  358.7963  360.6288  362.1122  363.1461  363.8204  364.1641  364.1828  363.8850  363.2806  362.3839  361.2099  359.7775  358.1059  356.2180  354.1375  351.8864  349.5661
    -0.8435    1.0436  313.7468  318.4149  323.0763  327.6389  332.1173  336.4778  340.6835  344.6991  348.4921  352.0325  355.2931  358.2499  360.8829  363.1750  365.1013  366.5820  367.6183  368.2826  368.5813  368.5201  368.1087  367.3586  366.2858  364.9071  363.2435  361.3163  359.1507  356.7727  354.2063  351.5549
    -0.6025    1.0436  314.1640  319.1310  324.0877  328.9424  333.7069  338.3436  342.8127  347.0762  351.0993  354.8496  358.2982  361.4193  364.1915  366.5955  368.5888  370.0631  371.1223  371.7839  372.0524  371.9342  371.4399  370.5822  369.3782  367.8464  366.0091  363.8891  361.5128  358.9087  356.0845  353.1318
    -0.3615    1.0436  314.1651  319.1326  324.0899  328.9454  333.7110  338.3492  342.8203  347.0864  351.1127  354.8669  358.3200  361.4463  364.2243  366.6340  368.6303  370.1092  371.1750  371.8442  372.1208  372.0113  371.5260  370.6776  369.4831  367.9610  366.1334  364.0229  361.6558  359.0606  356.2381  353.2743
    -0.1205    1.0436  314.1672  319.1351  324.0929  328.9488  333.7149  338.3535  342.8248  347.0909  351.1168  354.8703  358.3223  361.4470  364.2229  366.6303  368.6247  370.1011  371.1638  371.8298  372.1034  371.9910  371.5030  370.6522  369.4559  367.9324  366.1040  363.9934  361.6268  359.0324  356.2122  353.2540
     0.1205    1.0436  314.1666  319.1343  324.0919  328.9477  333.7135  338.3519  342.8231  347.0892  351.1155  354.8695  358.3223  361.4481  364.2256  366.6347  368.6303  370.1086  371.1739  371.8426  372.1190  372.0094  371.5243  370.6762  369.4823  367.9608  366.1339  364.0240  361.6573  359.0619  356.2389  353.2736
     0.3615    1.0436  314.1662  319.1339  324.0914  328.9471  333.7129  338.3511  342.8222  347.0879  351.1138  354.8673  358.3196  361.4450  364.2220  366.6308  368.6267  370.1050  371.1701  371.8387  372.1150  372.0054  371.5202  370.6722  369.4784  367.9572  366.1308  364.0216  361.6558  359.0617  356.2398  353.2759
     0.6025    1.0436  314.1637  319.1307  324.0875  328.9424  333.7070  338.3439  342.8131  347.0768  351.1000  354.8503  358.2988  361.4196  364.1914  366.5948  368.5879  370.0616  371.1203  371.7812  372.0493  371.9308  371.4363  370.5786  369.3747  367.8430  366.0059  363.8859  361.5096  358.9058  356.0822  353.1316
     0.8435    1.0436  313.7452  318.4131  323.0742  327.6366  332.1148  336.4751  340.6808  344.6964  348.4896  352.0302  355.2912  358.2486  360.8824  363.1754  365.1029  366.5841  367.6219  368.2879  368.5883  368.5290  368.1195  367.3714  366.3006  364.9239  363.2622  361.3369  359.1729  356.7961  354.2300  351.5776
     1.0845    1.0436  313.2089  317.4927  321.7744  325.9614  330.0722  334.0781  337.9461  341.6441  345.1431  348.4156  351.4372  354.1859  356.6434  358.7939  360.6251  362.1074  363.1404  363.8130  364.1550  364.1718  363.8720  363.2659  362.3673  361.1917  359.7578  358.0850  356.1964  354.1155  351.8644  349.5445
    -1.2050    0.8348  313.2097  317.4936  321.7753  325.9623  330.0731  334.0789  337.9467  341.6447  345.1435  348.4160  351.4376  354.1863  356.6439  358.7945  360.6260  362.1085  363.1418  363.8148  364.1572  364.1747  363.8755  363.2700  362.3723  361.1974  359.7644  358.0926  356.2047  354.1245  351.8737  349.5536
    -0.9640    0.8348  313.7468  318.4150  323.0764  327.6390  332.1174  336.4780  340.6839  344.6998  348.4933  352.0341  355.2953  358.2527  360.8862  363.1788  365.1054  366.5858  367.6223  368.2868  368.5856  368.5245  368.1131  367.3631  366.2902  364.9116  363.2482  361.3212  359.1559  356.7782  354.2120  351.5605
    -0.7230    0.8348  314.1662  319.1338  324.0913  328.9469  333.7126  338.3509  342.8220  347.0880  351.1143  354.8684  358.3215  361.4478  364.2260  366.6361  368.6328  370.1124  371.1791  371.8493  372.1272  372.0191  371.5354  370.6887  369.4959  367.9755  366.1495  364.0404  361.6742  359.0793  356.2558  353.2884
    -0.4820    0.8348  314.6445  319.9539  325.2489  330.4383  335.5305  340.4835  345.2542  349.8017  354.0884  358.0793  361.7433  365.0529  367.9854  370.5092  372.5361  374.0551  375.1433  375.8037  376.0407  375.8611  375.2767  374.3016  372.9546  371.2558  369.2288  366.8985  364.2754  361.3436  358.1467  354.8638
    -0.2410    0.8348  314.6463  319.9563  325.2519  330.4420  335.5353  340.4896  345.2622  349.8118  354.1011  358.0952  361.7630  365.0769  368.0141  370.5423  372.5704  374.0942  375.1883  375.8554  376.0996  375.9279  375.3518  374.3853  373.0473  371.3577  369.3399  367.0190  364.3990  361.4586  358.2662  354.9857
     0.0000    0.8348  314.6471  319.9572  325.2530  330.4433  335.5367  340.4912  345.2638  349.8136  354.1031  358.0972  361.7650  365.0789  368.0159  370.5438  372.5715  374.0947  375.1883  375.8549  376.0985  375.9260  375.3490  374.3817  373.0428  371.3522  369.3338  367.0126  364.3928  361.4546  358.2645  354.9892
     0.2410    0.8348  314.6473  319.9576  325.2535  330.4439  335.5374  340.4919  345.2645  349.8140  354.1029  358.0964  361.7632  365.0759  368.0117  370.5383  372.5654  374.0872  375.1791  375.8440  376.0858  375.9115  375.3327  374.3634  373.0225  371.3299  369.3094  366.9858  364.3651  361.4278  358.2349  354.9554
     0.4820    0.8348  314.6445  319.9539  325.2490  330.4384  335.5307  340.4836  345.2544  349.8017  354.0882  358.0789  361.7428  365.0522  367.9846  370.5083  372.5352  374.0544  375.1429  375.8039  376.0416  375.8629  375.2795  374.3054  372.9594  371.2614  369.2352  366.9054  364.2823  361.3495  358.1523  354.8686
     0.7230    0.8348  314.1659  319.1336  324.0911  328.9468  333.7126  338.3509  342.8221  347.0881  351.1141  354.8679  358.3204  361.4458  364.2229  366.6316  368.6272  370.1052  371.1700  371.8380  372.1139  372.0037  371.5181  370.6696  369.4755  367.9539  366.1273  364.0181  361.6525  359.0586  356.2372  353.2743
     0.9640    0.8348  313.7469  318.4151  323.0766  327.6393  332.1178  336.4784  340.6843  344.6999  348.4930  352.0334  355.2939  358.2506  360.8833  363.1750  365.1010  366.5812  367.6171  368.2810  368.5795  368.5182  368.1068  367.3570  366.2846  364.9068  363.2443  361.3185  359.1546  356.7784  354.2139  351.5644
     1.2050    0.8348  313.2085  317.4922  321.7738  325.9607  330.0715  334.0774  337.9454  341.6436  345.1429  348.4159  351.4382  354.1878  356.6464  358.7982  360.6310  362.1146  363.1484  363.8228  364.1665  364.1850  363.8869  363.2821  362.3848  361.2103  359.7773  358.1052  356.2169  354.1362  351.8850  349.5648
    -1.3255    0.6261  313.2093  317.4931  321.7748  325.9618  330.0726  334.0784  337.9462  341.6442  345.1431  348.4156  351.4373  354.1862  356.6441  358.7951  360.6271  362.1101  363.1436  363.8174  364.1607  364.1790  363.8808  363.2762  362.3793  361.2051  359.7725  358.1007  356.2126  354.1320  351.8808  349.5604
    -1.0845    0.6261  313.7473  318.4156  323.0771  327.6398  332.1183  336.4789  340.6847  344.7004  348.4936  352.0341  355.2950  358.2520  360.8853  363.1778  365.1045  366.5850  367.6220  368.2872  368.5869  368.5267  368.1163  367.3673  366.2953  364.9173  363.2541  361.3271  359.1613  356.7829  354.2159  351.5635
    -0.8435    0.6261  314.1669  319.1347  324.0922  328.9479  333.7138  338.3521  342.8232  347.0893  351.1155  354.8695  358.3223  361.4482  364.2257  366.6349  368.6306  370.1090  371.1746  371.8437  372.1207  372.0120  371.5278  370.6810  369.4886  367.9687  366.1437  364.0357  361.6712  359.0781  356.2568  353.2930
    -0.6025    0.6261  314.6467  319.9567  325.2523  330.4425  335.5358  340.4901  345.2626  349.8123  354.1015  358.0956  361.7633  365.0772  368.0144  370.5426  372.5705  374.0942  375.1883  375.8555  376.0998  375.9281  375.3521  374.3857  373.0479  371.3585  369.3412  367.0210  364.4017  361.4619  358.2704  354.9906
    -0.3615    0.6261  315.0076  320.5746  326.1239  331.5650  336.9037  342.0946  347.0924  351.8535  356.3384  360.5103  364.3366  367.7881  370.8411  373.4517  375.4958  377.0588  378.1698  378.8301  379.0440  378.8190  378.1676  377.1054  375.6527  373.8309  371.6670  369.1557  366.2651  363.0889  359.6732  356.1765
    -0.1205    0.6261  315.0086  320.5759  326.1256  331.5671  336.9065  342.0983  347.0974  351.8602  356.3475  360.5223  364.3521  367.8079  370.8657  373.4806  375.5261  377.0944  378.2118  378.8791  379.1004  378.8831  378.2397  377.1855  375.7407  373.9264  371.7694  369.2593  366.3583  363.1826  359.7666  356.2710
     0.1205    0.6261  315.0082  320.5754  326.1251  331.5666  336.9060  342.0980  347.0971  351.8602  356.3477  360.5228  364.3528  367.8086  370.8664  373.4812  375.5265  377.0944  378.2112  378.8779  379.0987  378.8810  378.2376  377.1836  375.7397  373.9269  371.7722  369.2644  366.3656  363.1926  359.7796  356.2866
     0.3615    0.6261  315.0064  320.5732  326.1223  331.5632  336.9017  342.0926  347.0903  351.8516  356.3368  360.5092  364.3360  367.7883  370.8421  373.4534  375.4976  377.0614  378.1733  378.8344  379.0490  378.8248  378.1741  377.1126  375.6606  373.8393  371.6757  369.1642  366.2719  363.0951  359.6783  356.1807
     0.6025    0.6261  314.6462  319.9561  325.2517  330.4419  335.5352  340.4895  345.2621  349.8118  354.1011  358.0952  361.7631  365.0769  368.0141  370.5422  372.5699  374.0933  375.1868  375.8533  376.0966  375.9239  375.3466  374.3790  373.0397  371.3488  369.3299  367.0079  364.3875  361.4483  358.2560  354.9769
     0.8435    0.6261  314.1664  319.1341  324.0916  328.9474  333.7132  338.3516  342.8229  347.0891  351.1155  354.8698  358.3230  361.4494  364.2275  366.6373  368.6334  370.1124  371.1786  371.8482  372.1256  372.0168  371.5324  370.6850  369.4917  367.9706  366.1440  364.0342  361.6676  359.0723  356.2489  353.2827
     1.0845    0.6261  313.7462  318.4142  323.0756  327.6381  332.1165  336.4770  340.6829  344.6988  348.4924  352.0333  355.2947  358.2523  360.8861  363.1792  365.1064  366.5870  367.6244  368.2899  368.5900  368.5302  368.1203  367.3717  366.3003  364.9231  363.2608  361.3347  359.1699  356.7922  354.2254  351.5726
     1.3255    0.6261  313.2096  317.4935  321.7752  325.9623  330.0732  334.0791  337.9471  341.6451  345.1440  348.4164  351.4379  354.1865  356.6439  358.7943  360.6255  362.1077  363.1408  363.8135  364.1558  364.1731  363.8741  363.2688  362.3715  361.1973  359.7652  358.0943  356.2075  354.1286  351.8792  349.5608
    -1.4460    0.4174  313.2091  317.4929  321.7746  325.9616  330.0723  334.0781  337.9459  341.6438  345.1426  348.4149  351.4364  354.1848  356.6422  358.7925  360.6235  362.1056  363.1387  363.8111  364.1529  364.1697  363.8700  363.2639  362.3657  361.1906  359.7575  358.0859  356.1987  354.1197  351.8709  349.5540
    -1.2050    0.4174  313.7466  318.4147  323.0761  327.6387  332.1172  336.4778  340.6837  344.6996  348.4931  352.0340  355.2953  358.2529  360.8867  363.1798  365.1070  366.5878  367.6253  368.2908  368.5909  368.5312  368.1212  367.3728  366.3016  364.9247  363.2629  361.3376  359.1736  356.7967  354.2305  351.5778
    -0.9640    0.4174  314.1670  319.1349  324.0925  328.9483  333.7143  338.3528  342.8242  347.0904  351.1168  354.8708  358.3237  361.4495  364.2269  366.6359  368.6315  370.1097  371.1748  371.8433  372.1197  372.0102  371.5253  370.6777  369.4845  367.9640  366.1387  364.0308  361.6668  359.0747  356.2543  353.2912
    -0.7230    0.4174  314.6480  319.9583  325.2543  330.4448  335.5384  340.4930  345.2658  349.8156  354.1049  358.0988  361.7662  365.0796  368.0160  370.5433  372.5707  374.0932  375.1859  375.8517  376.0946  375.9214  375.3438  374.3760  373.0365  371.3454  369.3261  367.0036  364.3828  361.4435  358.2506  354.9713
    -0.4820    0.4174  315.0092  320.5766  326.1265  331.5682  336.9078  342.0999  347.0991  351.8621  356.3493  360.5240  364.3535  367.8086  370.8656  373.4795  375.5244  377.0913  378.2071  378.8726  379.0922  378.8731  378.2280  377.1723  375.7263  373.9112  371.7538  369.2444  366.3462  363.1719  359.7575  356.2643
    -0.2410    0.4174  315.3094  321.0908  326.8519  332.5024  338.0461  343.4348  348.6212  353.5599  358.2096  362.5320  366.4931  370.0627  373.2121  375.8771  377.9560  379.5562  380.6861  381.3460  381.5403  381.2769  380.5694  379.4346  377.8948  375.9747  373.6728  370.9465  367.8700  364.5148  360.9324  357.2641
     0.0000    0.4174  315.3109  321.0927  326.8543  332.5054  338.0498  343.4394  348.6268  353.5667  358.2177  362.5417  366.5045  370.0762  373.2277  375.8938  377.9745  379.5775  380.7110  381.3749  381.5734  381.3144  380.6114  379.4810  377.9453  376.0293  373.7287  370.9976  367.9217  364.5692  360.9899  357.3254
     0.2410    0.4174  315.3097  321.0912  326.8524  332.5030  338.0468  343.4356  348.6220  353.5605  358.2101  362.5322  366.4930  370.0624  373.2116  375.8766  377.9555  379.5559  380.6861  381.3463  381.5410  381.2778  380.5703  379.4352  377.8948  375.9737  373.6706  370.9434  367.8657  364.5091  360.9251  357.2547
     0.4820    0.4174  315.0092  320.5766  326.1266  331.5684  336.9081  342.1003  347.0996  351.8626  356.3498  360.5244  364.3537  367.8086  370.8653  373.4790  375.5240  377.0907  378.2063  378.8718  379.0913  378.8722  378.2273  377.1718  375.7260  373.9112  371.7544  369.2455  366.3482  363.1751  359.7623  356.2710
     0.7230    0.4174  314.6474  319.9576  325.2535  330.4438  335.5373  340.4918  345.2644  349.8141  354.1034  358.0973  361.7648  365.0783  368.0150  370.5425  372.5700  374.0928  375.1861  375.8523  376.0957  375.9229  375.3458  374.3783  373.0392  371.3485  369.3298  367.0081  364.3879  361.4488  358.2569  354.9779
     0.9640    0.4174  314.1668  319.1346  324.0922  328.9481  333.7140  338.3525  342.8238  347.0899  351.1160  354.8698  358.3223  361.4476  364.2245  366.6328  368.6278  370.1051  371.1693  371.8369  372.1121  372.0013  371.5150  370.6659  369.4711  367.9490  366.1220  364.0124  361.6467  359.0528  356.2321  353.2705
     1.2050    0.4174  313.7475  318.4159  323.0775  327.6403  332.1190  336.4797  340.6857  344.7014  348.4945  352.0348  355.2952  358.2517  360.8843  363.1758  365.1016  366.5820  367.6180  368.2821  368.5809  368.5200  368.1092  367.3599  366.2879  364.9102  363.2477  361.3216  359.1572  356.7805  354.2158  351.5669
     1.4460    0.4174  313.2088  317.4925  321.7741  325.9610  330.0718  334.0776  337.9456  341.6438  345.1430  348.4159  351.4380  354.1873  356.6456  358.7970  360.6292  362.1123  363.1457  363.8193  364.1623  364.1802  363.8814  363.2762  362.3786  361.2039  359.7710  358.0991  356.2113  354.1310  351.8803  349.5602
    -1.5665    0.2087  313.2087  317.4924  321.7739  325.9608  330.0715  334.0772  337.9449  341.6427  345.1415  348.4138  351.4354  354.1841  356.6418  358.7927  360.6245  362.1075  363.1416  363.8154  364.1588  364.1773  363.8795  363.2754  362.3790  361.2056  359.7740  358.1035  356.2169  354.1378  351.8881  349.5692
    -1.3255    0.2087  313.7454  318.4133  323.0746  327.6369  332.1152  336.4756  340.6814  344.6971  348.4905  352.0313  355.2926  358.2503  360.8843  363.1776  365.1054  366.5867  367.6247  368.2909  368.5916  368.5326  368.1234  367.3756  366.3048  364.9281  363.2661  361.3401  359.1753  356.7976  354.2310  351.5791
    -1.0845    0.2087  314.1661  319.1337  324.0912  328.9468  333.7126  338.3509  342.8221  347.0881  351.1143  354.8681  358.3208  361.4465  364.2239  366.6329  368.6286  370.1067  371.1717  371.8398  372.1156  372.0052  371.5191  370.6701  369.4753  367.9529  366.1253  364.0148  361.6479  359.0526  356.2303  353.2671
    -0.8435    0.2087  314.6466  319.9566  325.2522  330.4422  335.5354  340.4896  345.2620  349.8116  354.1009  358.0951  361.7633  365.0777  368.0158  370.5450  372.5738  374.0990  375.1948  375.8638  376.1101  375.9404  375.3664  374.4018  373.0654  371.3771  369.3604  367.0403  364.4200  361.4770  358.2842  355.0025
    -0.6025    0.2087  315.0082  320.5754  326.1250  331.5665  336.9058  342.0977  347.0968  351.8598  356.3472  360.5222  364.3522  367.8082  370.8662  373.4813  375.5268  377.0954  378.2133  378.8811  379.1033  378.8871  378.2451  377.1926  375.7497  373.9376  371.7831  369.2747  366.3739  363.1998  359.7861  356.2928
    -0.3615    0.2087  315.3100  321.0916  326.8530  332.5039  338.0483  343.4379  348.6254  353.5655  358.2170  362.5416  366.5053  370.0779  373.2303  375.8969  377.9784  379.5822  380.7162  381.3804  381.5791  381.3199  380.6165  379.4856  377.9495  376.0330  373.7319  371.0004  367.9246  364.5726  360.9945  357.3326
    -0.1205    0.2087  315.4898  321.3997  327.2878  333.0639  338.7307  344.2383  349.5383  354.5841  359.3337  363.7477  367.7914  371.4340  374.6423  377.3353  379.4441  381.0697  382.2139  382.8761  383.0605  382.7747  382.0331  380.8534  379.2604  377.2746  374.8727  372.0144  368.8361  365.3902  361.7123  357.9460
     0.1205    0.2087  315.4910  321.4013  327.2896  333.0661  338.7332  344.2410  349.5411  354.5869  359.3360  363.7495  367.7923  371.4337  374.6408  377.3330  379.4404  381.0644  382.2069  382.8677  383.0510  382.7646  382.0228  380.8434  379.2511  377.2666  374.8671  372.0103  368.8335  365.3889  361.7127  357.9486
     0.3615    0.2087  315.3095  321.0910  326.8523  332.5030  338.0472  343.4366  348.6239  353.5638  358.2152  362.5398  366.5035  370.0762  373.2289  375.8955  377.9772  379.5814  380.7160  381.3807  381.5799  381.3213  380.6184  379.4880  377.9521  376.0357  373.7344  371.0018  367.9252  364.5721  360.9923  357.3277
     0.6025    0.2087  315.0092  320.5767  326.1266  331.5684  336.9080  342.1001  347.0993  351.8622  356.3492  360.5237  364.3529  367.8079  370.8647  373.4787  375.5238  377.0909  378.2071  378.8732  379.0935  378.8754  378.2314  377.1769  375.7323  373.9186  371.7627  369.2542  366.3557  363.1820  359.7681  356.2752
     0.8435    0.2087  314.6467  319.9568  325.2525  330.4428  335.5361  340.4905  345.2631  349.8127  354.1019  358.0958  361.7634  365.0771  368.0141  370.5421  372.5700  374.0936  375.1874  375.8544  376.0984  375.9264  375.3500  374.3831  373.0445  371.3540  369.3354  367.0133  364.3926  361.4522  358.2593  354.9792
     1.0845    0.2087  314.1658  319.1333  324.0907  328.9463  333.7120  338.3502  342.8213  347.0873  351.1135  354.8675  358.3204  361.4465  364.2243  366.6339  368.6301  370.1090  371.1750  371.8444  372.1215  372.0125  371.5279  370.6803  369.4867  367.9655  366.1388  364.0289  361.6622  359.0665  356.2428  353.2758
     1.3255    0.2087  313.7458  318.4137  323.0750  327.6374  332.1157  336.4760  340.6817  344.6974  348.4906  352.0313  355.2925  358.2499  360.8838  363.1770  365.1045  366.5854  367.6232  368.2891  368.5895  368.5301  368.1203  367.3719  366.3004  364.9228  363.2599  361.3330  359.1670  356.7880  354.2200  351.5659
     1.5665    0.2087  313.2095  317.4933  321.7750  325.9620  330.0729  334.0787  337.9465  341.6443  345.1430  348.4152  351.4365  354.1849  356.6421  358.7924  360.6235  362.1058  363.1393  363.8121  364.1545  364.1719  363.8729  363.2676  362.3702  361.1959  359.7634  358.0921  356.2049  354.1253  351.8751  349.5555
    -1.4460    0.0000  313.7441  318.4117  323.0725  327.6345  332.1122  336.4720  340.6769  344.6917  348.4839  352.0233  355.2830  358.2388  360.8708  363.1619  365.0875  366.5684  367.6039  368.2670  368.5643  368.5014  368.0880  367.3359  366.2607  364.8796  363.2134  361.2835  359.1150  356.7338  354.1638  351.5080
    -1.2050    0.0000  314.1640  319.1311  324.0879  328.9427  333.7073  338.3440  342.8132  347.0768  351.1001  354.8505  358.2992  361.4204  364.1930  366.5974  368.5913  370.0664  371.1268  371.7898  372.0603  371.9445  371.4530  370.5985  369.3979  367.8696  366.0357  363.9188  361.5451  358.9432  356.1193  353.1633
    -0.9640    0.0000  314.6450  319.9545  325.2496  330.4391  335.5315  340.4846  345.2554  349.8030  354.0896  358.0804  361.7443  365.0537  367.9859  370.5094  372.5361  374.0548  375.1427  375.8028  376.0395  375.8595  375.2748  374.2992  372.9518  371.2525  369.2252  366.8946  364.2716  361.3406  358.1441  354.8628
    -0.7230    0.0000  315.0080  320.5751  326.1246  331.5658  336.9048  342.0960  347.0939  351.8553  356.3403  360.5123  364.3385  367.7899  370.8427  373.4529  375.4969  377.0594  378.1699  378.8296  379.0430  378.8175  378.1660  377.1038  375.6514  373.8302  371.6674  369.1572  366.2676  363.0926  359.6782  356.1827
    -0.4820    0.0000  315.3084  321.0895  326.8504  332.5007  338.0443  343.4330  348.6195  353.5585  358.2087  362.5319  366.4940  370.0650  373.2159  375.8819  377.9624  379.5645  380.6964  381.3581  381.5539  381.2915  380.5846  379.4498  377.9093  375.9882  373.6845  370.9556  367.8778  364.5215  360.9381  357.2686
    -0.2410    0.0000  315.4911  321.4014  327.2898  333.0663  338.7335  344.2414  349.5415  354.5873  359.3364  363.7498  367.7924  371.4337  374.6406  377.3328  379.4401  381.0642  382.2070  382.8681  383.0519  382.7662  382.0254  380.8471  379.2561  377.2726  374.8730  372.0169  368.8400  365.3950  361.7176  357.9506
     0.0000    0.0000  315.6105  321.6062  327.5789  333.4388  339.1874  344.7738  350.1486  355.2646  360.0788  364.5514  368.6469  372.3343  375.5775  378.2864  380.4123  382.0498  383.1979  383.8558  384.0276  383.7208  382.9499  381.7317  380.0904  378.0509  375.5758  372.6622  369.4172  365.9075  362.1618  358.3235
     0.2410    0.0000  315.4913  321.4017  327.2902  333.0668  338.7340  344.2420  349.5421  354.5878  359.3368  363.7500  367.7924  371.4333  374.6397  377.3315  379.4384  381.0617  382.2038  382.8642  383.0473  382.7608  382.0190  380.8398  379.2479  377.2639  374.8649  372.0083  368.8316  365.3867  361.7095  357.9427
     0.4820    0.0000  315.3083  321.0894  326.8503  332.5007  338.0443  343.4330  348.6195  353.5585  358.2086  362.5316  366.4934  370.0640  373.2144  375.8799  377.9597  379.5611  380.6922  381.3533  381.5487  381.2861  380.5792  379.4447  377.9048  375.9841  373.6808  370.9524  367.8746  364.5185  360.9359  357.2686
     0.7230    0.0000  315.0069  320.5737  326.1229  331.5639  336.9025  342.0934  347.0912  351.8524  356.3375  360.5098  364.3365  367.7886  370.8424  373.4536  375.4981  377.0620  378.1740  378.8354  379.0504  378.8266  378.1767  377.1161  375.6654  373.8458  371.6843  369.1746  366.2832  363.1082  359.6927  356.1955
     0.9640    0.0000  314.6448  319.9544  325.2495  330.4390  335.5314  340.4845  345.2554  349.8029  354.0895  358.0802  361.7439  365.0530  367.9848  370.5078  372.5342  374.0521  375.1391  375.7983  376.0340  375.8531  375.2674  374.2912  372.9432  371.2436  369.2162  366.8860  364.2637  361.3349  358.1399  354.8606
     1.2050    0.0000  314.1644  319.1316  324.0885  328.9434  333.7082  338.3450  342.8143  347.0779  351.1010  354.8513  358.2999  361.4209  364.1931  366.5971  368.5907  370.0653  371.1251  371.7876  372.0573  371.9407  371.4481  370.5924  369.3906  367.8611  366.0260  363.9080  361.5334  358.9307  356.1065  353.1511
     1.4460    0.0000  313.7447  318.4123  323.0733  327.6353  332.1132  336.4730  340.6779  344.6927  348.4848  352.0241  355.2836  358.2392  360.8708  363.1615  365.0866  366.5672  367.6023  368.2650  368.5619  368.4987  368.0853  367.3332  366.2581  364.8773  363.2114  361.2819  359.1138  356.7333  354.1642  351.5100
    -1.5665   -0.2087  313.2090  317.4927  321.7743  325.9613  330.0720  334.0778  337.9455  341.6432  345.1418  348.4140  351.4353  354.1836  356.6409  358.7913  360.6226  362.1051  363.1387  363.8118  364.1544  364.1721  363.8734  363.2685  362.3715  361.1975  359.7654  358.0945  356.2076  354.1281  351.8780  349.5584
    -1.3255   -0.2087  313.7447  318.4124  323.0735  327.6357  332.1139  336.4742  340.6800  344.6959  348.4897  352.0310  355.2931  358.2517  360.8869  363.1815  365.1105  366.5922  367.6314  368.2987  368.6002  368.5416  368.1326  367.3847  366.3135  364.9360  363.2732  361.3463  359.1805  356.8018  354.2342  351.5813
    -1.0845   -0.2087  314.1661  319.1338  324.0913  328.9470  333.7128  338.3511  342.8222  347.0882  351.1143  354.8681  358.3209  361.4467  364.2244  366.6338  368.6300  370.1089  371.1747  371.8439  372.1209  372.0118  371.5272  370.6795  369.4860  367.9649  366.1385  364.0293  361.6635  359.0694  356.2472  353.2817
    -0.8435   -0.2087  314.6465  319.9565  325.2521  330.4423  335.5356  340.4900  345.2627  349.8124  354.1019  358.0961  361.7641  365.0782  368.0156  370.5438  372.5719  374.0955  375.1893  375.8559  376.0995  375.9270  375.3501  374.3828  373.0440  371.3536  369.3355  367.0143  364.3948  361.4559  358.2644  354.9861
    -0.6025   -0.2087  315.0082  320.5754  326.1251  331.5667  336.9061  342.0982  347.0974  351.8605  356.3479  360.5230  364.3530  367.8089  370.8668  373.4819  375.5274  377.0961  378.2141  378.8824  379.1052  378.8900  378.2493  377.1982  375.7571  373.9468  371.7940  369.2864  366.3847  363.2106  359.7966  356.3025
    -0.3615   -0.2087  315.3103  321.0919  326.8534  332.5044  338.0488  343.4385  348.6260  353.5661  358.2175  362.5419  366.5054  370.0778  373.2302  375.8967  377.9782  379.5821  380.7163  381.3809  381.5802  381.3217  380.6193  379.4895  377.9546  376.0395  373.7392  371.0074  367.9318  364.5800  361.0016  357.3388
    -0.1205   -0.2087  315.4904  321.4005  327.2888  333.0652  338.7323  344.2402  349.5403  354.5863  359.3358  363.7496  367.7928  371.4348  374.6425  377.3350  379.4430  381.0676  382.2108  382.8721  383.0557  382.7693  382.0273  380.8472  379.2540  377.2681  374.8666  372.0078  368.8286  365.3814  361.7023  357.9345
     0.1205   -0.2087  315.4907  321.4008  327.2892  333.0656  338.7327  344.2406  349.5407  354.5865  359.3357  363.7492  367.7920  371.4335  374.6406  377.3329  379.4404  381.0647  382.2078  382.8693  383.0534  382.7682  382.0277  380.8498  379.2593  377.2762  374.8770  372.0216  368.8458  365.4025  361.7270  357.9629
     0.3615   -0.2087  315.3102  321.0918  326.8534  332.5044  338.0489  343.4386  348.6262  353.5663  358.2176  362.5419  366.5050  370.0769  373.2286  375.8946  377.9753  379.5780  380.7110  381.3742  381.5721  381.3122  380.6085  379.4776  377.9416  376.0255  373.7254  370.9953  367.9201  364.5683  360.9900  357.3274
     0.6025   -0.2087  315.0081  320.5753  326.1250  331.5665  336.9060  342.0980  347.0973  351.8605  356.3480  360.5232  364.3534  367.8095  370.8677  373.4831  375.5290  377.0978  378.2159  378.8839  379.1062  378.8900  378.2480  377.1952  375.7520  373.9396  371.7849  369.2764  366.3752  363.2009  359.7868  356.2923
     0.8435   -0.2087  314.6467  319.9568  325.2526  330.4430  335.5365  340.4910  345.2638  349.8136  354.1029  358.0970  361.7646  365.0782  368.0150  370.5427  372.5703  374.0933  375.1864  375.8524  376.0954  375.9222  375.3444  374.3761  373.0359  371.3440  369.3238  367.0005  364.3792  361.4401  358.2473  354.9684
     1.0845   -0.2087  314.1662  319.1339  324.0915  328.9472  333.7131  338.3515  342.8227  347.0887  351.1148  354.8685  358.3210  361.4466  364.2238  366.6326  368.6282  370.1063  371.1713  371.8395  372.1154  372.0050  371.5190  370.6699  369.4748  367.9521  366.1240  364.0129  361.6454  359.0496  356.2271  353.2644
     1.3255   -0.2087  313.7454  318.4133  323.0745  327.6369  332.1152  336.4757  340.6816  344.6975  348.4911  352.0322  355.2938  358.2518  360.8860  363.1795  365.1071  366.5879  367.6254  368.2908  368.5903  368.5297  368.1186  367.3687  366.2957  364.9169  363.2531  361.3256  359.1597  356.7811  354.2137  351.5604
     1.5665   -0.2087  313.2091  317.4929  321.7745  325.9616  330.0724  334.0784  337.9463  341.6443  345.1431  348.4156  351.4371  354.1858  356.6434  358.7940  360.6255  362.1081  363.1416  363.8147  364.1573  364.1749  363.8760  363.2707  362.3732  361.1984  359.7654  358.0934  356.2052  354.1247  351.8738  349.5540
    -1.4460   -0.4174  313.2088  317.4924  321.7740  325.9609  330.0717  334.0775  337.9453  341.6433  345.1423  348.4149  351.4368  354.1858  356.6439  358.7950  360.6271  362.1102  363.1440  363.8178  364.1611  364.1794  363.8811  363.2764  362.3793  361.2051  359.7726  358.1012  356.2139  354.1344  351.8847  349.5661
    -1.2050   -0.4174  313.7464  318.4145  323.0758  327.6384  332.1169  336.4776  340.6836  344.6996  348.4931  352.0341  355.2954  358.2530  360.8867  363.1797  365.1068  366.5877  367.6251  368.2906  368.5907  368.5312  368.1217  367.3739  366.3035  364.9274  363.2664  361.3417  359.1782  356.8018  354.2362  351.5848
    -0.9640   -0.4174  314.1669  319.1347  324.0923  328.9482  333.7142  338.3526  342.8240  347.0903  351.1167  354.8709  358.3239  361.4499  364.2277  366.6370  368.6329  370.1116  371.1773  371.8465  372.1236  372.0147  371.5304  370.6832  369.4902  367.9697  366.1440  364.0355  361.6706  359.0775  356.2564  353.2928
    -0.7230   -0.4174  314.6475  319.9578  325.2537  330.4441  335.5377  340.4924  345.2652  349.8152  354.1047  358.0990  361.7668  365.0806  368.0176  370.5454  372.5729  374.0957  375.1888  375.8547  376.0975  375.9242  375.3464  374.3784  373.0389  371.3483  369.3303  367.0097  364.3912  361.4538  358.2635  354.9861
    -0.4820   -0.4174  315.0086  320.5759  326.1258  331.5675  336.9072  342.0995  347.0990  351.8624  356.3500  360.5251  364.3550  367.8106  370.8680  373.4823  375.5273  377.0945  378.2104  378.8760  379.0956  378.8764  378.2312  377.1754  375.7294  373.9143  371.7571  369.2479  366.3499  363.1763  359.7630  356.2719
    -0.2410   -0.4174  315.3091  321.0904  326.8515  332.5021  338.0459  343.4349  348.6214  353.5604  358.2103  362.5329  366.4942  370.0639  373.2135  375.8785  377.9574  379.5575  380.6873  381.3471  381.5412  381.2775  380.5696  379.4343  377.8940  375.9734  373.6714  370.9457  367.8699  364.5158  360.9349  357.2684
     0.0000   -0.4174  315.3086  321.0898  326.8510  332.5016  338.0458  343.4353  348.6229  353.5633  358.2154  362.5409  366.5057  370.0798  373.2339  375.9015  377.9846  379.5906  380.7268  381.3934  381.5944  381.3376  380.6366  379.5081  377.9742  376.0600  373.7595  371.0252  367.9493  364.5975  361.0187  357.3543
     0.2410   -0.4174  315.3086  321.0898  326.8509  332.5014  338.0451  343.4340  348.6206  353.5596  358.2097  362.5326  366.4942  370.0646  373.2149  375.8803  377.9600  379.5612  380.6922  381.3530  381.5480  381.2849  380.5774  379.4423  377.9016  375.9803  373.6768  370.9488  367.8712  364.5152  360.9326  357.2648
     0.4820   -0.4174  315.0081  320.5753  326.1250  331.5666  336.9061  342.0982  347.0976  351.8609  356.3485  360.5238  364.3539  367.8098  370.8676  373.4823  375.5276  377.0954  378.2122  378.8788  379.0995  378.8818  378.2383  377.1841  375.7397  373.9261  371.7701  369.2610  366.3608  363.1860  359.7711  356.2767
     0.7230   -0.4174  314.6475  319.9577  325.2536  330.4441  335.5376  340.4922  345.2650  349.8148  354.1041  358.0981  361.7658  365.0794  368.0163  370.5441  372.5718  374.0951  375.1888  375.8556  376.0997  375.9278  375.3516  374.3851  373.0471  371.3575  369.3401  367.0197  364.4004  361.4613  358.2706  354.9934
     0.9640   -0.4174  314.1668  319.1346  324.0922  328.9480  333.7140  338.3524  342.8238  347.0900  351.1165  354.8708  358.3240  361.4503  364.2284  366.6381  368.6344  370.1135  371.1798  371.8498  372.1278  372.0200  371.5370  370.6915  369.5005  367.9822  366.1587  364.0523  361.6890  359.0968  356.2748  353.3069
     1.2050   -0.4174  313.7469  318.4151  323.0766  327.6393  332.1179  336.4786  340.6847  344.7006  348.4941  352.0350  355.2962  358.2537  360.8874  363.1804  365.1076  366.5886  367.6262  368.2920  368.5925  368.5333  368.1239  367.3761  366.3054  364.9288  363.2671  361.3416  359.1772  356.7998  354.2330  351.5797
     1.4460   -0.4174  313.2093  317.4931  321.7748  325.9619  330.0727  334.0786  337.9466  341.6445  345.1435  348.4160  351.4376  354.1863  356.6438  358.7944  360.6258  362.1082  363.1416  363.8145  364.1569  364.1744  363.8753  363.2700  362.3725  361.1982  359.7658  358.0947  356.2078  354.1289  351.8798  349.5620
    -1.3255   -0.6261  313.2092  317.4930  321.7746  325.9615  330.0723  334.0782  337.9461  341.6442  345.1432  348.4160  351.4379  354.1870  356.6451  358.7963  360.6283  362.1113  363.1448  363.8182  364.1610  364.1788  363.8797  363.2742  362.3761  361.2009  359.7672  358.0945  356.2055  354.1240  351.8718  349.5503
    -1.0845   -0.6261  313.7460  318.4140  323.0752  327.6376  332.1160  336.4765  340.6826  344.6987  348.4926  352.0341  355.2962  358.2549  360.8901  363.1848  365.1139  366.5956  367.6354  368.3036  368.6065  368.5497  368.1429  367.3974  366.3290  364.9545  363.2947  361.3707  359.2077  356.8317  354.2664  351.6152
    -0.8435   -0.6261  314.1675  319.1354  324.0932  328.9491  333.7152  338.3538  342.8252  347.0915  351.1178  354.8718  358.3246  361.4503  364.2277  366.6367  368.6324  370.1107  371.1760  371.8448  372.1215  372.0123  371.5277  370.6804  369.4875  367.9673  366.1418  364.0336  361.6689  359.0759  356.2548  353.2906
    -0.6025   -0.6261  314.6469  319.9570  325.2528  330.4431  335.5366  340.4911  345.2637  349.8134  354.1026  358.0966  361.7642  365.0779  368.0149  370.5429  372.5709  374.0945  375.1885  375.8557  376.1001  375.9286  375.3528  374.3867  373.0490  371.3597  369.3422  367.0215  364.4017  361.4613  358.2692  354.9896
    -0.3615   -0.6261  315.0060  320.5726  326.1217  331.5625  336.9010  342.0920  347.0900  351.8516  356.3373  360.5103  364.3380  367.7912  370.8462  373.4586  375.5034  377.0686  378.1818  378.8444  379.0606  378.8378  378.1888  377.1289  375.6785  373.8590  371.6974  369.1869  366.2934  363.1176  359.7010  356.2025
    -0.1205   -0.6261  315.0094  320.5770  326.1270  331.5689  336.9087  342.1010  347.1003  351.8633  356.3504  360.5248  364.3539  367.8085  370.8647  373.4781  375.5228  377.0890  378.2041  378.8691  379.0882  378.8690  378.2240  377.1685  375.7231  373.9087  371.7523  369.2439  366.3469  363.1737  359.7603  356.2684
     0.1205   -0.6261  315.0086  320.5759  326.1258  331.5675  336.9072  342.0994  347.0989  351.8621  356.3496  360.5245  364.3542  367.8096  370.8667  373.4807  375.5257  377.0926  378.2085  378.8742  379.0939  378.8751  378.2303  377.1751  375.7296  373.9153  371.7589  369.2504  366.3527  363.1797  359.7667  356.2753
     0.3615   -0.6261  315.0064  320.5731  326.1223  331.5632  336.9018  342.0928  347.0907  351.8522  356.3377  360.5105  364.3378  367.7906  370.8451  373.4571  375.5019  377.0666  378.1793  378.8413  379.0569  378.8335  378.1836  377.1227  375.6711  373.8502  371.6869  369.1751  366.2816  363.1046  359.6874  356.1889
     0.6025   -0.6261  314.6474  319.9577  325.2536  330.4442  335.5378  340.4924  345.2650  349.8146  354.1037  358.0972  361.7643  365.0772  368.0133  370.5404  372.5679  374.0902  375.1828  375.8484  376.0912  375.9179  375.3403  374.3725  373.0333  371.3426  369.3244  367.0033  364.3844  361.4470  358.2561  354.9784
     0.8435   -0.6261  314.1663  319.1341  324.0916  328.9474  333.7133  338.3516  342.8230  347.0892  351.1156  354.8698  358.3228  361.4489  364.2266  366.6358  368.6315  370.1098  371.1751  371.8438  372.1201  372.0103  371.5248  370.6765  369.4823  367.9608  366.1340  364.0245  361.6585  359.0642  356.2423  353.2781
     1.0845   -0.6261  313.7468  318.4150  323.0765  327.6392  332.1179  336.4786  340.6846  344.7005  348.4940  352.0348  355.2958  358.2529  360.8861  363.1782  365.1043  366.5844  367.6203  368.2841  368.5823  368.5204  368.1082  367.3574  366.2839  364.9048  363.2410  361.3140  359.1492  356.7725  354.2080  351.5594
     1.3255   -0.6261  313.2096  317.4935  321.7752  325.9623  330.0731  334.0790  337.9469  341.6448  345.1437  348.4161  351.4376  354.1863  356.6439  358.7946  360.6262  362.1089  363.1424  363.8158  364.1588  364.1768  363.8783  363.2734  362.3761  361.2017  359.7689  358.0970  356.2091  354.1287  351.8780  349.5584
    -1.2050   -0.8348  313.2096  317.4934  321.7751  325.9622  330.0730  334.0789  337.9469  341.6449  345.1438  348.4163  351.4379  354.1866  356.6441  358.7946  360.6259  362.1083  363.1415  363.8144  364.1567  364.1739  363.8747  363.2690  362.3711  361.1960  359.7628  358.0908  356.2029  354.1231  351.8735  349.5556
    -0.9640   -0.8348  313.7461  318.4141  323.0754  327.6379  332.1163  336.4768  340.6828  344.6989  348.4927  352.0340  355.2959  358.2542  360.8889  363.1830  365.1112  366.5924  367.6310  368.2976  368.5987  368.5399  368.1309  367.3832  366.3126  364.9361  363.2747  361.3495  359.1855  356.8086  354.2422  351.5894
    -0.7230   -0.8348  314.1658  319.1334  324.0908  328.9465  333.7123  338.3507  342.8219  347.0881  351.1144  354.8686  358.3216  361.4477  364.2255  366.6350  368.6310  370.1097  371.1753  371.8442  372.1207  372.0111  371.5258  370.6775  369.4833  367.9613  366.1339  364.0234  361.6562  359.0605  356.2377  353.2736
    -0.4820   -0.8348  314.6448  319.9543  325.2494  330.4389  335.5313  340.4845  345.2554  349.8031  354.0899  358.0810  361.7453  365.0552  367.9881  370.5122  372.5394  374.0589  375.1477  375.8087  376.0461  375.8670  375.2829  374.3080  372.9611  371.2622  369.2352  366.9051  364.2820  361.3502  358.1543  354.8733
    -0.2410   -0.8348  314.6464  319.9565  325.2522  330.4425  335.5360  340.4906  345.2634  349.8134  354.1030  358.0974  361.7653  365.0792  368.0164  370.5444  372.5722  374.0955  375.1890  375.8555  376.0989  375.9262  375.3491  374.3814  373.0420  371.3507  369.3313  367.0087  364.3878  361.4479  358.2550  354.9754
     0.0000   -0.8348  314.6478  319.9581  325.2541  330.4446  335.5383  340.4930  345.2659  349.8158  354.1053  358.0994  361.7671  365.0807  368.0174  370.5449  372.5725  374.0953  375.1883  375.8545  376.0977  375.9251  375.3482  374.3813  373.0431  371.3537  369.3366  367.0168  364.3985  361.4604  358.2704  354.9935
     0.2410   -0.8348  314.6463  319.9564  325.2520  330.4423  335.5358  340.4903  345.2631  349.8130  354.1025  358.0968  361.7647  365.0786  368.0158  370.5439  372.5718  374.0953  375.1890  375.8556  376.0994  375.9271  375.3505  374.3835  373.0449  371.3547  369.3365  367.0153  364.3955  361.4558  358.2636  354.9835
     0.4820   -0.8348  314.6441  319.9535  325.2485  330.4378  335.5301  340.4831  345.2540  349.8016  354.0884  358.0795  361.7438  365.0538  367.9866  370.5107  372.5376  374.0570  375.1456  375.8063  376.0434  375.8637  375.2789  374.3031  372.9552  371.2552  369.2270  366.8954  364.2713  361.3394  358.1419  354.8593
     0.7230   -0.8348  314.1661  319.1338  324.0914  328.9471  333.7130  338.3513  342.8225  347.0884  351.1143  354.8678  358.3201  361.4453  364.2221  366.6307  368.6263  370.1044  371.1693  371.8377  372.1142  372.0049  371.5204  370.6732  369.4805  367.9604  366.1352  364.0272  361.6627  359.0697  356.2485  353.2852
     0.9640   -0.8348  313.7455  318.4134  323.0747  327.6372  332.1156  336.4762  340.6823  344.6984  348.4923  352.0339  355.2960  358.2547  360.8898  363.1843  365.1131  366.5945  367.6337  368.3011  368.6029  368.5450  368.1366  367.3895  366.3193  364.9429  363.2810  361.3549  359.1895  356.8111  354.2433  351.5894
     1.2050   -0.8348  313.2093  317.4932  321.7749  325.9619  330.0728  334.0787  337.9467  341.6447  345.1437  348.4163  351.4379  354.1867  356.6445  358.7952  360.6268  362.1095  363.1431  363.8165  364.1595  364.1775  363.8791  363.2744  362.3774  361.2033  359.7709  358.0995  356.2119  354.1318  351.8811  349.5610
    -1.0845   -1.0436  313.2097  317.4936  321.7753  325.9623  330.0731  334.0790  337.9468  341.6448  345.1436  348.4159  351.4373  354.1858  356.6432  358.7937  360.6250  362.1074  363.1412  363.8144  364.1572  364.1753  363.8770  363.2726  362.3761  361.2028  359.7714  358.1012  356.2150  354.1364  351.8872  349.5689
    -0.8435   -1.0436  313.7456  318.4135  323.0748  327.6373  332.1157  336.4763  340.6823  344.6982  348.4917  352.0326  355.2938  358.2511  360.8845  363.1771  365.1038  366.5843  367.6209  368.2855  368.5844  368.5234  368.1122  367.3624  366.2898  364.9114  363.2480  361.3209  359.1553  356.7772  354.2106  351.5590
    -0.6025   -1.0436  314.1639  319.1309  324.0877  328.9425  333.7072  338.3441  342.8135  347.0774  351.1010  354.8518  358.3010  361.4228  364.1958  366.6006  368.5949  370.0702  371.1308  371.7940  372.0644  371.9485  371.4568  370.6020  369.4012  367.8728  366.0391  363.9225  361.5494  358.9482  356.1244  353.1675
    -0.3615   -1.0436  314.1658  319.1335  324.0909  328.9466  333.7125  338.3510  342.8223  347.0886  351.1150  354.8691  358.3221  361.4481  364.2258  366.6351  368.6311  370.1096  371.1749  371.8433  372.1194  372.0093  371.5237  370.6752  369.4809  367.9592  366.1324  364.0229  361.6570  359.0629  356.2414  353.2783
    -0.1205   -1.0436  314.1661  319.1338  324.0912  328.9469  333.7128  338.3512  342.8226  347.0889  351.1155  354.8700  358.3235  361.4502  364.2287  366.6389  368.6353  370.1148  371.1817  371.8522  372.1307  372.0233  371.5405  370.6950  369.5038  367.9852  366.1615  364.0552  361.6924  359.1010  356.2799  353.3132
     0.1205   -1.0436  314.1666  319.1344  324.0920  328.9478  333.7138  338.3523  342.8238  347.0902  351.1168  354.8712  358.3247  361.4512  364.2295  366.6395  368.6359  370.1152  371.1816  371.8514  372.1291  372.0207  371.5368  370.6900  369.4973  367.9771  366.1515  364.0430  361.6780  359.0844  356.2624  353.2971
     0.3615   -1.0436  314.1656  319.1333  324.0907  328.9465  333.7124  338.3508  342.8221  347.0883  351.1146  354.8685  358.3213  361.4470  364.2243  366.6332  368.6289  370.1070  371.1717  371.8396  372.1152  372.0047  371.5186  370.6697  369.4751  367.9531  366.1262  364.0167  361.6511  359.0575  356.2367  353.2751
     0.6025   -1.0436  314.1632  319.1302  324.0869  328.9416  333.7062  338.3431  342.8125  347.0763  351.1000  354.8510  358.3005  361.4227  364.1963  366.6018  368.5965  370.0726  371.1342  371.7985  372.0701  371.9553  371.4645  370.6105  369.4103  367.8823  366.0486  363.9318  361.5581  358.9561  356.1311  353.1719
     0.8435   -1.0436  313.7451  318.4130  323.0743  327.6368  332.1152  336.4758  340.6818  344.6978  348.4913  352.0322  355.2935  358.2509  360.8843  363.1769  365.1034  366.5839  367.6201  368.2841  368.5822  368.5202  368.1077  367.3565  366.2823  364.9022  363.2372  361.3086  359.1417  356.7625  354.1948  351.5421
     1.0845   -1.0436  313.2082  317.4918  321.7733  325.9602  330.0709  334.0766  337.9445  341.6425  345.1416  348.4143  351.4364  354.1857  356.6440  358.7955  360.6280  362.1115  363.1455  363.8198  364.1635  364.1823  363.8845  363.2803  362.3836  361.2099  359.7777  358.1066  356.2194  354.1398  351.8898  349.5706
    -0.9640   -1.2523  313.2078  317.4913  321.7727  325.9594  330.0700  334.0757  337.9435  341.6416  345.1407  348.4136  351.4359  354.1855  356.6442  358.7962  360.6293  362.1133  363.1475  363.8222  364.1663  364.1854  363.8879  363.2838  362.3872  361.2134  359.7811  358.1097  356.2220  354.1418  351.8908  349.5704
    -0.7230   -1.2523  313.7443  318.4119  323.0728  327.6348  332.1126  336.4724  340.6774  344.6922  348.4844  352.0238  355.2834  358.2391  360.8709  363.1617  365.0871  366.5679  367.6031  368.2659  368.5630  368.4999  368.0865  367.3344  366.2593  364.8782  363.2119  361.2817  359.1129  356.7313  354.1611  351.5055
    -0.4820   -1.2523  313.7453  318.4131  323.0743  327.6366  332.1149  336.4754  340.6813  344.6972  348.4909  352.0321  355.2939  358.2522  360.8869  363.1811  365.1096  366.5912  367.6300  368.2969  368.5982  368.5396  368.1307  367.3830  366.3123  364.9355  363.2735  361.3477  359.1829  356.8052  354.2382  351.5851
    -0.2410   -1.2523  313.7454  318.4133  323.0745  327.6370  332.1154  336.4760  340.6821  344.6983  348.4922  352.0337  355.2956  358.2539  360.8885  363.1823  365.1102  366.5913  367.6294  368.2956  368.5963  368.5371  368.1278  367.3799  366.3091  364.9324  363.2707  361.3451  359.1808  356.8037  354.2374  351.5852
     0.0000   -1.2523  313.7465  318.4146  323.0761  327.6388  332.1174  336.4782  340.6843  344.7003  348.4939  352.0348  355.2961  358.2536  360.8872  363.1801  365.1071  366.5878  367.6251  368.2907  368.5909  368.5314  368.1218  367.3738  366.3029  364.9262  363.2644  361.3387  359.1741  356.7967  354.2301  351.5775
     0.2410   -1.2523  313.7460  318.4141  323.0754  327.6380  332.1166  336.4773  340.6834  344.6995  348.4932  352.0343  355.2959  358.2536  360.8876  363.1808  365.1082  366.5891  367.6267  368.2923  368.5923  368.5325  368.1225  367.3739  366.3024  364.9251  363.2629  361.3370  359.1728  356.7963  354.2313  351.5815
     0.4820   -1.2523  313.7443  318.4121  323.0731  327.6354  332.1136  336.4740  340.6799  344.6959  348.4897  352.0311  355.2931  358.2516  360.8866  363.1811  365.1099  366.5917  367.6310  368.2984  368.6004  368.5426  368.1347  367.3881  366.3185  364.9428  363.2818  361.3566  359.1921  356.8144  354.2472  351.5938
     0.7230   -1.2523  313.7440  318.4116  323.0724  327.6344  332.1122  336.4720  340.6769  344.6916  348.4838  352.0230  355.2825  358.2380  360.8695  363.1601  365.0853  366.5659  367.6010  368.2635  368.5602  368.4969  368.0831  367.3306  366.2551  364.8736  363.2068  361.2762  359.1068  356.7246  354.1539  351.4978
     0.9640   -1.2523  313.2079  317.4916  321.7731  325.9600  330.0707  334.0766  337.9445  341.6425  345.1415  348.4142  351.4360  354.1850  356.6430  358.7940  360.6260  362.1089  363.1426  363.8160  364.1588  364.1766  363.8777  363.2725  362.3750  361.2004  359.7677  358.0961  356.2086  354.1289  351.8787  349.5595
    -0.6025   -1.4610  313.2086  317.4922  321.7737  325.9606  330.0713  334.0771  337.9450  341.6430  345.1419  348.4145  351.4362  354.1849  356.6426  358.7934  360.6249  362.1075  363.1411  363.8141  364.1567  364.1742  363.8753  363.2701  362.3728  361.1984  359.7660  358.0946  356.2073  354.1276  351.8771  349.5572
    -0.3615   -1.4610  313.2080  317.4916  321.7730  325.9598  330.0706  334.0764  337.9443  341.6424  345.1416  348.4145  351.4366  354.1859  356.6443  358.7958  360.6282  362.1116  363.1454  363.8195  364.1630  364.1816  363.8835  363.2790  362.3821  361.2079  359.7754  358.1037  356.2160  354.1359  351.8855  349.5664
    -0.1205   -1.4610  313.2084  317.4920  321.7735  325.9604  330.0712  334.0771  337.9450  341.6432  345.1424  348.4153  351.4375  354.1869  356.6453  358.7968  360.6291  362.1124  363.1461  363.8199  364.1632  364.1814  363.8830  363.2782  362.3811  361.2071  359.7748  358.1038  356.2170  354.1380  351.8888  349.5707
     0.1205   -1.4610  313.2090  317.4927  321.7744  325.9614  330.0723  334.0782  337.9461  341.6442  345.1433  348.4159  351.4377  354.1865  356.6443  358.7950  360.6266  362.1091  363.1424  363.8154  364.1578  364.1753  363.8762  363.2708  362.3732  361.1986  359.7659  358.0943  356.2069  354.1272  351.8771  349.5580
     0.3615   -1.4610  313.2082  317.4918  321.7733  325.9602  330.0710  334.0769  337.9448  341.6429  345.1421  348.4149  351.4369  354.1860  356.6442  358.7954  360.6275  362.1106  363.1443  363.8180  364.1613  364.1795  363.8813  363.2767  362.3797  361.2056  359.7732  358.1018  356.2142  354.1340  351.8833  349.5633
     0.6025   -1.4610  313.2080  317.4916  321.7732  325.9601  330.0709  334.0767  337.9447  341.6428  345.1419  348.4145  351.4364  354.1853  356.6432  358.7941  360.6258  362.1084  363.1418  363.8148  364.1572  364.1745  363.8751  363.2694  362.3713  361.1961  359.7628  358.0906  356.2026  354.1223  351.8717  349.5520
