    -0.602500    1.460985    4.322713    4.327039    4.335873    4.346259    4.358330    4.371037    4.384205    4.397831    4.411861    4.426269    4.441016    4.456055    4.471374    4.486912    4.502711    4.518486    4.536914    4.558299    4.579955    4.601127    4.621847    4.641977    4.661524    4.680352    4.698471    4.715763    4.732231    4.747782    4.762378    4.776482
     4.783548   -0.361500    1.460985    4.323201    4.327523    4.336331    4.346688    4.358707    4.371353    4.384438    4.397979    4.411897    4.426199    4.440814    4.455736    4.470914    4.486336    4.501999    4.517672    4.535952    4.557214    4.578720    4.599782    4.620363    4.640409    4.659857    4.678655    4.696747    4.714085    4.730617    4.746298    4.761037
     4.775313    4.782489   -0.120500    1.460985    4.320875    4.325232    4.334035    4.344462    4.356576    4.369394    4.382661    4.396444    4.410606    4.425194    4.440098    4.455339    4.470840    4.486598    4.502597    4.518596    4.537213    4.558775    4.580565    4.601862    4.622680    4.642895    4.662516    4.681402    4.699587    4.716929    4.733489    4.749130
     4.763896    4.778171    4.785443    0.120500    1.460985    4.319716    4.324076    4.332973    4.343477    4.355718    4.368641    4.382065    4.395977    4.410316    4.425052    4.440145    4.455544    4.471242    4.487165    4.503361    4.519522    4.538334    4.560058    4.582015    4.603446    4.624394    4.644704    4.664393    4.683308    4.701475    4.718768    4.735216
     4.750737    4.765315    4.779409    4.786506    0.361500    1.460985    4.321202    4.325531    4.334321    4.344693    4.356749    4.369485    4.382682    4.396386    4.410487    4.425019    4.439885    4.455096    4.470587    4.486346    4.502367    4.518402    4.537075    4.558710    4.580600    4.602007    4.622945    4.643281    4.663015    4.681999    4.700256    4.717647
     4.734217    4.749849    4.764568    4.778801    4.786023    0.602500    1.460985    4.319867    4.324204    4.333040    4.343464    4.355588    4.368381    4.381646    4.395407    4.409579    4.424169    4.439106    4.454383    4.469947    4.485778    4.501871    4.517987    4.536735    4.558475    4.580474    4.602017    4.623082    4.643571    4.663437    4.682579    4.700960
     4.718490    4.735147    4.750865    4.765591    4.779806    4.786932   -0.964000    1.252273    4.324440    4.328779    4.337549    4.347900    4.359887    4.372535    4.385593    4.399133    4.413021    4.427306    4.441875    4.456751    4.471857    4.487193    4.502748    4.518290    4.536437    4.557548    4.578925    4.599818    4.620258    4.640107    4.659393    4.677961
     4.695869    4.712957    4.729301    4.744745    4.759341    4.773459    4.780619   -0.723000    1.252273    4.323858    4.328218    4.337138    4.347767    4.360038    4.373040    4.386481    4.400487    4.414860    4.429699    4.444820    4.460291    4.475945    4.491809    4.507665    4.524927    4.545492    4.567924    4.590169    4.612042    4.633449    4.654250    4.674436
     4.693855    4.712559    4.730366    4.747367    4.763338    4.778374    4.792693    4.800103   -0.482000    1.252273    4.322241    4.326595    4.335547    4.346187    4.358478    4.371497    4.384974    4.399037    4.413489    4.428447    4.443709    4.459367    4.475232    4.491364    4.507527    4.525191    4.546204    4.568962    4.591496    4.613643    4.635301    4.656331
     4.676710    4.696290    4.715109    4.733001    4.750043    4.766057    4.781125    4.795477    4.802963   -0.241000    1.252273    4.322170    4.326574    4.335661    4.346454    4.358983    4.372207    4.385953    4.400216    4.414918    4.430033    4.445498    4.461260    4.477276    4.493464    4.509724    4.527423    4.548487    4.571174    4.593643    4.615658    4.637188
     4.658045    4.678250    4.697634    4.716249    4.733939    4.750778    4.766626    4.781552    4.795836    4.803384    0.000000    1.252273    4.320768    4.325132    4.334120    4.344826    4.357237    4.370389    4.384034    4.398248    4.412871    4.427965    4.443381    4.459162    4.475176    4.491434    4.507750    4.525556    4.546707    4.569546    4.592143    4.614334
     4.636027    4.657089    4.677486    4.697085    4.715903    4.733811    4.750874    4.766967    4.782172    4.796735    4.804417    0.241000    1.252273    4.320583    4.324992    4.334117    4.344933    4.357493    4.370748    4.384532    4.398834    4.413578    4.428743    4.444259    4.460092    4.476176    4.492461    4.508810    4.526620    4.547774    4.570604    4.593185
     4.615370    4.637040    4.658107    4.678488    4.698114    4.716931    4.734881    4.751939    4.768046    4.783186    4.797664    4.805249    0.482000    1.252273    4.321626    4.326014    4.335180    4.345981    4.358544    4.371761    4.385543    4.399800    4.414540    4.429651    4.445157    4.460921    4.476978    4.493169    4.509457    4.527155    4.548247    4.570983
     4.593525    4.615629    4.637250    4.658225    4.678528    4.698039    4.716739    4.734548    4.751452    4.767403    4.782360    4.796671    4.804045    0.723000    1.252273    4.317984    4.322360    4.331256    4.341949    4.354319    4.367514    4.381181    4.395514    4.410250    4.425558    4.441190    4.457275    4.473586    4.490189    4.506814    4.524902    4.546314
     4.569587    4.592673    4.615353    4.637554    4.659081    4.679955    4.699956    4.719182    4.737389    4.754737    4.770957    4.786222    4.800704    4.808244    0.964000    1.252273    4.318502    4.322842    4.331704    4.342153    4.354322    4.367168    4.380511    4.394353    4.408629    4.423327    4.438397    4.453807    4.469532    4.485525    4.501806    4.518107
     4.537075    4.559031    4.581253    4.603010    4.624292    4.644980    4.665034    4.684336    4.702853    4.720493    4.737229    4.753005    4.767758    4.781982    4.789092   -1.084500    1.043561    4.325065    4.329395    4.338192    4.348544    4.360551    4.373192    4.386262    4.399782    4.413666    4.427914    4.442460    4.457282    4.472351    4.487623    4.503132
     4.518602    4.536698    4.557728    4.579013    4.599804    4.620141    4.639888    4.659068    4.677542    4.695354    4.712370    4.728648    4.744061    4.758625    4.772722    4.779827   -0.843500    1.043561    4.322170    4.326535    4.335511    4.346178    4.358494    4.371539    4.385033    4.399102    4.413547    4.428483    4.443711    4.459321    4.475129    4.491191
     4.507274    4.524834    4.545728    4.568369    4.590774    4.612792    4.634312    4.655206    4.675441    4.694880    4.713552    4.731307    4.748222    4.764144    4.779162    4.793519    4.801023   -0.602500    1.043561    4.320785    4.325272    4.334599    4.345754    4.358701    4.372401    4.386692    4.401537    4.416881    4.432639    4.448789    4.465192    4.481851
     4.498573    4.515284    4.535113    4.558205    4.581638    4.604904    4.627628    4.649862    4.671307    4.692069    4.711896    4.730919    4.748920    4.766043    4.782074    4.796923    4.812254    4.820535   -0.361500    1.043561    4.321329    4.325815    4.335206    4.346368    4.359304    4.372949    4.387170    4.401923    4.417155    4.432793    4.448799    4.465074
     4.481597    4.498250    4.514987    4.534988    4.558197    4.581662    4.604904    4.627670    4.649922    4.671453    4.692265    4.712192    4.731267    4.749373    4.766594    4.782796    4.797741    4.813906    4.822716   -0.120500    1.043561    4.322245    4.326733    4.336061    4.347153    4.359945    4.373429    4.387412    4.401929    4.416856    4.432216    4.447890
     4.463888    4.480096    4.496526    4.512990    4.532807    4.555798    4.579118    4.602175    4.624844    4.646982    4.668493    4.689277    4.709269    4.728412    4.746668    4.764053    4.780475    4.795671    4.811941    4.820822    0.120500    1.043561    4.321328    4.325831    4.335129    4.346252    4.359100    4.372684    4.386792    4.401462    4.416566    4.432111
     4.447995    4.464194    4.480633    4.497263    4.513981    4.534014    4.557244    4.580750    4.604035    4.626871    4.649224    4.670878    4.691851    4.711943    4.731227    4.749522    4.766984    4.783386    4.798591    4.814939    4.823975    0.361500    1.043561    4.318186    4.322640    4.331825    4.342871    4.355625    4.369186    4.383267    4.398002    4.413176
     4.428895    4.444959    4.461434    4.478148    4.495125    4.512161    4.532552    4.556165    4.580096    4.603805    4.627059    4.649806    4.671820    4.693122    4.713491    4.733013    4.751487    4.769078    4.785558    4.800793    4.817178    4.826160    0.602500    1.043561    4.318561    4.323013    4.332239    4.343306    4.356115    4.369723    4.383877    4.398657
     4.413883    4.429615    4.445686    4.462125    4.478776    4.495632    4.512417    4.532469    4.555763    4.579557    4.603153    4.626350    4.649031    4.671021    4.692286    4.712646    4.732131    4.750566    4.768055    4.784414    4.799571    4.815157    4.823582    0.843500    1.043561    4.319621    4.324029    4.333084    4.343867    4.356390    4.369656    4.383457
     4.397818    4.412642    4.427914    4.443575    4.459560    4.475847    4.492316    4.508902    4.526917    4.548357    4.571433    4.594352    4.616793    4.638795    4.660083    4.680747    4.700528    4.719551    4.737570    4.754736    4.770814    4.785946    4.800323    4.807850    1.084500    1.043561    4.318165    4.322494    4.331329    4.341772    4.353928    4.366787
     4.380136    4.394011    4.408307    4.423042    4.438126    4.453561    4.469284    4.485281    4.501540    4.517821    4.536727    4.558608    4.580726    4.602376    4.623532    4.644101    4.664032    4.683228    4.701655    4.719230    4.735933    4.751707    4.766502    4.780793    4.787982   -1.205000    0.834848    4.324657    4.328989    4.337815    4.348184    4.360234
     4.372904    4.386028    4.399594    4.413551    4.427872    4.442521    4.457452    4.472653    4.488064    4.503724    4.519346    4.537593    4.558763    4.580159    4.601053    4.621460    4.641263    4.660454    4.678922    4.696669    4.713605    4.729742    4.745020    4.759417    4.773416    4.780515   -0.964000    0.834848    4.321206    4.325591    4.334554    4.345271
     4.357672    4.370826    4.384448    4.398654    4.413245    4.428324    4.443699    4.459449    4.475401    4.491604    4.507827    4.525539    4.546561    4.569286    4.591735    4.613786    4.635305    4.656201    4.676411    4.695844    4.714498    4.732271    4.749217    4.765209    4.780332    4.794823    4.802525   -0.723000    0.834848    4.322878    4.327311    4.336549
     4.347521    4.360162    4.373511    4.387361    4.401786    4.416635    4.431964    4.447621    4.463637    4.479871    4.496336    4.512848    4.532715    4.555784    4.579197    4.602378    4.625150    4.647409    4.668998    4.689879    4.709909    4.729109    4.747352    4.764732    4.781072    4.796141    4.812432    4.821280   -0.482000    0.834848    4.318629    4.323178
     4.332693    4.344158    4.357386    4.371431    4.386048    4.401316    4.417045    4.433288    4.449857    4.466774    4.483841    4.500972    4.519564    4.541869    4.566427    4.590946    4.615183    4.638964    4.662163    4.684622    4.706288    4.726996    4.746747    4.765363    4.782631    4.799655    4.817917    4.836876    4.846360   -0.241000    0.834848    4.318926
     4.323518    4.333111    4.344645    4.357950    4.372048    4.386719    4.402001    4.417744    4.433957    4.450509    4.467372    4.484434    4.501573    4.520336    4.542882    4.567555    4.592070    4.616336    4.640086    4.663305    4.685723    4.707392    4.728042    4.747788    4.766398    4.783660    4.801381    4.820286    4.839687    4.849467    0.000000    0.834848
     4.318090    4.322614    4.332153    4.343604    4.356797    4.370787    4.385349    4.400550    4.416220    4.432397    4.448925    4.465805    4.482901    4.500119    4.518963    4.541627    4.566392    4.591003    4.615338    4.639171    4.662436    4.684917    4.706599    4.727289    4.747022    4.765685    4.782974    4.800777    4.819719    4.839259    4.849003    0.241000
     0.834848    4.319896    4.324446    4.334023    4.345464    4.358623    4.372531    4.386986    4.402049    4.417558    4.433562    4.449889    4.466574    4.483439    4.500446    4.519022    4.541455    4.565992    4.590447    4.614607    4.638334    4.661478    4.683905    4.705525    4.726209    4.745928    4.764598    4.781892    4.799573    4.818416    4.837863    4.847624
     0.482000    0.834848    4.319667    4.324216    4.333780    4.345241    4.358458    4.372446    4.387014    4.402194    4.417852    4.433993    4.450488    4.467305    4.484310    4.501356    4.519903    4.542139    4.566674    4.591146    4.615381    4.639141    4.662360    4.684815    4.706506    4.727207    4.746960    4.765547    4.782776    4.799777    4.817993    4.836870
     4.846220    0.723000    0.834848    4.317059    4.321511    4.330775    4.341872    4.354714    4.368344    4.382534    4.397357    4.412646    4.428460    4.444630    4.461195    4.477997    4.495056    4.512167    4.532643    4.556310    4.580317    4.604071    4.627406    4.650200    4.672304    4.693661    4.714133    4.733727    4.752323    4.770011    4.786624    4.801961
     4.818433    4.827427    0.964000    0.834848    4.320897    4.325290    4.334316    4.345032    4.357412    4.370508    4.384073    4.398203    4.412730    4.427740    4.443069    4.458784    4.474735    4.490959    4.507244    4.525024    4.546152    4.569017    4.591641    4.613891    4.635640    4.656785    4.677253    4.696939    4.715816    4.733788    4.750870    4.766967
     4.782106    4.796574    4.804156    1.205000    0.834848    4.321750    4.326085    4.334929    4.345339    4.357454    4.370207    4.383435    4.397124    4.411224    4.425707    4.440544    4.455686    4.471131    4.486813    4.502778    4.518722    4.537334    4.558882    4.580677    4.601974    4.622804    4.643026    4.662644    4.681520    4.699664    4.716965    4.733436
     4.748995    4.763616    4.777768    4.784913   -1.325500    0.626136    4.322839    4.327174    4.336009    4.346403    4.358490    4.371223    4.384419    4.398079    4.412135    4.426571    4.441341    4.456408    4.471752    4.487324    4.503154    4.518964    4.537420    4.558816    4.580456    4.601609    4.622304    4.642403    4.661918    4.680699    4.698777    4.716011
     4.732456    4.747991    4.762643    4.776810    4.783976   -1.084500    0.626136    4.320212    4.324622    4.333641    4.344417    4.356893    4.370122    4.383841    4.398148    4.412878    4.428101    4.443673    4.459620    4.475831    4.492278    4.508806    4.526797    4.548156    4.571137    4.593898    4.616169    4.637952    4.659001    4.679382    4.698859    4.717542
     4.735223    4.752045    4.767835    4.782731    4.796976    4.804521   -0.843500    0.626136    4.323041    4.327565    4.336901    4.348028    4.360889    4.374453    4.388554    4.403175    4.418253    4.433727    4.449568    4.465671    4.482046    4.498552    4.515178    4.535057    4.558155    4.581466    4.604580    4.627193    4.649341    4.670752    4.691503    4.711358
     4.730428    4.748525    4.765814    4.782069    4.797125    4.813424    4.822426   -0.602500    0.626136    4.319716    4.324291    4.333866    4.345355    4.358603    4.372620    4.387227    4.402441    4.418154    4.434335    4.450899    4.467764    4.484870    4.502026    4.520852    4.543423    4.568147    4.592673    4.616970    4.640709    4.663929    4.686311    4.707949
     4.728545    4.748238    4.766786    4.783972    4.801636    4.820455    4.839762    4.849486   -0.361500    0.626136    4.316990    4.321583    4.331337    4.343084    4.356567    4.370859    4.385732    4.401280    4.417298    4.433862    4.450756    4.468029    4.485459    4.502926    4.523387    4.547731    4.573115    4.598393    4.623325    4.647753    4.671511    4.694454
     4.716465    4.737407    4.757215    4.775378    4.794532    4.815292    4.835791    4.856242    4.866340   -0.120500    0.626136    4.317051    4.321742    4.331568    4.343477    4.357190    4.371741    4.386905    4.402724    4.419040    4.435844    4.453010    4.470472    4.488152    4.505782    4.526595    4.551216    4.576743    4.602001    4.626956    4.651284    4.675002
     4.697793    4.719716    4.740479    4.760224    4.778196    4.797905    4.819082    4.839787    4.860299    4.870542    0.120500    0.626136    4.315593    4.320228    4.330022    4.341878    4.355534    4.370039    4.385171    4.400977    4.417285    4.434101    4.451274    4.468772    4.486471    4.504162    4.524998    4.549692    4.575270    4.600640    4.625676    4.650156
     4.673997    4.696987    4.719085    4.740088    4.760052    4.778288    4.798223    4.819674    4.840645    4.861426    4.871746    0.361500    0.626136    4.316112    4.320753    4.330557    4.342425    4.356124    4.370660    4.385838    4.401666    4.418011    4.434841    4.452044    4.469545    4.487246    4.504885    4.525597    4.550092    4.575657    4.601027    4.626101
     4.650581    4.674442    4.697400    4.719469    4.740374    4.760170    4.778207    4.797317    4.817933    4.838285    4.858607    4.868753    0.602500    0.626136    4.319177    4.323745    4.333365    4.344873    4.358171    4.372225    4.386895    4.402152    4.417918    4.434128    4.450720    4.467592    4.484697    4.501844    4.520637    4.543179    4.567843    4.592328
     4.616556    4.640268    4.663435    4.685821    4.707436    4.728070    4.747772    4.766389    4.783636    4.801335    4.820182    4.839583    4.849306    0.843500    0.626136    4.318610    4.323059    4.332380    4.343492    4.356347    4.369947    4.384119    4.398892    4.414148    4.429889    4.446003    4.462467    4.479186    4.496116    4.513125    4.533455    4.556952
     4.580717    4.604220    4.627270    4.649787    4.671608    4.692702    4.712931    4.732313    4.750742    4.768304    4.784831    4.800087    4.816492    4.825429    1.084500    0.626136    4.320275    4.324694    4.333751    4.344570    4.357129    4.370438    4.384263    4.398646    4.413461    4.428715    4.444315    4.460232    4.476404    4.492761    4.509190    4.527050
     4.548268    4.571103    4.593721    4.615869    4.637546    4.658532    4.678885    4.698379    4.717126    4.734903    4.751860    4.767776    4.782816    4.797169    4.804805    1.325500    0.626136    4.322152    4.326457    4.335291    4.345662    4.357703    4.370379    4.383512    4.397113    4.411115    4.425508    4.440240    4.455285    4.470612    4.486177    4.502000
     4.517810    4.536231    4.557599    4.579212    4.600346    4.621002    4.641083    4.660560    4.679332    4.697379    4.714618    4.731034    4.746572    4.761177    4.775323    4.782407   -1.446000    0.417424    4.319912    4.324272    4.333070    4.343514    4.355648    4.368497    4.381797    4.395618    4.409821    4.424453    4.439403    4.454689    4.470240    4.486048
     4.502105    4.518167    4.536856    4.558502    4.580400    4.601823    4.622783    4.643156    4.662931    4.681975    4.700293    4.717765    4.734423    4.750166    4.764999    4.779336    4.786595   -1.205000    0.417424    4.320403    4.324808    4.333708    4.344403    4.356742    4.369875    4.383433    4.397616    4.412156    4.427231    4.442595    4.458389    4.474394
     4.490700    4.507053    4.524937    4.546171    4.569131    4.591872    4.614228    4.636119    4.657378    4.678011    4.697821    4.716889    4.734986    4.752276    4.768499    4.783863    4.798471    4.806275   -0.964000    0.417424    4.317198    4.321644    4.330917    4.341997    4.354794    4.368353    4.382448    4.397156    4.412308    4.427972    4.443979    4.460386
     4.477026    4.493955    4.510930    4.531320    4.554869    4.578791    4.602436    4.625732    4.648476    4.670617    4.692009    4.712609    4.732337    4.751161    4.769101    4.786035    4.801695    4.818509    4.827688   -0.723000    0.417424    4.315183    4.319717    4.329239    4.340708    4.353909    4.367935    4.382525    4.397804    4.413550    4.429868    4.446532
     4.463622    4.480914    4.498404    4.517481    4.540447    4.565481    4.590428    4.615062    4.639255    4.662848    4.685708    4.707743    4.728820    4.748917    4.767945    4.785567    4.803629    4.822762    4.842350    4.852123   -0.482000    0.417424    4.316045    4.320630    4.330383    4.342104    4.355563    4.369829    4.384696    4.400236    4.416267    4.432842
     4.449771    4.467083    4.484601    4.502187    4.522896    4.547537    4.573065    4.598451    4.623488    4.648027    4.671910    4.694992    4.717164    4.738294    4.758377    4.776808    4.796840    4.818416    4.839515    4.860368    4.870639   -0.241000    0.417424    4.314812    4.319506    4.329479    4.341545    4.355407    4.370116    4.385456    4.401482    4.418005
     4.435057    4.452450    4.470187    4.488059    4.506424    4.528545    4.554330    4.580439    4.606381    4.631950    4.656962    4.681273    4.704680    4.727082    4.748261    4.767872    4.788267    4.810862    4.834121    4.856117    4.877103    4.887594    0.000000    0.417424    4.315779    4.320519    4.330604    4.342750    4.356690    4.371422    4.386780    4.402787
     4.419296    4.436316    4.453690    4.471406    4.489293    4.507715    4.529969    4.555850    4.582002    4.607937    4.633489    4.658434    4.682647    4.705900    4.728099    4.749049    4.768401    4.788847    4.811636    4.834854    4.856671    4.877499    4.887871    0.241000    0.417424    4.315454    4.320145    4.330166    4.342241    4.356112    4.370802    4.386129
     4.402127    4.418637    4.435669    4.453056    4.470779    4.488648    4.506993    4.529101    4.554851    4.580926    4.606803    4.632296    4.657204    4.681391    4.704658    4.726895    4.747916    4.767347    4.787587    4.810004    4.833127    4.854958    4.875803    4.886175    0.482000    0.417424    4.316249    4.320870    4.330581    4.342300    4.355737    4.370012
     4.384846    4.400389    4.416383    4.432962    4.449856    4.467176    4.484668    4.502272    4.522958    4.547614    4.573134    4.598536    4.623569    4.648116    4.671991    4.695065    4.717214    4.738310    4.758354    4.776737    4.796728    4.818272    4.839391    4.860324    4.870708    0.723000    0.417424    4.317597    4.322176    4.331802    4.343341    4.356668
     4.370775    4.385490    4.400819    4.416646    4.432953    4.449631    4.466635    4.483869    4.501198    4.520163    4.542920    4.567761    4.592428    4.616809    4.640671    4.663962    4.686461    4.708169    4.728882    4.748661    4.767358    4.784703    4.802531    4.821495    4.840954    4.850715    0.964000    0.417424    4.320190    4.324674    4.334000    4.345131
     4.358015    4.371637    4.385819    4.400564    4.415775    4.431422    4.447430    4.463741    4.480306    4.497045    4.513860    4.533961    4.557227    4.580740    4.603988    4.626768    4.649012    4.670556    4.691373    4.711337    4.730466    4.748677    4.766050    4.782453    4.797661    4.814037    4.823036    1.205000    0.417424    4.322224    4.326616    4.335624
     4.346322    4.358660    4.371686    4.385143    4.399157    4.413532    4.428403    4.443550    4.459108    4.474848    4.490893    4.506937    4.524489    4.545315    4.567928    4.590221    4.612184    4.633567    4.654393    4.674470    4.693825    4.712319    4.729989    4.746742    4.762612    4.777527    4.791914    4.799469    1.446000    0.417424    4.322096    4.326441
     4.335239    4.345665    4.357784    4.370581    4.383831    4.397569    4.411695    4.426217    4.441066    4.456218    4.471640    4.487281    4.503167    4.519009    4.537475    4.558850    4.580458    4.601540    4.622142    4.642112    4.661479    4.680086    4.697984    4.715029    4.731290    4.746646    4.761149    4.775232    4.782413   -1.566500    0.208712    4.322146
     4.326437    4.335201    4.345499    4.357435    4.370020    4.383036    4.396541    4.410422    4.424724    4.439348    4.454323    4.469571    4.485108    4.500910    4.516765    4.535265    4.556790    4.578615    4.600020    4.620991    4.641414    4.661259    4.680391    4.698804    4.716363    4.733096    4.748882    4.763721    4.778001    4.785134   -1.325500    0.208712
     4.320220    4.324642    4.333677    4.344472    4.356978    4.370238    4.383993    4.398321    4.413067    4.428285    4.443846    4.459763    4.475934    4.492324    4.508792    4.526731    4.548065    4.571069    4.593903    4.616299    4.638251    4.659512    4.680142    4.699889    4.718857    4.736805    4.753888    4.769891    4.784987    4.799382    4.806991   -1.084500
     0.208712    4.319464    4.323927    4.333278    4.344385    4.357235    4.370803    4.384939    4.399633    4.414814    4.430449    4.446475    4.462830    4.479465    4.496296    4.513235    4.533496    4.556997    4.580799    4.604406    4.627575    4.650257    4.672238    4.693515    4.713893    4.733409    4.751902    4.769477    4.785956    4.801140    4.817398    4.826226
    -0.843500    0.208712    4.318045    4.322630    4.332208    4.343726    4.357006    4.371085    4.385761    4.401073    4.416895    4.433212    4.449929    4.466968    4.484270    4.501631    4.520689    4.543492    4.568461    4.593220    4.617772    4.641751    4.665234    4.687859    4.709760    4.730587    4.750516    4.769255    4.786611    4.804482    4.823468    4.842825
     4.852561   -0.602500    0.208712    4.315631    4.320314    4.330179    4.342101    4.355854    4.370430    4.385665    4.401544    4.417967    4.434869    4.452184    4.469792    4.487672    4.505499    4.526572    4.551444    4.577262    4.602798    4.628074    4.652692    4.676737    4.699804    4.722032    4.743028    4.763024    4.781148    4.801093    4.822432    4.843246
     4.863788    4.874027   -0.361500    0.208712    4.313347    4.318047    4.328064    4.340186    4.354124    4.368905    4.384347    4.400490    4.417172    4.434400    4.452008    4.469972    4.488114    4.506792    4.529292    4.555393    4.581733    4.607837    4.633524    4.658594    4.682899    4.706258    4.728541    4.749618    4.769099    4.789718    4.812695    4.836179
     4.858265    4.879378    4.889860   -0.120500    0.208712    4.313481    4.318229    4.328350    4.340642    4.354800    4.369838    4.385582    4.402026    4.419037    4.436553    4.454471    4.472670    4.491041    4.510378    4.533791    4.560379    4.587076    4.613417    4.639376    4.664585    4.689051    4.712415    4.734693    4.755530    4.775059    4.797290    4.822267
     4.846273    4.868576    4.889731    4.900316    0.120500    0.208712    4.311863    4.316605    4.326691    4.338968    4.353077    4.368089    4.383765    4.400177    4.417109    4.434601    4.452440    4.470630    4.488936    4.508270    4.531606    4.558227    4.584894    4.611312    4.637282    4.662615    4.687141    4.710672    4.733057    4.754110    4.773706    4.796109
     4.821239    4.845458    4.867930    4.889313    4.899940    0.361500    0.208712    4.314137    4.318856    4.328819    4.340943    4.354907    4.369765    4.385300    4.401542    4.418330    4.435636    4.453334    4.471334    4.489539    4.508229    4.530792    4.556871    4.583253    4.609314    4.635031    4.660041    4.684368    4.707651    4.729944    4.750924    4.770385
     4.790923    4.813906    4.837257    4.859311    4.880337    4.890920    0.602500    0.208712    4.314298    4.318900    4.328724    4.340525    4.354111    4.368513    4.383560    4.399293    4.415556    4.432369    4.449564    4.467141    4.484941    4.502793    4.523786    4.548686    4.574455    4.600050    4.625280    4.649978    4.674000    4.697191    4.719452    4.740644
     4.760771    4.779215    4.799304    4.820927    4.842016    4.862837    4.873029    0.843500    0.208712    4.316994    4.321564    4.330995    4.342447    4.355639    4.369711    4.384342    4.399693    4.415503    4.431893    4.448620    4.465751    4.483078    4.500550    4.519629    4.542526    4.567526    4.592372    4.616946    4.640986    4.664474    4.687121    4.709004
     4.729815    4.749718    4.768436    4.785820    4.803609    4.822601    4.842076    4.852015    1.084500    0.208712    4.322388    4.326832    4.336148    4.347198    4.359978    4.373457    4.387494    4.402068    4.417116    4.432583    4.448422    4.464548    4.480934    4.497466    4.514082    4.533961    4.557058    4.580414    4.603562    4.626238    4.648436    4.669922
     4.690738    4.710670    4.729803    4.747947    4.765251    4.781486    4.796474    4.812616    4.821366    1.325500    0.208712    4.324218    4.328568    4.337649    4.348345    4.360744    4.373783    4.387337    4.401373    4.415856    4.430733    4.445975    4.461504    4.477301    4.493256    4.509286    4.526727    4.547541    4.570002    4.592262    4.614071    4.635404
     4.656070    4.676082    4.695273    4.713684    4.731175    4.747807    4.763463    4.778190    4.792281    4.799584    1.566500    0.208712    4.324095    4.328403    4.337199    4.347524    4.359490    4.372072    4.385074    4.398530    4.412352    4.426560    4.441075    4.455905    4.470985    4.486313    4.501869    4.517434    4.535582    4.556718    4.578112    4.599058
     4.619525    4.639441    4.658753    4.677379    4.695281    4.712387    4.728677    4.744094    4.758590    4.772640    4.779670   -1.446000    0.000000    4.320770    4.325171    4.334193    4.344960    4.357455    4.370702    4.384453    4.398770    4.413503    4.428697    4.444219    4.460084    4.476176    4.492465    4.508776    4.526506    4.547561    4.570423    4.593119
     4.615413    4.637244    4.658426    4.678961    4.698657    4.717564    4.735490    4.752535    4.768515    4.783531    4.797834    4.805254   -1.205000    0.000000    4.318403    4.322873    4.332120    4.343222    4.356073    4.369729    4.383932    4.398757    4.414030    4.429804    4.445922    4.462402    4.479099    4.495987    4.512820    4.532910    4.556246    4.580055
     4.603683    4.626901    4.649626    4.671656    4.692987    4.713406    4.732975    4.751479    4.769054    4.785474    4.800666    4.816393    4.824867   -0.964000    0.000000    4.316630    4.321163    4.330654    4.342106    4.355306    4.369345    4.383960    4.399263    4.415043    4.431385    4.448079    4.465169    4.482445    4.499826    4.518709    4.541328    4.566237
     4.591110    4.615737    4.639887    4.663479    4.686283    4.708297    4.729277    4.749279    4.768070    4.785497    4.802619    4.820993    4.840050    4.849588   -0.723000    0.000000    4.314331    4.318904    4.328592    4.340280    4.353671    4.367918    4.382716    4.398252    4.414222    4.430816    4.447696    4.465046    4.482499    4.500096    4.520600    4.545101
     4.570580    4.596074    4.621156    4.645876    4.669876    4.693206    4.715570    4.736997    4.757266    4.776000    4.795683    4.817060    4.838181    4.859205    4.869590   -0.482000    0.000000    4.313529    4.318193    4.328160    4.340226    4.354105    4.368849    4.384258    4.400376    4.417030    4.434227    4.451802    4.469718    4.487798    4.506363    4.528713
     4.554683    4.580988    4.607071    4.632784    4.657882    4.682269    4.705710    4.728133    4.749321    4.768933    4.789407    4.812098    4.835488    4.857603    4.878657    4.889115   -0.241000    0.000000    4.310902    4.315629    4.325650    4.337885    4.351919    4.366887    4.382500    4.398904    4.415820    4.433364    4.451252    4.469561    4.487988    4.507505
     4.531035    4.557895    4.584816    4.611505    4.637771    4.663386    4.688222    4.712013    4.734683    4.755921    4.775795    4.798356    4.823656    4.847917    4.870453    4.891774    4.902438    0.000000    0.000000    4.314519    4.319256    4.329459    4.341776    4.355909    4.370877    4.386521    4.402847    4.419705    4.437074    4.454800    4.472832    4.490966
     4.510423    4.534028    4.560677    4.587308    4.613684    4.639622    4.664910    4.689387    4.712835    4.735094    4.755762    4.776462    4.799690    4.825373    4.849976    4.872461    4.893681    4.904203    0.241000    0.000000    4.313430    4.318178    4.328235    4.340473    4.354496    4.369418    4.384970    4.401271    4.418070    4.435448    4.453162    4.471252
     4.489460    4.508715    4.531987    4.558558    4.585200    4.611584    4.637554    4.662858    4.687394    4.710889    4.733281    4.754276    4.773891    4.796239    4.821358    4.845485    4.867888    4.889085    4.899670    0.482000    0.000000    4.314248    4.318920    4.328864    4.340908    4.354778    4.369530    4.384953    4.401091    4.417766    4.434982    4.452574
     4.470503    4.488593    4.507165    4.529521    4.555481    4.581768    4.607814    4.633483    4.658509    4.682817    4.706142    4.728441    4.749465    4.768910    4.789175    4.811663    4.834863    4.856863    4.877928    4.888481    0.723000    0.000000    4.315899    4.320526    4.330237    4.342002    4.355550    4.369965    4.384996    4.400736    4.416975    4.433772
     4.450923    4.468445    4.486144    4.503850    4.524593    4.549171    4.574777    4.600227    4.625344    4.649909    4.673833    4.696898    4.719076    4.740139    4.760129    4.778407    4.797860    4.818853    4.839622    4.860297    4.870662    0.964000    0.000000    4.320211    4.324755    4.334271    4.345701    4.358875    4.372838    4.387366    4.402521    4.418127
     4.434226    4.450639    4.467379    4.484261    4.501197    4.519572    4.541649    4.565970    4.590252    4.614246    4.637806    4.660785    4.683061    4.704547    4.725123    4.744749    4.763311    4.780564    4.797582    4.815874    4.834965    4.844457    1.205000    0.000000    4.320587    4.325032    4.334193    4.345205    4.357928    4.371448    4.385479    4.400143
     4.415226    4.430832    4.446753    4.463058    4.479551    4.496251    4.512861    4.532726    4.555809    4.579363    4.602707    4.625621    4.648018    4.669699    4.690672    4.710728    4.729952    4.748129    4.765417    4.781580    4.796575    4.812147    4.820636    1.446000    0.000000    4.325607    4.329974    4.339023    4.349714    4.362104    4.375144    4.388670
     4.402672    4.417075    4.431857    4.446949    4.462312    4.477880    4.493588    4.509293    4.526358    4.546719    4.568889    4.590860    4.612445    4.633548    4.654050    4.673902    4.692998    4.711320    4.728771    4.745361    4.760998    4.775680    4.789775    4.797019   -1.566500   -0.208712    4.321263    4.325581    4.334362    4.344729    4.356746    4.369449
     4.382584    4.396231    4.410244    4.424690    4.439436    4.454532    4.469873    4.485495    4.501351    4.517245    4.535750    4.557261    4.579051    4.600403    4.621302    4.641642    4.661396    4.680431    4.698752    4.716221    4.732877    4.748591    4.763382    4.777629    4.784782   -1.325500   -0.208712    4.322168    4.326611    4.335658    4.346491    4.359073
     4.372411    4.386261    4.400664    4.415485    4.430734    4.446308    4.462176    4.478270    4.494516    4.510804    4.528527    4.549612    4.572310    4.594810    4.616844    4.638410    4.659284    4.679516    4.698889    4.717490    4.735117    4.751901    4.767667    4.782577    4.796886    4.804544   -1.084500   -0.208712    4.319602    4.324106    4.333397    4.344534
     4.357397    4.371046    4.385227    4.400027    4.415271    4.431013    4.447101    4.463545    4.480226    4.497111    4.514074    4.534346    4.557835    4.581598    4.605153    4.628223    4.650813    4.672646    4.693802    4.714006    4.733403    4.751732    4.769223    4.785582    4.800743    4.817061    4.826067   -0.843500   -0.208712    4.315292    4.319893    4.329473
     4.341084    4.354493    4.368769    4.383647    4.399201    4.415238    4.431790    4.448691    4.465926    4.483358    4.500867    4.519989    4.542883    4.567865    4.592680    4.617215    4.641236    4.664698    4.687375    4.709282    4.730192    4.750176    4.769045    4.786543    4.804486    4.823582    4.843162    4.853045   -0.602500   -0.208712    4.315390    4.320079
     4.329937    4.341871    4.355628    4.370231    4.385480    4.401385    4.417820    4.434741    4.452070    4.469693    4.487591    4.505436    4.526542    4.551440    4.577313    4.602889    4.628247    4.652923    4.677071    4.700204    4.722534    4.743571    4.763626    4.781720    4.801700    4.823017    4.843784    4.864231    4.874426   -0.361500   -0.208712    4.312887
     4.317585    4.327566    4.339675    4.353584    4.368366    4.383784    4.399922    4.416563    4.433762    4.451304    4.469216    4.487278    4.505891    4.528301    4.554347    4.580621    4.606694    4.632347    4.657428    4.681754    4.705174    4.727538    4.748723    4.768325    4.789082    4.812227    4.835865    4.858126    4.879366    4.889910   -0.120500   -0.208712
     4.313317    4.318088    4.328196    4.340507    4.354648    4.369687    4.385392    4.401832    4.418803    4.436329    4.454222    4.472447    4.490812    4.510181    4.533591    4.560228    4.586947    4.613341    4.639326    4.664579    4.689065    4.712445    4.734712    4.755515    4.774964    4.797072    4.821892    4.845706    4.867800    4.888759    4.899294    0.120500
    -0.208712    4.314252    4.319001    4.329169    4.341465    4.355611    4.370599    4.386269    4.402603    4.419470    4.436828    4.454551    4.472565    4.490717    4.509856    4.533026    4.559439    4.585928    4.612130    4.637915    4.663024    4.687356    4.710651    4.732827    4.753616    4.773049    4.795236    4.820172    4.844186    4.866491    4.887704    4.898270
     0.361500   -0.208712    4.315148    4.319875    4.329856    4.341953    4.355838    4.370578    4.385934    4.401988    4.418525    4.435604    4.453009    4.470773    4.488675    4.507122    4.529360    4.555231    4.581324    4.607207    4.632672    4.657551    4.681681    4.704893    4.727058    4.748032    4.767450    4.787976    4.810896    4.834319    4.856377    4.877437
     4.887939    0.602500   -0.208712    4.316721    4.321362    4.331267    4.343140    4.356836    4.371316    4.386459    4.402225    4.418535    4.435316    4.452497    4.469974    4.487697    4.505381    4.526267    4.550972    4.576573    4.601918    4.626948    4.651365    4.675159    4.698044    4.720050    4.740914    4.760758    4.778843    4.798740    4.820150    4.841010
     4.861607    4.871767    0.843500   -0.208712    4.317348    4.321895    4.331374    4.342827    4.356016    4.370054    4.384656    4.399947    4.415696    4.431993    4.448623    4.465635    4.482832    4.500162    4.519081    4.541815    4.566637    4.591316    4.615699    4.639580    4.662884    4.685403    4.707131    4.727867    4.747666    4.766381    4.783747    4.801542
     4.820505    4.840029    4.849857    1.084500   -0.208712    4.322439    4.326937    4.336303    4.347433    4.360305    4.373876    4.387994    4.402633    4.417729    4.433228    4.449081    4.465207    4.481580    4.498091    4.514683    4.534533    4.557603    4.580924    4.604043    4.626679    4.648841    4.670275    4.691039    4.710901    4.729963    4.748030    4.765260
     4.781444    4.796420    4.812530    4.821312    1.325500   -0.208712    4.324521    4.328879    4.337943    4.348652    4.361078    4.374169    4.387776    4.401865    4.416385    4.431275    4.446508    4.461993    4.477725    4.493580    4.509497    4.526810    4.547497    4.569821    4.591957    4.613659    4.634907    4.655519    4.675504    4.694710    4.713163    4.730734
     4.747465    4.763241    4.778087    4.792300    4.799699    1.566500   -0.208712    4.324330    4.328651    4.337475    4.347832    4.359854    4.372490    4.385555    4.399061    4.412930    4.427166    4.441700    4.456528    4.471598    4.486899    4.502426    4.517950    4.536085    4.557202    4.578587    4.599523    4.620004    4.639932    4.659276    4.677928    4.695867
     4.712999    4.729316    4.744748    4.759258    4.773320    4.780380   -1.446000   -0.417424    4.322703    4.327053    4.335895    4.346307    4.358414    4.371175    4.384394    4.398080    4.412153    4.426609    4.441385    4.456462    4.471803    4.487375    4.503196    4.518999    4.537442    4.558826    4.580458    4.601601    4.622277    4.642354    4.661834    4.680577
     4.698600    4.715788    4.732173    4.747670    4.762282    4.776456    4.783637   -1.205000   -0.417424    4.321234    4.325627    4.334714    4.345485    4.357971    4.371160    4.384849    4.399064    4.413686    4.428736    4.444096    4.459782    4.475679    4.491797    4.507945    4.525581    4.546544    4.569229    4.591666    4.613763    4.635365    4.656415    4.676809
     4.696474    4.715358    4.733372    4.750521    4.766700    4.781942    4.796477    4.804068   -0.964000   -0.417424    4.316370    4.320853    4.330149    4.341327    4.354257    4.368002    4.382302    4.397242    4.412641    4.428557    4.444825    4.461473    4.478365    4.495497    4.512705    4.533256    4.556978    4.580973    4.604713    4.627985    4.650728    4.672743
     4.694030    4.714404    4.733924    4.752439    4.770089    4.786680    4.802039    4.818605    4.827723   -0.723000   -0.417424    4.317637    4.322214    4.331873    4.343436    4.356778    4.370882    4.385583    4.400885    4.416676    4.432939    4.449567    4.466518    4.483692    4.500961    4.519861    4.542559    4.567338    4.591956    4.616279    4.640109    4.663357
     4.685850    4.707540    4.728285    4.748079    4.766844    4.784230    4.802146    4.821157    4.840679    4.850450   -0.482000   -0.417424    4.316649    4.321249    4.330995    4.342723    4.356175    4.370436    4.385270    4.400779    4.416747    4.433259    4.450097    4.467325    4.484737    4.502231    4.522839    4.547401    4.572848    4.598170    4.623152    4.647654
     4.671509    4.694577    4.716739    4.737859    4.757921    4.776328    4.796320    4.817878    4.838959    4.859842    4.870130   -0.241000   -0.417424    4.314283    4.318959    4.328977    4.341059    4.354946    4.369666    4.385035    4.401082    4.417641    4.434724    4.452159    4.469935    4.487852    4.506254    4.528409    4.554219    4.580338    4.606273    4.631812
     4.656782    4.681020    4.704354    4.726649    4.747743    4.767246    4.787547    4.810043    4.833295    4.855270    4.876289    4.886725    0.000000   -0.417424    4.314983    4.319678    4.329634    4.341736    4.355664    4.370474    4.385941    4.402116    4.418810    4.436030    4.453609    4.471502    4.489561    4.508116    4.530501    4.556428    4.582612    4.608501
     4.634005    4.658838    4.682958    4.706077    4.728183    4.749018    4.768289    4.788750    4.811660    4.834941    4.856909    4.877877    4.888361    0.241000   -0.417424    4.315677    4.320363    4.330325    4.342396    4.356263    4.370988    4.386351    4.402416    4.418996    4.436109    4.453582    4.471379    4.489323    4.507715    4.529872    4.555610    4.581662
     4.607441    4.632829    4.657557    4.681558    4.704583    4.726580    4.747334    4.766509    4.786518    4.808740    4.831743    4.853511    4.874389    4.884786    0.482000   -0.417424    4.315920    4.320584    4.330371    4.342235    4.355898    4.370417    4.385550    4.401360    4.417662    4.434480    4.451649    4.469152    4.486856    4.504555    4.525403    4.550098
     4.575661    4.600994    4.625990    4.650401    4.674180    4.697076    4.719098    4.739994    4.759879    4.778019    4.797900    4.819275    4.840188    4.860889    4.871209    0.723000   -0.417424    4.318207    4.322783    4.332309    4.343808    4.357053    4.371121    4.385748    4.401029    4.416759    4.433007    4.449584    4.466520    4.483647    4.500896    4.519742
     4.542397    4.567105    4.591644    4.615871    4.639586    4.662712    4.685059    4.706608    4.727188    4.746839    4.765457    4.782733    4.800590    4.819604    4.839185    4.849032    0.964000   -0.417424    4.321651    4.326110    4.335368    4.346422    4.359173    4.372665    4.386671    4.401263    4.416288    4.431789    4.447626    4.463809    4.480227    4.496856
     4.513554    4.533570    4.556761    4.580220    4.603440    4.626207    4.648480    4.670061    4.690966    4.711004    4.730248    4.748526    4.765981    4.782382    4.797538    4.813971    4.823031    1.205000   -0.417424    4.323205    4.327577    4.336577    4.347255    4.359593    4.372622    4.386097    4.400102    4.414472    4.429288    4.444386    4.459839    4.475488
     4.491386    4.507310    4.524733    4.545482    4.567976    4.590227    4.612137    4.633562    4.654432    4.674660    4.694165    4.712912    4.730804    4.747853    4.763942    4.779096    4.793550    4.801116    1.446000   -0.417424    4.322410    4.326756    4.335552    4.345971    4.358069    4.370843    4.384045    4.397731    4.411767    4.426194    4.440904    4.455918
     4.471162    4.486641    4.502338    4.518031    4.536325    4.557585    4.579088    4.600135    4.620715    4.640741    4.660176    4.678927    4.696970    4.714222    4.730673    4.746260    4.760948    4.775209    4.782438   -1.325500   -0.626136    4.320118    4.324451    4.333284    4.343732    4.355889    4.368739    4.382069    4.395909    4.410159    4.424827    4.439830
     4.455154    4.470747    4.486575    4.502644    4.518686    4.537344    4.558930    4.580733    4.602040    4.622857    4.643081    4.662697    4.681595    4.699771    4.717125    4.733662    4.749297    4.764001    4.778211    4.785384   -1.084500   -0.626136    4.320558    4.324955    4.333970    4.344744    4.357243    4.370497    4.384259    4.398597    4.413365    4.428602
     4.444190    4.460123    4.476321    4.492725    4.509213    4.527164    4.548498    4.571432    4.594168    4.616419    4.638218    4.659298    4.679759    4.699330    4.718161    4.735989    4.752997    4.768944    4.784025    4.798419    4.806090   -0.843500   -0.626136    4.318845    4.323325    4.332590    4.343677    4.356463    4.370014    4.384069    4.398740    4.413824
     4.429425    4.445335    4.461646    4.478156    4.494948    4.511760    4.531971    4.555323    4.579035    4.602458    4.625521    4.648042    4.669956    4.691142    4.711533    4.731074    4.749696    4.767446    4.784174    4.799646    4.816307    4.825452   -0.602500   -0.626136    4.319191    4.323778    4.333387    4.344905    4.358188    4.372235    4.386866    4.402092
     4.417801    4.433972    4.450517    4.467369    4.484462    4.501626    4.520452    4.543049    4.567800    4.592376    4.616724    4.640542    4.663843    4.686334    4.708075    4.728787    4.748569    4.767202    4.784435    4.802141    4.820961    4.840278    4.850008   -0.361500   -0.626136    4.315215    4.319837    4.329653    4.341522    4.355232    4.369780    4.384990
     4.400858    4.417257    4.434144    4.451413    4.468978    4.486744    4.504442    4.525218    4.549771    4.575380    4.600793    4.625901    4.650431    4.674340    4.697376    4.719529    4.740552    4.760471    4.778644    4.797998    4.818862    4.839436    4.859909    4.870071   -0.120500   -0.626136    4.316476    4.321162    4.331070    4.342976    4.356691    4.371180
     4.386299    4.402031    4.418277    4.434999    4.452102    4.469520    4.487171    4.504812    4.525614    4.550269    4.575809    4.601127    4.626104    4.650509    4.674257    4.697141    4.719100    4.739961    4.759736    4.777815    4.797473    4.818679    4.839362    4.859937    4.870127    0.120500   -0.626136    4.318141    4.322812    4.332676    4.344532    4.358179
     4.372601    4.387635    4.403279    4.419415    4.436018    4.452977    4.470241    4.487713    4.505168    4.525771    4.550226    4.575554    4.600666    4.625432    4.649637    4.673191    4.695897    4.717698    4.738423    4.758099    4.776099    4.795745    4.816949    4.837678    4.858286    4.868500    0.361500   -0.626136    4.317603    4.322201    4.331933    4.343678
     4.357194    4.371539    4.386488    4.402114    4.418223    4.434864    4.451841    4.469170    4.486651    4.504127    4.524612    4.548935    4.574261    4.599442    4.624270    4.648573    4.672220    4.695045    4.716970    4.737812    4.757552    4.775605    4.794795    4.815554    4.836074    4.856552    4.866755    0.602500   -0.626136    4.319372    4.323903    4.333517
     4.344972    4.358159    4.372095    4.386604    4.401728    4.417322    4.433419    4.449856    4.466649    4.483626    4.500728    4.519387    4.541869    4.566419    4.590844    4.614944    4.638578    4.661607    4.683906    4.705393    4.725948    4.745544    4.764109    4.781289    4.798953    4.817740    4.837101    4.846730    0.843500   -0.626136    4.321348    4.325891
     4.335256    4.346484    4.359499    4.373262    4.387589    4.402453    4.417778    4.433500    4.449580    4.465912    4.482495    4.499188    4.515976    4.535989    4.559169    4.582525    4.605641    4.628227    4.650314    4.671652    4.692310    4.712070    4.731039    4.749042    4.766243    4.782432    4.797466    4.813727    4.822747    1.084500   -0.626136    4.322117
     4.326493    4.335537    4.346262    4.358680    4.371802    4.385406    4.399536    4.414060    4.429012    4.444268    4.459850    4.475639    4.491647    4.507677    4.525166    4.545957    4.568453    4.590666    4.612515    4.633837    4.654601    4.674683    4.694069    4.712668    4.730472    4.747431    4.763528    4.778724    4.793340    4.801011    1.325500   -0.626136
     4.322260    4.326622    4.335463    4.345916    4.358074    4.370902    4.384192    4.397950    4.412101    4.426624    4.441484    4.456623    4.472050    4.487676    4.503574    4.519408    4.537905    4.559291    4.580938    4.602043    4.622703    4.642718    4.662156    4.680826    4.698792    4.715899    4.732209    4.747616    4.762132    4.776219    4.783358   -1.205000
    -0.834848    4.320021    4.324365    4.333182    4.343622    4.355753    4.368574    4.381850    4.395632    4.409801    4.424393    4.439302    4.454548    4.470052    4.485817    4.501814    4.517819    4.536415    4.557969    4.579744    4.601048    4.621852    4.642086    4.661701    4.680616    4.698800    4.716183    4.732751    4.748447    4.763233    4.777572    4.784827
    -0.964000   -0.834848    4.320410    4.324778    4.333896    4.344676    4.357202    4.370422    4.384195    4.398491    4.413260    4.428447    4.444018    4.459887    4.476041    4.492362    4.508775    4.526620    4.547843    4.570674    4.593300    4.615469    4.637172    4.658214    4.678622    4.698222    4.717063    4.734989    4.752061    4.768132    4.783248    4.797632
     4.805123   -0.723000   -0.834848    4.319564    4.324056    4.333399    4.344558    4.357488    4.371153    4.385386    4.400175    4.415440    4.431139    4.447217    4.463595    4.480242    4.497050    4.513966    4.534162    4.557591    4.581283    4.604780    4.627803    4.650349    4.672171    4.693304    4.713530    4.732911    4.751271    4.768726    4.785092    4.800177
     4.816418    4.825273   -0.482000   -0.834848    4.316756    4.321257    4.330732    4.342141    4.355291    4.369268    4.383817    4.399054    4.414757    4.431026    4.447636    4.464650    4.481837    4.499143    4.517919    4.540446    4.565243    4.590020    4.614521    4.638578    4.662055    4.684795    4.706725    4.727682    4.747636    4.766440    4.783837    4.801012
     4.819372    4.838451    4.847912   -0.241000   -0.834848    4.318096    4.322631    4.332203    4.343673    4.356907    4.370913    4.385510    4.400716    4.416408    4.432578    4.449113    4.465976    4.483062    4.500245    4.519056    4.541671    4.566411    4.591017    4.615366    4.639237    4.662567    4.685141    4.706944    4.727767    4.747638    4.766400    4.783753
     4.801541    4.820421    4.839804    4.849472    0.000000   -0.834848    4.319882    4.324413    4.333983    4.345388    4.358503    4.372352    4.386749    4.401752    4.417208    4.433167    4.449462    4.466129    4.482992    4.500007    4.518603    4.541052    4.565558    4.589956    4.614035    4.637685    4.660748    4.683126    4.704709    4.725401    4.745148    4.763896
     4.781264    4.799183    4.818206    4.837770    4.847553    0.241000   -0.834848    4.317230    4.321806    4.331428    4.343004    4.356392    4.370578    4.385382    4.400798    4.416718    4.433103    4.449866    4.466928    4.484212    4.501544    4.520506    4.543209    4.568005    4.592602    4.616920    4.640697    4.663915    4.686332    4.707975    4.728620    4.748332
     4.766945    4.784182    4.801919    4.820792    4.840176    4.849866    0.482000   -0.834848    4.320579    4.325136    4.334679    4.346155    4.359400    4.373440    4.388065    4.403318    4.419050    4.435270    4.451841    4.468722    4.485781    4.502844    4.521403    4.543589    4.568034    4.592337    4.616373    4.639852    4.662770    4.684861    4.706187    4.726488
     4.745863    4.764073    4.780984    4.797668    4.815661    4.834425    4.843835    0.723000   -0.834848    4.318904    4.323402    4.332740    4.343925    4.356886    4.370623    4.384924    4.399809    4.415154    4.430955    4.447107    4.463575    4.480267    4.497130    4.514027    4.534200    4.557540    4.581145    4.604487    4.627363    4.649712    4.671354    4.692285
     4.712334    4.731549    4.749779    4.767153    4.783487    4.798610    4.814967    4.823918    0.964000   -0.834848    4.321538    4.325885    4.334890    4.345591    4.357988    4.371123    4.384759    4.398974    4.413612    4.428730    4.444182    4.459995    4.476045    4.492316    4.508634    4.526422    4.547548    4.570314    4.592839    4.614913    4.636496    4.657404
     4.677663    4.697083    4.715739    4.733442    4.750314    4.766175    4.781157    4.795455    4.802968    1.205000   -0.834848    4.324284    4.328620    4.337473    4.347848    4.359907    4.372567    4.385672    4.399202    4.413113    4.427382    4.441971    4.456854    4.472005    4.487392    4.503028    4.518659    4.536911    4.558127    4.579577    4.600567    4.621079
     4.641032    4.660378    4.679034    4.696957    4.714082    4.730378    4.745812    4.760321    4.774413    4.781533   -1.084500   -1.043561    4.321596    4.325934    4.334752    4.345139    4.357195    4.369898    4.383036    4.396654    4.410645    4.425049    4.439760    4.454815    4.470120    4.485704    4.501519    4.517373    4.535816    4.557265    4.578957    4.600227
     4.621018    4.641284    4.660949    4.679947    4.698216    4.715685    4.732314    4.748042    4.762812    4.777101    4.784321   -0.843500   -1.043561    4.320372    4.324756    4.333797    4.344561    4.357049    4.370262    4.383978    4.398238    4.412908    4.428021    4.443451    4.459219    4.475205    4.491411    4.507653    4.525368    4.546425    4.569215    4.591775
     4.613975    4.635681    4.656809    4.677271    4.696984    4.715891    4.733912    4.751024    4.767152    4.782293    4.796773    4.804319   -0.602500   -1.043561    4.320123    4.324599    4.333915    4.345033    4.357921    4.371537    4.385704    4.400412    4.415566    4.431148    4.447073    4.463305    4.479753    4.496357    4.512899    4.532680    4.555698    4.579213
     4.602538    4.625501    4.647969    4.669820    4.690975    4.711314    4.730799    4.749306    4.766856    4.783299    4.798451    4.814204    4.822711   -0.361500   -1.043561    4.320330    4.324783    4.334107    4.345178    4.357974    4.371462    4.385489    4.400064    4.415092    4.430578    4.446423    4.462615    4.479057    4.495723    4.512453    4.532531    4.555811
     4.579431    4.602815    4.625811    4.648297    4.670151    4.691288    4.711606    4.731051    4.749549    4.767115    4.783650    4.798866    4.815260    4.824158   -0.120500   -1.043561    4.319337    4.323821    4.333172    4.344339    4.357283    4.370965    4.385228    4.400041    4.415340    4.431063    4.447174    4.463576    4.480261    4.497101    4.514062    4.534294
     4.557724    4.581371    4.604799    4.627737    4.650194    4.671930    4.692994    4.713171    4.732544    4.750936    4.768493    4.784992    4.800237    4.816771    4.825840    0.120500   -1.043561    4.319540    4.324036    4.333253    4.344344    4.357143    4.370734    4.384826    4.399553    4.414696    4.430367    4.446357    4.462743    4.479340    4.496188    4.513071
     4.533304    4.556662    4.580308    4.603669    4.626596    4.648997    4.670729    4.691766    4.711952    4.731331    4.749745    4.767337    4.783881    4.799240    4.815852    4.825101    0.361500   -1.043561    4.320934    4.325410    4.334691    4.345778    4.358598    4.372172    4.386284    4.400978    4.416117    4.431720    4.447664    4.463936    4.480423    4.497091
     4.513789    4.533776    4.556922    4.580349    4.603512    4.626237    4.648440    4.669979    4.690820    4.710831    4.730022    4.748278    4.765680    4.782071    4.797243    4.813596    4.822550    0.602500   -1.043561    4.321744    4.326154    4.335318    4.346279    4.358933    4.372363    4.386306    4.400882    4.415890    4.431427    4.447293    4.463549    4.480003
     4.496659    4.513230    4.533048    4.556081    4.579566    4.602838    4.625668    4.647989    4.669596    4.690511    4.710519    4.729703    4.747847    4.765090    4.781205    4.796099    4.811633    4.820021    0.843500   -1.043561    4.322933    4.327343    4.336366    4.347115    4.359561    4.372725    4.386365    4.400549    4.415126    4.430151    4.445479    4.461144
     4.477005    4.493074    4.509145    4.526667    4.547492    4.570018    4.592270    4.614129    4.635456    4.656179    4.676212    4.695488    4.713962    4.731566    4.748306    4.764113    4.779024    4.793366    4.800966    1.084500   -1.043561    4.322408    4.326755    4.335562    4.345985    4.358115    4.370926    4.384207    4.397973    4.412140    4.426696    4.441590
     4.456778    4.472244    4.487914    4.503835    4.519693    4.538193    4.559582    4.581195    4.602267    4.622863    4.642822    4.662183    4.680787    4.698682    4.715732    4.731998    4.747382    4.761913    4.776032    4.783198   -0.964000   -1.252273    4.320161    4.324508    4.333390    4.343884    4.356122    4.369047    4.382478    4.396399    4.410752    4.425495
     4.440597    4.455989    4.471673    4.487555    4.503699    4.519776    4.538516    4.560164    4.582059    4.603420    4.624314    4.644567    4.664215    4.683089    4.701223    4.718478    4.734886    4.750357    4.764888    4.778950    4.786030   -0.723000   -1.252273    4.320684    4.325048    4.334101    4.344842    4.357305    4.370493    4.384194    4.398442    4.413118
     4.428241    4.443704    4.459503    4.475539    4.491768    4.508026    4.525677    4.546657    4.569454    4.592081    4.614300    4.636060    4.657170    4.677640    4.697271    4.716114    4.733974    4.750934    4.766822    4.781716    4.795915    4.803211   -0.482000   -1.252273    4.321850    4.326200    4.335233    4.345932    4.358328    4.371423    4.385020    4.399161
     4.413730    4.428750    4.444115    4.459820    4.475772    4.491930    4.508146    4.525817    4.546855    4.569578    4.592098    4.614213    4.635863    4.656894    4.677286    4.696893    4.715716    4.733621    4.750633    4.766636    4.781657    4.795983    4.803413   -0.241000   -1.252273    4.320663    4.325042    4.334075    4.344823    4.357300    4.370505    4.384223
     4.398485    4.413171    4.428297    4.443760    4.459556    4.475599    4.491854    4.508170    4.525966    4.547116    4.569937    4.592538    4.614743    4.636482    4.657610    4.678105    4.697813    4.716750    4.734762    4.751915    4.768058    4.783282    4.797814    4.805491    0.000000   -1.252273    4.322627    4.326996    4.336069    4.346783    4.359178    4.372233
     4.385771    4.399820    4.414278    4.429172    4.444401    4.459978    4.475805    4.491869    4.507999    4.525610    4.546570    4.569218    4.591635    4.613660    4.635210    4.656156    4.676465    4.696000    4.714763    4.732622    4.749609    4.765605    4.780637    4.794962    4.802421    0.241000   -1.252273    4.321909    4.326317    4.335367    4.346132    4.358606
     4.371778    4.385439    4.399631    4.414241    4.429297    4.444694    4.460437    4.476424    4.492628    4.508881    4.526598    4.547645    4.570340    4.592783    4.614806    4.636329    4.657231    4.677474    4.696946    4.715628    4.733423    4.750334    4.766288    4.781297    4.795703    4.803324    0.482000   -1.252273    4.323693    4.328071    4.337195    4.347946
     4.360438    4.373582    4.387272    4.401439    4.416073    4.431081    4.446473    4.462121    4.478047    4.494095    4.510221    4.527750    4.548663    4.571186    4.593529    4.615417    4.636866    4.657661    4.677848    4.697228    4.715862    4.733560    4.750399    4.766214    4.781073    4.795242    4.802613    0.723000   -1.252273    4.323504    4.327912    4.337013
     4.347780    4.360289    4.373469    4.387172    4.401363    4.415996    4.431020    4.446399    4.462057    4.477958    4.493991    4.510042    4.527444    4.548148    4.570612    4.592875    4.614711    4.636057    4.656768    4.676824    4.696096    4.714580    4.732163    4.748860    4.764577    4.779312    4.793439    4.800723    0.964000   -1.252273    4.324071    4.328365
     4.337157    4.347458    4.359419    4.371993    4.385013    4.398486    4.412350    4.426601    4.441184    4.456081    4.471249    4.486663    4.502318    4.517976    4.536246    4.557493    4.578984    4.600019    4.620572    4.640570    4.659961    4.678666    4.696644    4.713825    4.730184    4.745678    4.760245    4.774371    4.781445   -0.602500   -1.460985    4.320273
     4.324600    4.333433    4.343860    4.355984    4.368778    4.382028    4.395766    4.409885    4.424413    4.439253    4.454426    4.469851    4.485542    4.501462    4.517410    4.535957    4.557515    4.579331    4.600724    4.621648    4.642036    4.661822    4.680916    4.699266    4.716784    4.733448    4.749184    4.763965    4.778241    4.785433   -0.361500   -1.460985
     4.322487    4.326822    4.335711    4.346144    4.358300    4.371070    4.384319    4.397996    4.412083    4.426520    4.441304    4.456367    4.471723    4.487295    4.503137    4.518951    4.537422    4.558835    4.580501    4.601693    4.622429    4.642593    4.662162    4.681019    4.699134    4.716420    4.732847    4.748383    4.762960    4.777097    4.784202   -0.120500
    -1.460985    4.322453    4.326803    4.335617    4.346032    4.358147    4.370919    4.384145    4.397839    4.411918    4.426381    4.441171    4.456262    4.471626    4.487215    4.503049    4.518849    4.537274    4.558628    4.580210    4.601312    4.621955    4.642041    4.661552    4.680383    4.698511    4.715843    4.732366    4.748015    4.762755    4.777059    4.784328
     0.120500   -1.460985    4.322843    4.327148    4.335947    4.346288    4.358291    4.370931    4.384014    4.397569    4.411509    4.425849    4.440514    4.455500    4.470754    4.486254    4.501995    4.517731    4.536068    4.557362    4.578895    4.599972    4.620587    4.640664    4.660169    4.679009    4.697153    4.714508    4.731055    4.746715    4.761440    4.775682
     4.782853    0.361500   -1.460985    4.321105    4.325428    4.334255    4.344668    4.356784    4.369566    4.382823    4.396567    4.410721    4.425276    4.440175    4.455386    4.470877    4.486597    4.502565    4.518503    4.537063    4.558553    4.580273    4.601509    4.622271    4.642463    4.662059    4.680962    4.699140    4.716515    4.733051    4.748700    4.763385
     4.777594    4.784713    0.602500   -1.460985    4.321918    4.326239    4.334963    4.345293    4.357266    4.369932    4.383018    4.396631    4.410613    4.425048    4.439798    4.454917    4.470294    4.485951    4.501844    4.517753    4.536278    4.557776    4.579528    4.600811    4.621635    4.641885    4.661556    4.680512    4.698764    4.716174    4.732769    4.748431
     4.763166    4.777397    4.784584
