    -0.6025    1.4610    4.7549    4.8054    4.8691    4.9445    5.0304    5.1255    5.2289    5.3396    5.4566    5.5791    5.7060    5.8366    5.9699    6.1050    6.2410    6.3769    6.5119    6.6451    6.7755    6.9023    7.0244    7.1411    7.2513    7.3543    7.4488    7.5340    7.6088    7.6719    7.7218    7.7565
    -0.3615    1.4610    4.7549    4.8052    4.8686    4.9436    5.0291    5.1238    5.2268    5.3372    5.4539    5.5760    5.7027    5.8330    5.9660    6.1008    6.2365    6.3722    6.5069    6.6398    6.7700    6.8966    7.0186    7.1352    7.2454    7.3483    7.4430    7.5285    7.6037    7.6673    7.7180    7.7535
    -0.1205    1.4610    4.7549    4.8053    4.8689    4.9442    5.0299    5.1248    5.2281    5.3387    5.4557    5.5782    5.7052    5.8359    5.9693    6.1046    6.2407    6.3768    6.5120    6.6453    6.7759    6.9027    7.0249    7.1415    7.2517    7.3545    7.4489    7.5341    7.6088    7.6720    7.7220    7.7570
     0.1205    1.4610    4.7549    4.8052    4.8686    4.9437    5.0293    5.1243    5.2276    5.3383    5.4554    5.5780    5.7052    5.8361    5.9696    6.1050    6.2412    6.3774    6.5127    6.6461    6.7766    6.9036    7.0258    7.1427    7.2530    7.3560    7.4507    7.5361    7.6110    7.6744    7.7246    7.7596
     0.3615    1.4610    4.7549    4.8053    4.8689    4.9442    5.0300    5.1252    5.2287    5.3396    5.4568    5.5796    5.7069    5.8378    5.9715    6.1069    6.2432    6.3795    6.5148    6.6483    6.7789    6.9058    7.0281    7.1449    7.2552    7.3581    7.4526    7.5378    7.6126    7.6758    7.7257    7.7604
     0.6025    1.4610    4.7549    4.8052    4.8688    4.9439    5.0294    5.1243    5.2274    5.3379    5.4547    5.5770    5.7038    5.8342    5.9673    6.1023    6.2381    6.3739    6.5088    6.6419    6.7722    6.8989    7.0211    7.1378    7.2481    7.3512    7.4460    7.5316    7.6068    7.6705    7.7212    7.7566
    -0.9640    1.2523    4.7549    4.8054    4.8691    4.9445    5.0304    5.1257    5.2293    5.3402    5.4576    5.5804    5.7077    5.8386    5.9722    6.1076    6.2438    6.3800    6.5152    6.6485    6.7790    6.9058    7.0279    7.1446    7.2548    7.3576    7.4521    7.5372    7.6119    7.6749    7.7247    7.7593
    -0.7230    1.2523    4.7574    4.8114    4.8796    4.9602    5.0519    5.1536    5.2641    5.3823    5.5073    5.6380    5.7733    5.9124    6.0543    6.1978    6.3422    6.4864    6.6294    6.7703    6.9081    7.0420    7.1708    7.2937    7.4097    7.5179    7.6172    7.7066    7.7850    7.8510    7.9031    7.9391
    -0.4820    1.2523    4.7575    4.8115    4.8797    4.9605    5.0524    5.1543    5.2650    5.3835    5.5089    5.6400    5.7759    5.9157    6.0583    6.2027    6.3480    6.4931    6.6371    6.7790    6.9176    7.0522    7.1816    7.3049    7.4211    7.5292    7.6283    7.7173    7.7950    7.8603    7.9115    7.9465
    -0.2410    1.2523    4.7575    4.8115    4.8798    4.9606    5.0526    5.1546    5.2654    5.3840    5.5094    5.6404    5.7762    5.9157    6.0579    6.2019    6.3466    6.4911    6.6345    6.7757    6.9138    7.0478    7.1768    7.2999    7.4159    7.5241    7.6232    7.7124    7.7903    7.8559    7.9073    7.9425
     0.0000    1.2523    4.7575    4.8116    4.8800    4.9609    5.0529    5.1549    5.2657    5.3843    5.5096    5.6407    5.7766    5.9162    6.0585    6.2027    6.3477    6.4925    6.6362    6.7777    6.9161    7.0505    7.1797    7.3030    7.4192    7.5274    7.6266    7.7157    7.7936    7.8590    7.9103    7.9454
     0.2410    1.2523    4.7575    4.8117    4.8801    4.9609    5.0528    5.1546    5.2652    5.3835    5.5085    5.6391    5.7744    5.9135    6.0553    6.1989    6.3433    6.4876    6.6308    6.7720    6.9101    7.0442    7.1733    7.2965    7.4127    7.5209    7.6202    7.7094    7.7875    7.8531    7.9047    7.9401
     0.4820    1.2523    4.7574    4.8114    4.8796    4.9601    5.0518    5.1534    5.2639    5.3821    5.5070    5.6378    5.7733    5.9127    6.0548    6.1989    6.3437    6.4885    6.6321    6.7736    6.9121    7.0465    7.1758    7.2992    7.4156    7.5242    7.6237    7.7133    7.7917    7.8577    7.9097    7.9455
     0.7230    1.2523    4.7575    4.8115    4.8796    4.9603    5.0521    5.1538    5.2643    5.3826    5.5077    5.6384    5.7740    5.9133    6.0553    6.1992    6.3439    6.4884    6.6318    6.7731    6.9114    7.0456    7.1747    7.2979    7.4139    7.5220    7.6210    7.7099    7.7875    7.8525    7.9033    7.9378
     0.9640    1.2523    4.7549    4.8053    4.8689    4.9442    5.0299    5.1249    5.2281    5.3387    5.4555    5.5778    5.7046    5.8349    5.9679    6.1028    6.2384    6.3741    6.5089    6.6418    6.7720    6.8986    7.0207    7.1374    7.2477    7.3507    7.4455    7.5311    7.6063    7.6700    7.7206    7.7561
    -1.0845    1.0436    4.7549    4.8054    4.8691    4.9445    5.0303    5.1253    5.2286    5.3392    5.4561    5.5785    5.7055    5.8361    5.9693    6.1044    6.2404    6.3764    6.5115    6.6447    6.7752    6.9020    7.0241    7.1408    7.2510    7.3539    7.4484    7.5337    7.6086    7.6720    7.7224    7.7576
    -0.8435    1.0436    4.7575    4.8115    4.8795    4.9598    5.0512    5.1524    5.2624    5.3801    5.5045    5.6348    5.7698    5.9086    6.0503    6.1939    6.3383    6.4827    6.6260    6.7673    6.9055    7.0398    7.1690    7.2924    7.4087    7.5172    7.6168    7.7064    7.7849    7.8510    7.9032    7.9391
    -0.6025    1.0436    4.7594    4.8164    4.8882    4.9732    5.0699    5.1771    5.2935    5.4181    5.5497    5.6873    5.8299    5.9763    6.1256    6.2768    6.4287    6.5804    6.7308    6.8789    7.0237    7.1641    7.2993    7.4280    7.5494    7.6623    7.7657    7.8586    7.9396    8.0075    8.0605    8.0966
    -0.3615    1.0436    4.7595    4.8163    4.8880    4.9727    5.0690    5.1757    5.2915    5.4155    5.5465    5.6834    5.8254    5.9712    6.1200    6.2707    6.4223    6.5737    6.7241    6.8723    7.0173    7.1582    7.2939    7.4235    7.5458    7.6599    7.7647    7.8592    7.9420    8.0118    8.0671    8.1054
    -0.1205    1.0436    4.7594    4.8162    4.8878    4.9725    5.0689    5.1757    5.2918    5.4161    5.5475    5.6849    5.8273    5.9738    6.1232    6.2745    6.4267    6.5787    6.7296    6.8783    7.0237    7.1649    7.3008    7.4305    7.5528    7.6669    7.7717    7.8660    7.9487    8.0185    8.0735    8.1116
     0.1205    1.0436    4.7594    4.8161    4.8877    4.9724    5.0687    5.1754    5.2915    5.4157    5.5471    5.6846    5.8271    5.9737    6.1232    6.2748    6.4272    6.5795    6.7307    6.8797    7.0255    7.1671    7.3034    7.4335    7.5563    7.6709    7.7760    7.8707    7.9537    8.0237    8.0790    8.1171
     0.3615    1.0436    4.7594    4.8162    4.8878    4.9726    5.0691    5.1760    5.2923    5.4167    5.5483    5.6859    5.8285    5.9751    6.1247    6.2763    6.4288    6.5811    6.7323    6.8813    7.0271    7.1686    7.3048    7.4347    7.5572    7.6713    7.7759    7.8700    7.9522    8.0213    8.0755    8.1126
     0.6025    1.0436    4.7595    4.8164    4.8883    4.9732    5.0699    5.1769    5.2932    5.4175    5.5488    5.6860    5.8282    5.9742    6.1230    6.2737    6.4251    6.5763    6.7262    6.8738    7.0182    7.1582    7.2929    7.4213    7.5424    7.6550    7.7583    7.8510    7.9320    8.0000    8.0533    8.0897
     0.8435    1.0436    4.7574    4.8113    4.8793    4.9597    5.0512    5.1528    5.2631    5.3813    5.5063    5.6371    5.7726    5.9120    6.0542    6.1983    6.3432    6.4879    6.6316    6.7731    6.9115    7.0459    7.1751    7.2983    7.4145    7.5227    7.6219    7.7111    7.7891    7.8548    7.9064    7.9419
     1.0845    1.0436    4.7549    4.8051    4.8685    4.9436    5.0290    5.1238    5.2268    5.3372    5.4539    5.5760    5.7027    5.8329    5.9659    6.1006    6.2362    6.3718    6.5064    6.6393    6.7694    6.8958    7.0177    7.1342    7.2443    7.3472    7.4417    7.5271    7.6021    7.6656    7.7160    7.7514
    -1.2050    0.8348    4.7549    4.8053    4.8689    4.9441    5.0298    5.1248    5.2282    5.3389    5.4560    5.5787    5.7059    5.8367    5.9702    6.1055    6.2416    6.3777    6.5129    6.6462    6.7767    6.9036    7.0259    7.1428    7.2532    7.3564    7.4512    7.5367    7.6119    7.6754    7.7257    7.7608
    -0.9640    0.8348    4.7575    4.8115    4.8797    4.9605    5.0524    5.1544    5.2653    5.3839    5.5093    5.6406    5.7765    5.9163    6.0589    6.2034    6.3486    6.4937    6.6377    6.7797    6.9185    7.0532    7.1830    7.3067    7.4233    7.5320    7.6315    7.7210    7.7991    7.8646    7.9159    7.9508
    -0.7230    0.8348    4.7594    4.8162    4.8879    4.9728    5.0694    5.1765    5.2929    5.4174    5.5490    5.6866    5.8291    5.9756    6.1249    6.2761    6.4281    6.5799    6.7305    6.8789    7.0240    7.1649    7.3005    7.4299    7.5521    7.6660    7.7707    7.8650    7.9476    8.0174    8.0724    8.1103
    -0.4820    0.8348    4.7615    4.8212    4.8965    4.9855    5.0867    5.1988    5.3207    5.4511    5.5889    5.7330    5.8824    6.0360    6.1926    6.3513    6.5109    6.6703    6.8285    6.9845    7.1370    7.2852    7.4279    7.5640    7.6925    7.8122    7.9220    8.0208    8.1072    8.1798    8.2368    8.2758
    -0.2410    0.8348    4.7616    4.8215    4.8971    4.9864    5.0881    5.2009    5.3234    5.4547    5.5935    5.7388    5.8893    6.0442    6.2021    6.3621    6.5230    6.6838    6.8433    7.0006    7.1543    7.3036    7.4471    7.5840    7.7131    7.8332    7.9433    8.0421    8.1284    8.2009    8.2578    8.2966
     0.0000    0.8348    4.7616    4.8216    4.8973    4.9869    5.0887    5.2016    5.3243    5.4555    5.5942    5.7393    5.8896    6.0440    6.2015    6.3610    6.5214    6.6816    6.8406    6.9972    7.1504    7.2991    7.4421    7.5785    7.7070    7.8267    7.9363    8.0348    8.1207    8.1929    8.2495    8.2881
     0.2410    0.8348    4.7616    4.8216    4.8974    4.9870    5.0890    5.2019    5.3247    5.4560    5.5948    5.7400    5.8904    6.0450    6.2027    6.3624    6.5231    6.6837    6.8431    7.0002    7.1541    7.3035    7.4474    7.5848    7.7144    7.8352    7.9460    8.0456    8.1326    8.2058    8.2631    8.3022
     0.4820    0.8348    4.7615    4.8214    4.8969    4.9861    5.0877    5.2001    5.3223    5.4531    5.5912    5.7357    5.8853    6.0391    6.1959    6.3546    6.5142    6.6736    6.8317    6.9874    7.1397    7.2874    7.4295    7.5650    7.6928    7.8118    7.9209    8.0190    8.1048    8.1770    8.2338    8.2727
     0.7230    0.8348    4.7594    4.8161    4.8877    4.9723    5.0686    5.1754    5.2914    5.4157    5.5471    5.6846    5.8271    5.9736    6.1231    6.2746    6.4269    6.5791    6.7302    6.8791    7.0247    7.1662    7.3025    7.4325    7.5552    7.6697    7.7747    7.8693    7.9521    8.0219    8.0768    8.1146
     0.9640    0.8348    4.7575    4.8117    4.8801    4.9609    5.0529    5.1548    5.2655    5.3839    5.5091    5.6400    5.7757    5.9152    6.0574    6.2015    6.3465    6.4913    6.6349    6.7765    6.9150    7.0495    7.1789    7.3024    7.4189    7.5275    7.6271    7.7168    7.7952    7.8611    7.9129    7.9483
     1.2050    0.8348    4.7549    4.8053    4.8690    4.9444    5.0303    5.1256    5.2293    5.3403    5.4578    5.5807    5.7081    5.8392    5.9729    6.1085    6.2449    6.3812    6.5165    6.6500    6.7807    6.9076    7.0300    7.1468    7.2571    7.3600    7.4546    7.5399    7.6147    7.6779    7.7278    7.7625
    -1.3255    0.6261    4.7549    4.8053    4.8690    4.9443    5.0302    5.1255    5.2291    5.3401    5.4575    5.5805    5.7080    5.8392    5.9731    6.1088    6.2454    6.3820    6.5176    6.6513    6.7821    6.9092    7.0316    7.1483    7.2585    7.3612    7.4555    7.5403    7.6145    7.6770    7.7262    7.7602
    -1.0845    0.6261    4.7575    4.8117    4.8800    4.9609    5.0528    5.1546    5.2653    5.3837    5.5088    5.6396    5.7750    5.9142    6.0561    6.1997    6.3441    6.4882    6.6312    6.7720    6.9097    7.0433    7.1718    7.2944    7.4100    7.5177    7.6164    7.7052    7.7830    7.8485    7.9001    7.9358
    -0.8435    0.6261    4.7594    4.8163    4.8881    4.9729    5.0694    5.1764    5.2927    5.4171    5.5486    5.6863    5.8290    5.9758    6.1256    6.2773    6.4300    6.5826    6.7340    6.8833    7.0292    7.1710    7.3073    7.4374    7.5600    7.6743    7.7790    7.8731    7.9554    8.0246    8.0790    8.1163
    -0.6025    0.6261    4.7615    4.8212    4.8966    4.9856    5.0869    5.1992    5.3212    5.4519    5.5900    5.7345    5.8844    6.0384    6.1956    6.3548    6.5150    6.6751    6.8341    6.9908    7.1442    7.2932    7.4368    7.5738    7.7032    7.8238    7.9344    8.0341    8.1213    8.1948    8.2528    8.2929
    -0.3615    0.6261    4.7631    4.8253    4.9036    4.9963    5.1018    5.2187    5.3457    5.4816    5.6252    5.7755    5.9312    6.0913    6.2546    6.4201    6.5865    6.7528    6.9178    7.0803    7.2393    7.3936    7.5420    7.6834    7.8167    7.9408    8.0545    8.1566    8.2457    8.3205    8.3790    8.4188
    -0.1205    0.6261    4.7632    4.8255    4.9041    4.9970    5.1029    5.2201    5.3475    5.4838    5.6279    5.7785    5.9345    6.0949    6.2583    6.4238    6.5902    6.7563    6.9211    7.0835    7.2422    7.3963    7.5446    7.6860    7.8195    7.9438    8.0579    8.1605    8.2504    8.3260    8.3856    8.4265
     0.1205    0.6261    4.7631    4.8253    4.9036    4.9962    5.1015    5.2181    5.3449    5.4806    5.6241    5.7742    5.9297    6.0896    6.2528    6.4180    6.5843    6.7505    6.9154    7.0780    7.2372    7.3919    7.5409    7.6833    7.8178    7.9433    8.0587    8.1627    8.2539    8.3309    8.3917    8.4337
     0.3615    0.6261    4.7631    4.8252    4.9034    4.9958    5.1009    5.2172    5.3437    5.4790    5.6219    5.7715    5.9265    6.0859    6.2484    6.4130    6.5785    6.7438    6.9078    7.0693    7.2273    7.3807    7.5282    7.6690    7.8017    7.9255    8.0390    8.1412    8.2307    8.3061    8.3656    8.4067
     0.6025    0.6261    4.7616    4.8216    4.8973    4.9869    5.0887    5.2015    5.3241    5.4552    5.5937    5.7386    5.8887    6.0430    6.2003    6.3597    6.5200    6.6802    6.8391    6.9958    7.1492    7.2981    7.4415    7.5783    7.7074    7.8277    7.9381    8.0374    8.1242    8.1972    8.2544    8.2936
     0.8435    0.6261    4.7594    4.8162    4.8878    4.9724    5.0688    5.1756    5.2918    5.4161    5.5475    5.6850    5.8275    5.9739    6.1234    6.2748    6.4271    6.5793    6.7304    6.8794    7.0252    7.1669    7.3034    7.4336    7.5565    7.6711    7.7763    7.8709    7.9537    8.0234    8.0784    8.1164
     1.0845    0.6261    4.7575    4.8116    4.8798    4.9604    5.0520    5.1535    5.2638    5.3818    5.5065    5.6370    5.7722    5.9112    6.0530    6.1965    6.3409    6.4852    6.6283    6.7694    6.9073    7.0413    7.1703    7.2933    7.4094    7.5176    7.6168    7.7062    7.7844    7.8503    7.9022    7.9379
     1.3255    0.6261    4.7549    4.8053    4.8689    4.9442    5.0299    5.1250    5.2283    5.3389    5.4559    5.5784    5.7054    5.8360    5.9694    6.1046    6.2408    6.3770    6.5122    6.6457    6.7764    6.9035    7.0260    7.1430    7.2536    7.3569    7.4518    7.5374    7.6126    7.6762    7.7267    7.7620
    -1.4460    0.4174    4.7549    4.8053    4.8688    4.9440    5.0295    5.1243    5.2274    5.3379    5.4547    5.5769    5.7038    5.8342    5.9674    6.1024    6.2383    6.3742    6.5092    6.6423    6.7726    6.8993    7.0213    7.1379    7.2480    7.3508    7.4453    7.5306    7.6055    7.6689    7.7193    7.7546
    -1.2050    0.4174    4.7575    4.8115    4.8796    4.9601    5.0517    5.1532    5.2635    5.3815    5.5064    5.6369    5.7723    5.9114    6.0533    6.1970    6.3415    6.4859    6.6293    6.7705    6.9087    7.0429    7.1721    7.2954    7.4118    7.5204    7.6200    7.7097    7.7883    7.8547    7.9070    7.9433
    -0.9640    0.4174    4.7593    4.8160    4.8874    4.9720    5.0682    5.1748    5.2907    5.4149    5.5462    5.6835    5.8259    5.9723    6.1216    6.2729    6.4251    6.5772    6.7282    6.8771    7.0227    7.1643    7.3006    7.4309    7.5539    7.6688    7.7743    7.8695    7.9530    8.0234    8.0790    8.1175
    -0.7230    0.4174    4.7616    4.8217    4.8975    4.9871    5.0892    5.2023    5.3252    5.4567    5.5958    5.7412    5.8918    6.0466    6.2044    6.3642    6.5249    6.6853    6.8444    7.0012    7.1545    7.3032    7.4464    7.5828    7.7115    7.8313    7.9410    8.0396    8.1256    8.1978    8.2543    8.2928
    -0.4820    0.4174    4.7632    4.8254    4.9038    4.9965    5.1020    5.2189    5.3458    5.4817    5.6252    5.7754    5.9310    6.0909    6.2540    6.4192    6.5854    6.7514    6.9162    7.0786    7.2375    7.3918    7.5405    7.6824    7.8164    7.9415    8.0564    8.1599    8.2508    8.3274    8.3878    8.4296
    -0.2410    0.4174    4.7645    4.8286    4.9095    5.0051    5.1139    5.2344    5.3653    5.5054    5.6533    5.8080    5.9682    6.1328    6.3007    6.4706    6.6415    6.8122    6.9816    7.1486    7.3120    7.4706    7.6234    7.7692    7.9069    8.0352    8.1530    8.2589    8.3516    8.4296    8.4909    8.5330
     0.0000    0.4174    4.7645    4.8289    4.9100    5.0059    5.1151    5.2360    5.3674    5.5081    5.6566    5.8120    5.9730    6.1384    6.3070    6.4778    6.6495    6.8210    6.9911    7.1587    7.3226    7.4817    7.6348    7.7807    7.9182    8.0463    8.1636    8.2689    8.3608    8.4379    8.4982    8.5392
     0.2410    0.4174    4.7644    4.8285    4.9092    5.0046    5.1131    5.2333    5.3640    5.5038    5.6516    5.8063    5.9666    6.1315    6.2997    6.4702    6.6417    6.8130    6.9831    7.1507    7.3146    7.4738    7.6269    7.7729    7.9106    8.0387    8.1561    8.2616    8.3537    8.4310    8.4916    8.5330
     0.4820    0.4174    4.7632    4.8254    4.9039    4.9967    5.1023    5.2193    5.3463    5.4823    5.6260    5.7763    5.9320    6.0919    6.2551    6.4202    6.5863    6.7521    6.9167    7.0788    7.2373    7.3912    7.5393    7.6807    7.8140    7.9383    8.0524    8.1551    8.2451    8.3209    8.3808    8.4221
     0.7230    0.4174    4.7616    4.8216    4.8973    4.9867    5.0884    5.2012    5.3237    5.4549    5.5935    5.7386    5.8891    6.0437    6.2015    6.3613    6.5221    6.6827    6.8421    6.9991    7.1527    7.3017    7.4451    7.5819    7.7108    7.8309    7.9410    8.0399    8.1263    8.1989    8.2559    8.2949
     0.9640    0.4174    4.7593    4.8160    4.8876    4.9723    5.0688    5.1757    5.2920    5.4165    5.5482    5.6861    5.8290    5.9759    6.1258    6.2776    6.4303    6.5829    6.7343    6.8834    7.0292    7.1707    7.3069    7.4367    7.5591    7.6732    7.7778    7.8718    7.9541    8.0232    8.0776    8.1148
     1.2050    0.4174    4.7575    4.8115    4.8797    4.9604    5.0523    5.1542    5.2649    5.3833    5.5085    5.6394    5.7750    5.9143    6.0564    6.2002    6.3448    6.4892    6.6324    6.7735    6.9115    7.0454    7.1742    7.2970    7.4129    7.5208    7.6197    7.7087    7.7866    7.8523    7.9040    7.9396
     1.4460    0.4174    4.7549    4.8054    4.8690    4.9443    5.0299    5.1249    5.2282    5.3388    5.4558    5.5783    5.7054    5.8361    5.9695    6.1047    6.2408    6.3768    6.5119    6.6452    6.7756    6.9024    7.0245    7.1411    7.2512    7.3539    7.4483    7.5333    7.6079    7.6708    7.7207    7.7553
    -1.5665    0.2087    4.7549    4.8051    4.8686    4.9437    5.0293    5.1241    5.2272    5.3376    5.4544    5.5767    5.7034    5.8339    5.9670    6.1020    6.2378    6.3738    6.5088    6.6420    6.7726    6.8995    7.0220    7.1390    7.2496    7.3530    7.4481    7.5340    7.6094    7.6733    7.7240    7.7595
    -1.3255    0.2087    4.7575    4.8115    4.8798    4.9606    5.0525    5.1545    5.2653    5.3839    5.5093    5.6404    5.7763    5.9160    6.0584    6.2026    6.3476    6.4923    6.6359    6.7773    6.9155    7.0497    7.1788    7.3019    7.4179    7.5261    7.6251    7.7141    7.7919    7.8571    7.9083    7.9432
    -1.0845    0.2087    4.7594    4.8162    4.8880    4.9728    5.0693    5.1761    5.2923    5.4166    5.5480    5.6855    5.8281    5.9746    6.1242    6.2758    6.4283    6.5808    6.7321    6.8813    7.0273    7.1691    7.3055    7.4356    7.5582    7.6725    7.7773    7.8714    7.9537    8.0229    8.0773    8.1145
    -0.8435    0.2087    4.7616    4.8215    4.8971    4.9866    5.0884    5.2012    5.3237    5.4548    5.5934    5.7383    5.8884    6.0426    6.1999    6.3592    6.5193    6.6793    6.8380    6.9944    7.1474    7.2958    7.4387    7.5749    7.7034    7.8232    7.9330    8.0318    8.1182    8.1909    8.2481    8.2874
    -0.6025    0.2087    4.7631    4.8253    4.9037    4.9965    5.1021    5.2191    5.3462    5.4823    5.6260    5.7764    5.9322    6.0923    6.2557    6.4212    6.5876    6.7539    6.9190    7.0817    7.2409    7.3955    7.5443    7.6864    7.8203    7.9451    8.0595    8.1624    8.2522    8.3278    8.3871    8.4277
    -0.3615    0.2087    4.7645    4.8288    4.9099    5.0058    5.1148    5.2357    5.3670    5.5074    5.6559    5.8112    5.9721    6.1374    6.3061    6.4768    6.6485    6.8199    6.9899    7.1574    7.3210    7.4798    7.6324    7.7779    7.9150    8.0426    8.1595    8.2646    8.3564    8.4336    8.4942    8.5358
    -0.1205    0.2087    4.7653    4.8306    4.9130    5.0103    5.1211    5.2437    5.3769    5.5195    5.6701    5.8277    5.9909    6.1587    6.3297    6.5029    6.6771    6.8510    7.0236    7.1937    7.3600    7.5215    7.6769    7.8252    7.9651    8.0954    8.2149    8.3224    8.4165    8.4955    8.5576    8.6001
     0.1205    0.2087    4.7652    4.8303    4.9123    5.0093    5.1197    5.2420    5.3749    5.5171    5.6674    5.8245    5.9874    6.1548    6.3255    6.4984    6.6723    6.8460    7.0184    7.1884    7.3546    7.5162    7.6717    7.8203    7.9606    8.0915    8.2119    8.3205    8.4157    8.4961    8.5596    8.6036
     0.3615    0.2087    4.7645    4.8286    4.9095    5.0051    5.1138    5.2343    5.3651    5.5051    5.6531    5.8078    5.9681    6.1328    6.3007    6.4708    6.6418    6.8126    6.9821    7.1491    7.3125    7.4712    7.6240    7.7700    7.9078    8.0363    8.1543    8.2607    8.3538    8.4324    8.4944    8.5372
     0.6025    0.2087    4.7632    4.8256    4.9042    4.9973    5.1031    5.2204    5.3477    5.4840    5.6280    5.7786    5.9348    6.0953    6.2590    6.4249    6.5918    6.7586    6.9242    7.0874    7.2470    7.4019    7.5510    7.6931    7.8271    7.9517    8.0658    8.1683    8.2576    8.3325    8.3911    8.4309
     0.8435    0.2087    4.7615    4.8214    4.8969    4.9863    5.0880    5.2007    5.3233    5.4544    5.5930    5.7380    5.8883    6.0426    6.2001    6.3594    6.5196    6.6796    6.8382    6.9945    7.1472    7.2955    7.4381    7.5741    7.7024    7.8220    7.9317    8.0305    8.1170    8.1900    8.2475    8.2872
     1.0845    0.2087    4.7595    4.8165    4.8883    4.9732    5.0696    5.1764    5.2923    5.4164    5.5475    5.6847    5.8268    5.9730    6.1221    6.2732    6.4253    6.5773    6.7283    6.8771    7.0228    7.1644    7.3008    7.4309    7.5539    7.6685    7.7737    7.8684    7.9512    8.0210    8.0760    8.1138
     1.3255    0.2087    4.7575    4.8117    4.8800    4.9609    5.0529    5.1549    5.2659    5.3846    5.5101    5.6414    5.7774    5.9173    6.0599    6.2044    6.3496    6.4946    6.6384    6.7801    6.9185    7.0528    7.1820    7.3051    7.4211    7.5291    7.6280    7.7169    7.7945    7.8596    7.9107    7.9454
     1.5665    0.2087    4.7549    4.8052    4.8688    4.9440    5.0296    5.1246    5.2280    5.3386    5.4557    5.5781    5.7051    5.8356    5.9688    6.1037    6.2395    6.3752    6.5099    6.6428    6.7729    6.8994    7.0213    7.1379    7.2480    7.3510    7.4457    7.5312    7.6063    7.6699    7.7204    7.7556
    -1.4460    0.0000    4.7575    4.8117    4.8801    4.9609    5.0529    5.1548    5.2656    5.3841    5.5095    5.6405    5.7763    5.9158    6.0580    6.2020    6.3468    6.4914    6.6347    6.7759    6.9139    7.0478    7.1766    7.2993    7.4149    7.5226    7.6212    7.7097    7.7869    7.8517    7.9024    7.9369
    -1.2050    0.0000    4.7593    4.8159    4.8872    4.9714    5.0672    5.1734    5.2887    5.4123    5.5429    5.6796    5.8213    5.9670    6.1157    6.2663    6.4178    6.5692    6.7195    6.8677    7.0127    7.1534    7.2889    7.4182    7.5402    7.6538    7.7580    7.8517    7.9336    8.0025    8.0565    8.0935
    -0.9640    0.0000    4.7616    4.8217    4.8975    4.9870    5.0887    5.2013    5.3236    5.4543    5.5924    5.7367    5.8862    6.0396    6.1961    6.3544    6.5135    6.6723    6.8298    6.9849    7.1365    7.2836    7.4251    7.5601    7.6873    7.8059    7.9146    8.0125    8.0982    8.1703    8.2270    8.2660
    -0.7230    0.0000    4.7631    4.8253    4.9037    4.9963    5.1017    5.2184    5.3451    5.4808    5.6243    5.7743    5.9298    6.0897    6.2527    6.4178    6.5839    6.7497    6.9143    7.0764    7.2350    7.3890    7.5372    7.6786    7.8119    7.9363    8.0503    8.1529    8.2427    8.3182    8.3774    8.4179
    -0.4820    0.0000    4.7645    4.8286    4.9095    5.0050    5.1136    5.2339    5.3646    5.5045    5.6523    5.8069    5.9671    6.1317    6.2997    6.4698    6.6410    6.8119    6.9816    7.1488    7.3124    7.4713    7.6241    7.7699    7.9074    8.0355    8.1528    8.2583    8.3504    8.4278    8.4884    8.5298
    -0.2410    0.0000    4.7652    4.8301    4.9120    5.0089    5.1192    5.2414    5.3743    5.5165    5.6668    5.8240    5.9870    6.1545    6.3255    6.4986    6.6728    6.8469    7.0197    7.1901    7.3568    7.5187    7.6745    7.8233    7.9636    8.0944    8.2144    8.3223    8.4166    8.4960    8.5582    8.6008
     0.0000    0.0000    4.7658    4.8320    4.9154    5.0139    5.1260    5.2501    5.3849    5.5291    5.6815    5.8408    6.0059    6.1755    6.3485    6.5236    6.6997    6.8755    7.0499    7.2217    7.3897    7.5528    7.7096    7.8593    8.0004    8.1319    8.2524    8.3609    8.4558    8.5356    8.5982    8.6411
     0.2410    0.0000    4.7652    4.8304    4.9124    5.0095    5.1198    5.2421    5.3750    5.5172    5.6675    5.8248    5.9878    6.1554    6.3263    6.4995    6.6737    6.8479    7.0207    7.1911    7.3579    7.5199    7.6759    7.8247    7.9652    8.0960    8.2159    8.3236    8.4177    8.4966    8.5585    8.6007
     0.4820    0.0000    4.7644    4.8283    4.9089    5.0041    5.1124    5.2323    5.3626    5.5021    5.6495    5.8037    5.9635    6.1277    6.2953    6.4650    6.6357    6.8063    6.9756    7.1425    7.3059    7.4645    7.6173    7.7632    7.9009    8.0293    8.1472    8.2534    8.3465    8.4251    8.4871    8.5299
     0.7230    0.0000    4.7631    4.8253    4.9037    4.9964    5.1019    5.2188    5.3457    5.4816    5.6251    5.7751    5.9306    6.0902    6.2530    6.4178    6.5835    6.7490    6.9132    7.0750    7.2333    7.3870    7.5351    7.6763    7.8096    7.9338    8.0478    8.1502    8.2398    8.3150    8.3740    8.4143
     0.9640    0.0000    4.7616    4.8216    4.8972    4.9867    5.0885    5.2013    5.3239    5.4551    5.5937    5.7387    5.8889    6.0433    6.2006    6.3599    6.5199    6.6797    6.8381    6.9940    7.1463    7.2941    7.4361    7.5714    7.6989    7.8175    7.9261    8.0236    8.1088    8.1802    8.2359    8.2737
     1.2050    0.0000    4.7594    4.8162    4.8878    4.9726    5.0690    5.1757    5.2917    5.4158    5.5469    5.6840    5.8260    5.9719    6.1206    6.2712    6.4226    6.5738    6.7237    6.8715    7.0160    7.1562    7.2912    7.4200    7.5414    7.6545    7.7583    7.8515    7.9331    8.0017    8.0555    8.0924
     1.4460    0.0000    4.7575    4.8115    4.8797    4.9603    5.0520    5.1536    5.2639    5.3820    5.5067    5.6371    5.7721    5.9109    6.0524    6.1957    6.3398    6.4837    6.6266    6.7674    6.9051    7.0389    7.1677    7.2906    7.4066    7.5147    7.6138    7.7030    7.7810    7.8467    7.8983    7.9337
    -1.5665   -0.2087    4.7549    4.8053    4.8689    4.9442    5.0299    5.1248    5.2281    5.3387    5.4556    5.5779    5.7048    5.8352    5.9684    6.1033    6.2391    6.3749    6.5097    6.6428    6.7730    6.8996    7.0217    7.1383    7.2485    7.3515    7.4462    7.5318    7.6070    7.6708    7.7215    7.7571
    -1.3255   -0.2087    4.7575    4.8117    4.8800    4.9608    5.0528    5.1547    5.2654    5.3838    5.5090    5.6400    5.7757    5.9153    6.0576    6.2017    6.3467    6.4915    6.6352    6.7767    6.9152    7.0497    7.1791    7.3025    7.4190    7.5274    7.6269    7.7163    7.7945    7.8602    7.9116    7.9468
    -1.0845   -0.2087    4.7594    4.8162    4.8880    4.9729    5.0696    5.1767    5.2930    5.4176    5.5492    5.6869    5.8296    5.9763    6.1260    6.2777    6.4302    6.5827    6.7339    6.8830    7.0289    7.1704    7.3067    7.4366    7.5590    7.6731    7.7775    7.8714    7.9533    8.0222    8.0762    8.1132
    -0.8435   -0.2087    4.7616    4.8214    4.8969    4.9862    5.0877    5.2001    5.3223    5.4531    5.5914    5.7361    5.8861    6.0403    6.1976    6.3570    6.5173    6.6776    6.8366    6.9933    7.1467    7.2957    7.4392    7.5761    7.7053    7.8259    7.9364    8.0359    8.1229    8.1961    8.2536    8.2929
    -0.6025   -0.2087    4.7631    4.8254    4.9040    4.9970    5.1029    5.2203    5.3479    5.4845    5.6288    5.7797    5.9361    6.0968    6.2606    6.4265    6.5932    6.7597    6.9249    7.0875    7.2465    7.4008    7.5492    7.6905    7.8237    7.9477    8.0612    8.1632    8.2523    8.3272    8.3861    8.4264
    -0.3615   -0.2087    4.7645    4.8287    4.9096    5.0053    5.1143    5.2349    5.3660    5.5063    5.6546    5.8096    5.9701    6.1351    6.3032    6.4734    6.6445    6.8154    6.9848    7.1518    7.3150    7.4735    7.6261    7.7716    7.9090    8.0372    8.1548    8.2608    8.3536    8.4319    8.4937    8.5362
    -0.1205   -0.2087    4.7652    4.8303    4.9125    5.0096    5.1200    5.2424    5.3753    5.5176    5.6680    5.8253    5.9883    6.1559    6.3268    6.4999    6.6741    6.8482    7.0209    7.1912    7.3578    7.5197    7.6755    7.8242    7.9644    8.0950    8.2147    8.3222    8.4161    8.4949    8.5567    8.5989
     0.1205   -0.2087    4.7652    4.8304    4.9126    5.0098    5.1204    5.2428    5.3759    5.5182    5.6687    5.8260    5.9889    6.1565    6.3273    6.5004    6.6744    6.8483    7.0207    7.1907    7.3570    7.5184    7.6737    7.8219    7.9617    8.0921    8.2119    8.3197    8.4143    8.4941    8.5570    8.6004
     0.3615   -0.2087    4.7646    4.8289    4.9102    5.0062    5.1155    5.2365    5.3679    5.5085    5.6571    5.8125    5.9734    6.1389    6.3075    6.4783    6.6499    6.8213    6.9912    7.1585    7.3220    7.4806    7.6331    7.7785    7.9155    8.0430    8.1599    8.2648    8.3565    8.4334    8.4935    8.5344
     0.6025   -0.2087    4.7632    4.8254    4.9039    4.9968    5.1024    5.2193    5.3465    5.4825    5.6262    5.7765    5.9323    6.0925    6.2558    6.4214    6.5879    6.7543    6.9195    7.0824    7.2418    7.3967    7.5458    7.6880    7.8222    7.9472    8.0618    8.1649    8.2549    8.3305    8.3897    8.4300
     0.8435   -0.2087    4.7616    4.8217    4.8975    4.9870    5.0889    5.2018    5.3244    5.4556    5.5943    5.7394    5.8897    6.0442    6.2017    6.3612    6.5216    6.6817    6.8405    6.9969    7.1499    7.2983    7.4410    7.5772    7.7055    7.8251    7.9348    8.0335    8.1198    8.1924    8.2495    8.2887
     1.0845   -0.2087    4.7594    4.8162    4.8879    4.9726    5.0690    5.1758    5.2919    5.4161    5.5475    5.6850    5.8275    5.9740    6.1235    6.2750    6.4275    6.5799    6.7312    6.8804    7.0264    7.1682    7.3046    7.4348    7.5575    7.6719    7.7767    7.8708    7.9531    8.0222    8.0764    8.1136
     1.3255   -0.2087    4.7575    4.8117    4.8800    4.9609    5.0529    5.1549    5.2657    5.3844    5.5098    5.6410    5.7769    5.9167    6.0591    6.2034    6.3484    6.4933    6.6369    6.7783    6.9166    7.0507    7.1796    7.3025    7.4183    7.5261    7.6249    7.7136    7.7912    7.8564    7.9075    7.9425
     1.5665   -0.2087    4.7550    4.8054    4.8692    4.9446    5.0304    5.1256    5.2290    5.3398    5.4570    5.5796    5.7067    5.8375    5.9710    6.1063    6.2424    6.3785    6.5136    6.6469    6.7773    6.9041    7.0263    7.1429    7.2531    7.3560    7.4506    7.5359    7.6108    7.6741    7.7243    7.7594
    -1.4460   -0.4174    4.7550    4.8054    4.8691    4.9443    5.0300    5.1250    5.2282    5.3388    5.4558    5.5782    5.7053    5.8359    5.9693    6.1045    6.2406    6.3767    6.5119    6.6452    6.7758    6.9027    7.0250    7.1417    7.2521    7.3550    7.4496    7.5349    7.6097    7.6728    7.7228    7.7574
    -1.2050   -0.4174    4.7575    4.8117    4.8799    4.9605    5.0522    5.1538    5.2643    5.3825    5.5076    5.6384    5.7740    5.9133    6.0555    6.1996    6.3444    6.4891    6.6327    6.7742    6.9127    7.0471    7.1765    7.3000    7.4165    7.5251    7.6248    7.7144    7.7930    7.8591    7.9111    7.9468
    -0.9640   -0.4174    4.7594    4.8163    4.8882    4.9732    5.0700    5.1773    5.2939    5.4188    5.5507    5.6886    5.8316    5.9784    6.1282    6.2798    6.4322    6.5845    6.7355    6.8843    7.0297    7.1709    7.3068    7.4364    7.5586    7.6725    7.7769    7.8708    7.9531    8.0224    8.0771    8.1149
    -0.7230   -0.4174    4.7616    4.8215    4.8972    4.9867    5.0885    5.2012    5.3238    5.4549    5.5936    5.7385    5.8888    6.0432    6.2007    6.3602    6.5206    6.6808    6.8398    6.9965    7.1497    7.2985    7.4417    7.5783    7.7071    7.8272    7.9373    8.0363    8.1229    8.1956    8.2527    8.2917
    -0.4820   -0.4174    4.7632    4.8254    4.9039    4.9967    5.1023    5.2194    5.3466    5.4827    5.6267    5.7772    5.9333    6.0938    6.2575    6.4234    6.5904    6.7572    6.9227    7.0860    7.2457    7.4008    7.5501    7.6926    7.8270    7.9522    8.0671    8.1703    8.2606    8.3366    8.3963    8.4372
    -0.2410   -0.4174    4.7645    4.8286    4.9095    5.0051    5.1138    5.2343    5.3652    5.5053    5.6533    5.8081    5.9685    6.1333    6.3014    6.4715    6.6426    6.8135    6.9830    7.1499    7.3131    7.4715    7.6238    7.7691    7.9061    8.0337    8.1506    8.2558    8.3478    8.4251    8.4856    8.5269
     0.0000   -0.4174    4.7645    4.8286    4.9095    5.0051    5.1139    5.2345    5.3657    5.5060    5.6544    5.8096    5.9704    6.1356    6.3040    6.4745    6.6458    6.8170    6.9866    7.1538    7.3173    7.4760    7.6287    7.7745    7.9120    8.0402    8.1579    8.2638    8.3566    8.4347    8.4962    8.5385
     0.2410   -0.4174    4.7644    4.8285    4.9092    5.0046    5.1132    5.2335    5.3642    5.5040    5.6519    5.8065    5.9667    6.1314    6.2995    6.4697    6.6410    6.8122    6.9822    7.1498    7.3138    7.4732    7.6267    7.7731    7.9112    8.0398    8.1577    8.2636    8.3560    8.4335    8.4941    8.5352
     0.4820   -0.4174    4.7631    4.8253    4.9036    4.9962    5.1015    5.2183    5.3452    5.4810    5.6246    5.7749    5.9306    6.0907    6.2540    6.4195    6.5859    6.7522    6.9173    7.0799    7.2391    7.3937    7.5425    7.6845    7.8185    7.9435    8.0582    8.1615    8.2521    8.3286    8.3890    8.4308
     0.7230   -0.4174    4.7616    4.8215    4.8972    4.9868    5.0888    5.2017    5.3245    5.4559    5.5947    5.7398    5.8901    6.0445    6.2019    6.3614    6.5217    6.6819    6.8408    6.9974    7.1506    7.2994    7.4426    7.5793    7.7082    7.8285    7.9387    8.0380    8.1248    8.1979    8.2553    8.2947
     0.9640   -0.4174    4.7594    4.8162    4.8879    4.9727    5.0691    5.1761    5.2923    5.4167    5.5481    5.6857    5.8282    5.9748    6.1243    6.2757    6.4280    6.5802    6.7312    6.8800    7.0255    7.1668    7.3029    7.4326    7.5550    7.6690    7.7736    7.8676    7.9500    8.0193    8.0739    8.1115
     1.2050   -0.4174    4.7575    4.8116    4.8799    4.9607    5.0527    5.1546    5.2654    5.3840    5.5092    5.6402    5.7759    5.9154    6.0576    6.2016    6.3463    6.4909    6.6343    6.7756    6.9137    7.0478    7.1768    7.2999    7.4159    7.5240    7.6231    7.7123    7.7902    7.8558    7.9073    7.9427
     1.4460   -0.4174    4.7549    4.8052    4.8687    4.9439    5.0295    5.1244    5.2276    5.3381    5.4551    5.5775    5.7044    5.8350    5.9682    6.1032    6.2391    6.3749    6.5097    6.6427    6.7728    6.8993    7.0212    7.1376    7.2475    7.3502    7.4446    7.5297    7.6046    7.6679    7.7183    7.7536
    -1.3255   -0.6261    4.7549    4.8052    4.8687    4.9438    5.0294    5.1244    5.2277    5.3383    5.4553    5.5779    5.7050    5.8357    5.9692    6.1044    6.2405    6.3766    6.5116    6.6449    6.7753    6.9020    7.0240    7.1406    7.2507    7.3535    7.4479    7.5331    7.6079    7.6712    7.7214    7.7565
    -1.0845   -0.6261    4.7575    4.8115    4.8797    4.9603    5.0520    5.1536    5.2639    5.3821    5.5069    5.6376    5.7730    5.9122    6.0542    6.1980    6.3428    6.4874    6.6310    6.7725    6.9110    7.0455    7.1751    7.2986    7.4153    7.5239    7.6236    7.7132    7.7916    7.8574    7.9092    7.9446
    -0.8435   -0.6261    4.7595    4.8165    4.8885    4.9737    5.0706    5.1780    5.2948    5.4197    5.5518    5.6900    5.8331    5.9801    6.1301    6.2819    6.4346    6.5870    6.7382    6.8872    7.0328    7.1741    7.3102    7.4399    7.5623    7.6763    7.7809    7.8749    7.9571    8.0261    8.0803    8.1174
    -0.6025   -0.6261    4.7616    4.8214    4.8969    4.9860    5.0874    5.1997    5.3217    5.4524    5.5904    5.7348    5.8845    6.0384    6.1954    6.3544    6.5143    6.6741    6.8327    6.9891    7.1420    7.2905    7.4335    7.5699    7.6986    7.8186    7.9286    8.0275    8.1140    8.1868    8.2439    8.2831
    -0.3615   -0.6261    4.7632    4.8254    4.9039    4.9967    5.1023    5.2194    5.3466    5.4828    5.6267    5.7772    5.9331    6.0933    6.2567    6.4220    6.5883    6.7543    6.9189    7.0810    7.2396    7.3934    7.5414    7.6826    7.8156    7.9394    8.0529    8.1548    8.2439    8.3186    8.3771    8.4169
    -0.1205   -0.6261    4.7632    4.8254    4.9039    4.9966    5.1021    5.2189    5.3458    5.4815    5.6250    5.7750    5.9305    6.0902    6.2532    6.4183    6.5844    6.7504    6.9151    7.0774    7.2363    7.3906    7.5392    7.6810    7.8149    7.9397    8.0543    8.1575    8.2479    8.3242    8.3843    8.4260
     0.1205   -0.6261    4.7631    4.8251    4.9034    4.9959    5.1013    5.2180    5.3449    5.4808    5.6244    5.7747    5.9305    6.0907    6.2542    6.4199    6.5865    6.7531    6.9184    7.0814    7.2408    7.3956    7.5446    7.6867    7.8208    7.9458    8.0604    8.1636    8.2539    8.3299    8.3899    8.4312
     0.3615   -0.6261    4.7631    4.8253    4.9037    4.9963    5.1016    5.2182    5.3448    5.4802    5.6233    5.7729    5.9280    6.0873    6.2498    6.4143    6.5798    6.7452    6.9093    7.0711    7.2294    7.3832    7.5313    7.6727    7.8062    7.9306    8.0448    8.1476    8.2376    8.3134    8.3731    8.4143
     0.6025   -0.6261    4.7615    4.8214    4.8968    4.9861    5.0876    5.2001    5.3224    5.4534    5.5918    5.7367    5.8869    6.0414    6.1990    6.3587    6.5193    6.6798    6.8391    6.9961    7.1496    7.2987    7.4421    7.5789    7.7080    7.8281    7.9383    8.0372    8.1237    8.1963    8.2532    8.2921
     0.8435   -0.6261    4.7594    4.8164    4.8882    4.9732    5.0700    5.1773    5.2939    5.4188    5.5507    5.6887    5.8317    5.9787    6.1285    6.2803    6.4328    6.5852    6.7364    6.8853    7.0310    7.1724    7.3085    7.4383    7.5607    7.6748    7.7794    7.8736    7.9559    8.0252    8.0796    8.1169
     1.0845   -0.6261    4.7575    4.8116    4.8798    4.9604    5.0520    5.1535    5.2637    5.3817    5.5063    5.6367    5.7718    5.9107    6.0525    6.1960    6.3405    6.4848    6.6280    6.7693    6.9074    7.0417    7.1710    7.2944    7.4109    7.5197    7.6196    7.7096    7.7885    7.8552    7.9079    7.9445
     1.3255   -0.6261    4.7549    4.8053    4.8688    4.9441    5.0298    5.1248    5.2281    5.3387    5.4557    5.5782    5.7052    5.8358    5.9691    6.1043    6.2403    6.3763    6.5113    6.6446    6.7751    6.9019    7.0242    7.1409    7.2513    7.3543    7.4489    7.5343    7.6092    7.6725    7.7227    7.7576
    -1.2050   -0.8348    4.7549    4.8052    4.8688    4.9440    5.0295    5.1245    5.2276    5.3382    5.4550    5.5774    5.7042    5.8347    5.9678    6.1028    6.2387    6.3746    6.5095    6.6427    6.7731    6.9000    7.0222    7.1390    7.2494    7.3525    7.4473    7.5328    7.6078    7.6714    7.7217    7.7570
    -0.9640   -0.8348    4.7575    4.8115    4.8796    4.9602    5.0519    5.1535    5.2640    5.3822    5.5072    5.6380    5.7735    5.9128    6.0549    6.1988    6.3436    6.4882    6.6317    6.7731    6.9115    7.0458    7.1750    7.2983    7.4147    7.5230    7.6224    7.7118    7.7901    7.8559    7.9078    7.9436
    -0.7230   -0.8348    4.7593    4.8160    4.8876    4.9722    5.0686    5.1754    5.2917    5.4162    5.5478    5.6856    5.8285    5.9754    6.1253    6.2772    6.4301    6.5829    6.7345    6.8840    7.0303    7.1724    7.3092    7.4398    7.5630    7.6778    7.7832    7.8780    7.9610    8.0309    8.0859    8.1237
    -0.4820   -0.8348    4.7616    4.8216    4.8972    4.9866    5.0883    5.2010    5.3235    5.4545    5.5929    5.7377    5.8876    6.0417    6.1988    6.3578    6.5177    6.6774    6.8357    6.9917    7.1443    7.2924    7.4349    7.5708    7.6989    7.8183    7.9277    8.0260    8.1118    8.1839    8.2403    8.2788
    -0.2410   -0.8348    4.7616    4.8215    4.8972    4.9868    5.0887    5.2017    5.3245    5.4558    5.5946    5.7397    5.8900    6.0445    6.2019    6.3613    6.5216    6.6817    6.8405    6.9970    7.1500    7.2986    7.4416    7.5780    7.7067    7.8267    7.9367    8.0357    8.1222    8.1950    8.2521    8.2912
     0.0000   -0.8348    4.7616    4.8216    4.8972    4.9865    5.0881    5.2007    5.3230    5.4539    5.5922    5.7368    5.8866    6.0406    6.1976    6.3565    6.5164    6.6762    6.8347    6.9910    7.1439    7.2924    7.4355    7.5720    7.7008    7.8210    7.9313    8.0306    8.1176    8.1909    8.2485    8.2881
     0.2410   -0.8348    4.7616    4.8215    4.8972    4.9866    5.0884    5.2012    5.3237    5.4548    5.5933    5.7381    5.8882    6.0424    6.1997    6.3590    6.5191    6.6791    6.8378    6.9942    7.1472    7.2958    7.4388    7.5752    7.7040    7.8240    7.9342    8.0333    8.1200    8.1930    8.2504    8.2897
     0.4820   -0.8348    4.7616    4.8215    4.8972    4.9867    5.0885    5.2013    5.3239    5.4551    5.5937    5.7385    5.8886    6.0428    6.1999    6.3590    6.5189    6.6785    6.8367    6.9926    7.1449    7.2927    7.4349    7.5703    7.6980    7.8168    7.9257    8.0234    8.1087    8.1803    8.2362    8.2742
     0.7230   -0.8348    4.7594    4.8163    4.8881    4.9730    5.0695    5.1765    5.2927    5.4171    5.5487    5.6862    5.8288    5.9754    6.1249    6.2764    6.4288    6.5810    6.7321    6.8810    7.0267    7.1681    7.3043    7.4341    7.5566    7.6708    7.7754    7.8695    7.9519    8.0212    8.0757    8.1133
     0.9640   -0.8348    4.7575    4.8116    4.8799    4.9606    5.0525    5.1543    5.2650    5.3834    5.5086    5.6396    5.7753    5.9148    6.0570    6.2011    6.3460    6.4908    6.6344    6.7760    6.9145    7.0490    7.1785    7.3019    7.4184    7.5270    7.6265    7.7160    7.7943    7.8602    7.9121    7.9477
     1.2050   -0.8348    4.7549    4.8054    4.8691    4.9445    5.0304    5.1257    5.2293    5.3402    5.4575    5.5802    5.7074    5.8382    5.9717    6.1069    6.2429    6.3788    6.5138    6.6469    6.7771    6.9038    7.0257    7.1423    7.2523    7.3551    7.4495    7.5347    7.6096    7.6729    7.7231    7.7582
    -1.0845   -1.0436    4.7550    4.8055    4.8694    4.9450    5.0310    5.1264    5.2300    5.3411    5.4585    5.5813    5.7087    5.8397    5.9734    6.1089    6.2452    6.3815    6.5168    6.6502    6.7808    6.9077    7.0299    7.1466    7.2569    7.3597    7.4542    7.5393    7.6139    7.6769    7.7266    7.7610
    -0.8435   -1.0436    4.7575    4.8115    4.8797    4.9604    5.0521    5.1538    5.2643    5.3825    5.5075    5.6382    5.7737    5.9130    6.0551    6.1990    6.3438    6.4885    6.6320    6.7735    6.9119    7.0463    7.1756    7.2990    7.4154    7.5238    7.6232    7.7126    7.7907    7.8565    7.9082    7.9437
    -0.6025   -1.0436    4.7594    4.8163    4.8880    4.9728    5.0692    5.1760    5.2921    5.4164    5.5477    5.6851    5.8275    5.9739    6.1232    6.2745    6.4266    6.5785    6.7293    6.8778    7.0232    7.1642    7.3000    7.4295    7.5516    7.6654    7.7697    7.8635    7.9455    8.0145    8.0685    8.1054
    -0.3615   -1.0436    4.7594    4.8162    4.8878    4.9727    5.0692    5.1763    5.2927    5.4173    5.5490    5.6867    5.8295    5.9763    6.1260    6.2777    6.4303    6.5827    6.7340    6.8830    7.0288    7.1702    7.3063    7.4361    7.5584    7.6723    7.7767    7.8705    7.9526    8.0215    8.0757    8.1129
    -0.1205   -1.0436    4.7594    4.8162    4.8878    4.9725    5.0690    5.1759    5.2922    5.4168    5.5485    5.6865    5.8295    5.9766    6.1267    6.2788    6.4318    6.5847    6.7364    6.8860    7.0322    7.1742    7.3108    7.4411    7.5639    7.6783    7.7832    7.8775    7.9600    8.0293    8.0839    8.1214
     0.1205   -1.0436    4.7594    4.8162    4.8880    4.9730    5.0697    5.1770    5.2935    5.4182    5.5500    5.6879    5.8307    5.9775    6.1272    6.2789    6.4314    6.5837    6.7349    6.8839    7.0296    7.1711    7.3073    7.4371    7.5596    7.6736    7.7780    7.8719    7.9538    8.0227    8.0767    8.1136
     0.3615   -1.0436    4.7594    4.8163    4.8881    4.9730    5.0697    5.1768    5.2931    5.4177    5.5493    5.6871    5.8298    5.9765    6.1262    6.2779    6.4305    6.5829    6.7343    6.8835    7.0294    7.1712    7.3077    7.4380    7.5608    7.6753    7.7803    7.8748    7.9573    8.0268    8.0814    8.1189
     0.6025   -1.0436    4.7594    4.8161    4.8875    4.9719    5.0679    5.1742    5.2898    5.4135    5.5442    5.6810    5.8228    5.9686    6.1173    6.2679    6.4193    6.5707    6.7208    6.8689    7.0137    7.1543    7.2897    7.4189    7.5408    7.6545    7.7588    7.8526    7.9348    8.0039    8.0582    8.0953
     0.8435   -1.0436    4.7575    4.8115    4.8798    4.9605    5.0525    5.1544    5.2652    5.3837    5.5090    5.6399    5.7755    5.9149    6.0569    6.2007    6.3452    6.4896    6.6327    6.7737    6.9116    7.0456    7.1745    7.2975    7.4136    7.5218    7.6212    7.7106    7.7889    7.8548    7.9066    7.9422
     1.0845   -1.0436    4.7549    4.8053    4.8689    4.9442    5.0298    5.1247    5.2279    5.3385    5.4554    5.5777    5.7047    5.8353    5.9686    6.1038    6.2398    6.3759    6.5111    6.6444    6.7750    6.9019    7.0243    7.1411    7.2515    7.3546    7.4492    7.5346    7.6095    7.6728    7.7229    7.7579
    -0.9640   -1.2523    4.7549    4.8053    4.8688    4.9440    5.0297    5.1246    5.2279    5.3384    5.4554    5.5778    5.7047    5.8353    5.9685    6.1036    6.2395    6.3755    6.5105    6.6436    6.7740    6.9008    7.0229    7.1397    7.2500    7.3531    7.4479    7.5335    7.6088    7.6725    7.7231    7.7585
    -0.7230   -1.2523    4.7574    4.8113    4.8793    4.9597    5.0513    5.1528    5.2632    5.3815    5.5065    5.6373    5.7729    5.9123    6.0544    6.1983    6.3431    6.4877    6.6311    6.7724    6.9105    7.0446    7.1736    7.2966    7.4125    7.5204    7.6193    7.7081    7.7856    7.8506    7.9015    7.9361
    -0.4820   -1.2523    4.7575    4.8116    4.8800    4.9608    5.0528    5.1547    5.2653    5.3836    5.5087    5.6394    5.7748    5.9140    6.0559    6.1997    6.3442    6.4885    6.6317    6.7729    6.9110    7.0451    7.1742    7.2974    7.4136    7.5220    7.6214    7.7109    7.7891    7.8550    7.9069    7.9426
    -0.2410   -1.2523    4.7575    4.8115    4.8797    4.9603    5.0521    5.1537    5.2642    5.3825    5.5074    5.6381    5.7736    5.9128    6.0548    6.1986    6.3432    6.4877    6.6310    6.7722    6.9104    7.0446    7.1737    7.2969    7.4131    7.5214    7.6207    7.7100    7.7881    7.8537    7.9053    7.9405
     0.0000   -1.2523    4.7576    4.8118    4.8803    4.9612    5.0532    5.1551    5.2659    5.3844    5.5096    5.6406    5.7763    5.9158    6.0581    6.2022    6.3471    6.4920    6.6357    6.7774    6.9160    7.0506    7.1803    7.3040    7.4207    7.5296    7.6294    7.7192    7.7977    7.8638    7.9156    7.9509
     0.2410   -1.2523    4.7575    4.8115    4.8797    4.9604    5.0521    5.1538    5.2644    5.3828    5.5080    5.6390    5.7748    5.9144    6.0568    6.2010    6.3460    6.4908    6.6345    6.7760    6.9143    7.0486    7.1778    7.3010    7.4171    7.5252    7.6243    7.7134    7.7913    7.8567    7.9081    7.9432
     0.4820   -1.2523    4.7575    4.8115    4.8796    4.9601    5.0517    5.1532    5.2636    5.3817    5.5066    5.6372    5.7726    5.9117    6.0536    6.1973    6.3419    6.4862    6.6294    6.7705    6.9085    7.0425    7.1713    7.2942    7.4101    7.5181    7.6170    7.7059    7.7836    7.8488    7.9001    7.9352
     0.7230   -1.2523    4.7575    4.8116    4.8799    4.9607    5.0528    5.1548    5.2658    5.3845    5.5101    5.6414    5.7776    5.9175    6.0603    6.2048    6.3502    6.4953    6.6393    6.7811    6.9197    7.0542    7.1834    7.3066    7.4226    7.5304    7.6290    7.7175    7.7946    7.8591    7.9094    7.9434
     0.9640   -1.2523    4.7549    4.8053    4.8688    4.9440    5.0296    5.1244    5.2276    5.3380    5.4548    5.5771    5.7039    5.8343    5.9674    6.1024    6.2382    6.3740    6.5089    6.6419    6.7722    6.8989    7.0210    7.1377    7.2480    7.3510    7.4458    7.5315    7.6068    7.6706    7.7213    7.7568
    -0.6025   -1.4610    4.7549    4.8054    4.8691    4.9446    5.0305    5.1257    5.2291    5.3399    5.4570    5.5795    5.7065    5.8371    5.9704    6.1055    6.2414    6.3773    6.5122    6.6453    6.7755    6.9022    7.0242    7.1407    7.2508    7.3537    7.4482    7.5336    7.6085    7.6719    7.7223    7.7574
    -0.3615   -1.4610    4.7549    4.8053    4.8688    4.9440    5.0296    5.1246    5.2280    5.3387    5.4558    5.5785    5.7057    5.8366    5.9702    6.1056    6.2420    6.3783    6.5137    6.6473    6.7780    6.9051    7.0275    7.1444    7.2548    7.3579    7.4525    7.5377    7.6125    7.6757    7.7257    7.7606
    -0.1205   -1.4610    4.7549    4.8053    4.8690    4.9444    5.0302    5.1253    5.2288    5.3395    5.4567    5.5794    5.7065    5.8373    5.9707    6.1058    6.2418    6.3776    6.5125    6.6454    6.7755    6.9018    7.0236    7.1399    7.2497    7.3524    7.4467    7.5320    7.6069    7.6705    7.7211    7.7566
     0.1205   -1.4610    4.7549    4.8053    4.8689    4.9442    5.0299    5.1249    5.2282    5.3388    5.4557    5.5780    5.7048    5.8353    5.9684    6.1033    6.2392    6.3750    6.5099    6.6430    6.7733    6.9000    7.0221    7.1387    7.2489    7.3517    7.4462    7.5313    7.6059    7.6689    7.7187    7.7533
     0.3615   -1.4610    4.7549    4.8054    4.8691    4.9445    5.0304    5.1256    5.2292    5.3402    5.4576    5.5804    5.7079    5.8389    5.9727    6.1083    6.2448    6.3812    6.5166    6.6502    6.7809    6.9080    7.0304    7.1473    7.2577    7.3607    7.4554    7.5408    7.6157    7.6789    7.7290    7.7639
     0.6025   -1.4610    4.7549    4.8054    4.8692    4.9446    5.0305    5.1257    5.2291    5.3397    5.4567    5.5791    5.7059    5.8364    5.9695    6.1044    6.2402    6.3759    6.5107    6.6437    6.7740    6.9006    7.0226    7.1392    7.2495    7.3524    7.4471    7.5326    7.6076    7.6712    7.7215    7.7567
