    -0.602500    1.460985    4.324085    4.323660    4.322096    4.319676    4.316273    4.312147    4.307226    4.301788    4.295828    4.289610    4.283177    4.276748    4.270391    4.264258    4.258429    4.252977    4.247987    4.243454    4.239468    4.235949    4.232992    4.230454    4.228437    4.226745    4.225490    4.224443    4.223743    4.223165    4.222899    4.222757
     4.222889   -0.361500    1.460985    4.323366    4.322887    4.321418    4.319003    4.315629    4.311473    4.306558    4.301095    4.295130    4.288892    4.282433    4.275971    4.269548    4.263355    4.257408    4.251861    4.246702    4.242045    4.237848    4.234190    4.231005    4.228335    4.226100    4.224309    4.222885    4.221817    4.221043    4.220541    4.220263
     4.220155    4.220122   -0.120500    1.460985    4.324241    4.323799    4.322246    4.319813    4.316381    4.312217    4.307253    4.301779    4.295779    4.289538    4.283073    4.276633    4.270249    4.264108    4.258244    4.252771    4.247723    4.243145    4.239068    4.235472    4.232394    4.229756    4.227601    4.225804    4.224425    4.223309    4.222548    4.221979
     4.221737    4.221642    4.221759    0.120500    1.460985    4.325101    4.324604    4.323065    4.320569    4.317063    4.312785    4.307708    4.302115    4.295990    4.289638    4.283040    4.276493    4.269963    4.263713    4.257692    4.252110    4.246902    4.242213    4.237979    4.234270    4.231042    4.228288    4.225997    4.224089    4.222604    4.221400    4.220578
     4.219948    4.219664    4.219499    4.219555    0.361500    1.460985    4.323162    4.322725    4.321271    4.318976    4.315765    4.311851    4.307201    4.302045    4.296392    4.290463    4.284300    4.278093    4.271902    4.265865    4.260048    4.254530    4.249375    4.244605    4.240280    4.236369    4.232934    4.229893    4.227320    4.225092    4.223305    4.221807
     4.220721    4.219874    4.219417    4.219150    4.219164    0.602500    1.460985    4.322445    4.322005    4.320601    4.318307    4.315085    4.311130    4.306429    4.301216    4.295497    4.289523    4.283300    4.277075    4.270840    4.264817    4.258977    4.253503    4.248347    4.243645    4.239338    4.235508    4.232103    4.229146    4.226607    4.224457    4.222702
     4.221268    4.220211    4.219409    4.218967    4.218729    4.218761   -0.964000    1.252273    4.327168    4.326657    4.325214    4.322711    4.319289    4.314979    4.309966    4.304297    4.298200    4.291721    4.285105    4.278384    4.271792    4.265336    4.259215    4.253413    4.248076    4.243171    4.238785    4.234881    4.231487    4.228574    4.226116    4.224095
     4.222436    4.221142    4.220103    4.219356    4.218780    4.218459    4.218283   -0.723000    1.252273    4.328299    4.327757    4.326302    4.323726    4.320175    4.315710    4.310509    4.304647    4.298333    4.291648    4.284806    4.277883    4.271073    4.264435    4.258116    4.252162    4.246657    4.241639    4.237125    4.233158    4.229688    4.226769    4.224296
     4.222336    4.220732    4.219565    4.218652    4.218082    4.217653    4.217425    4.217190   -0.482000    1.252273    4.327039    4.326539    4.325054    4.322561    4.319117    4.314849    4.309851    4.304251    4.298194    4.291798    4.285245    4.278614    4.272104    4.265735    4.259699    4.253962    4.248696    4.243820    4.239481    4.235567    4.232194    4.229235
     4.226770    4.224674    4.222989    4.221614    4.220565    4.219777    4.219255    4.218947    4.218817   -0.241000    1.252273    4.326222    4.325742    4.324186    4.321688    4.318214    4.313951    4.308922    4.303321    4.297230    4.290828    4.284244    4.277615    4.271087    4.264742    4.258723    4.253049    4.247850    4.243088    4.238875    4.235128    4.231944
     4.229199    4.226979    4.225130    4.223731    4.222607    4.221845    4.221273    4.220994    4.220839    4.220857    0.000000    1.252273    4.326799    4.326355    4.324821    4.322365    4.318940    4.314735    4.309752    4.304194    4.298129    4.291754    4.285177    4.278560    4.272025    4.265676    4.259634    4.253936    4.248700    4.243890    4.239625    4.235800
     4.232540    4.229680    4.227356    4.225352    4.223821    4.222516    4.221620    4.220882    4.220521    4.220307    4.220398    0.241000    1.252273    4.327496    4.327098    4.325683    4.323357    4.320078    4.315999    4.311146    4.305688    4.299709    4.293379    4.286816    4.280164    4.273547    4.267073    4.260850    4.254940    4.249431    4.244339    4.239727
     4.235571    4.231918    4.228701    4.225964    4.223606    4.221677    4.220058    4.218826    4.217856    4.217259    4.216925    4.216964    0.482000    1.252273    4.325233    4.324758    4.323371    4.321021    4.317768    4.313725    4.308977    4.303643    4.297851    4.291719    4.285396    4.278981    4.272622    4.266381    4.260388    4.254670    4.249326    4.244353
     4.239818    4.235702    4.232039    4.228799    4.225992    4.223588    4.221579    4.219942    4.218669    4.217735    4.217127    4.216779    4.216631    0.723000    1.252273    4.324394    4.323943    4.322588    4.320285    4.317095    4.313123    4.308461    4.303225    4.297545    4.291531    4.285342    4.279063    4.272856    4.266765    4.260940    4.255384    4.250224
     4.245422    4.241082    4.237135    4.233661    4.230566    4.227915    4.225600    4.223677    4.222045    4.220763    4.219745    4.219050    4.218609    4.218476    0.964000    1.252273    4.319128    4.318730    4.317363    4.315203    4.312157    4.308425    4.303984    4.299040    4.293632    4.287944    4.282062    4.276129    4.270250    4.264515    4.259032    4.253837
     4.249025    4.244590    4.240608    4.237041    4.233941    4.231248    4.228994    4.227102    4.225587    4.224369    4.223459    4.222775    4.222332    4.222062    4.221963   -1.084500    1.043561    4.325082    4.324610    4.323129    4.320672    4.317269    4.313050    4.308094    4.302545    4.296529    4.290194    4.283686    4.277135    4.270683    4.264425    4.258477
     4.252891    4.247748    4.243064    4.238880    4.235181    4.231983    4.229246    4.226967    4.225090    4.223603    4.222438    4.221583    4.220970    4.220602    4.220418    4.220392   -0.843500    1.043561    4.326001    4.325555    4.323955    4.321419    4.317832    4.313460    4.308248    4.302511    4.296228    4.289724    4.282989    4.276321    4.269707    4.263393
     4.257354    4.251773    4.246608    4.241976    4.237828    4.234218    4.231100    4.228475    4.226305    4.224546    4.223175    4.222112    4.221355    4.220810    4.220514    4.220391    4.220479   -0.602500    1.043561    4.325952    4.325549    4.323871    4.321398    4.317902    4.313693    4.308656    4.303110    4.297031    4.290699    4.284166    4.277635    4.271211
     4.264997    4.259135    4.253621    4.248621    4.244031    4.240040    4.236457    4.233492    4.230886    4.228867    4.227117    4.225873    4.224786    4.224104    4.223490    4.223229    4.223066    4.223262   -0.361500    1.043561    4.330218    4.329740    4.328209    4.325608    4.321951    4.317390    4.311995    4.305955    4.299377    4.292465    4.285337    4.278190
     4.271118    4.264289    4.257757    4.251659    4.245997    4.240881    4.236263    4.232232    4.228705    4.225749    4.223251    4.221263    4.219651    4.218455    4.217538    4.216940    4.216527    4.216318    4.216193   -0.120500    1.043561    4.324130    4.323673    4.322082    4.319630    4.316191    4.312015    4.307044    4.301558    4.295555    4.289305    4.282838
     4.276389    4.269995    4.263837    4.257941    4.252434    4.247325    4.242690    4.238520    4.234855    4.231672    4.228979    4.226742    4.224937    4.223533    4.222474    4.221745    4.221267    4.221050    4.221002    4.221095    0.120500    1.043561    4.328593    4.328051    4.326560    4.323953    4.320358    4.315872    4.310630    4.304766    4.298422    4.291760
     4.284907    4.278030    4.271222    4.264636    4.258316    4.252396    4.246867    4.241845    4.237273    4.233251    4.229686    4.226665    4.224068    4.221971    4.220243    4.218944    4.217948    4.217293    4.216864    4.216666    4.216581    0.361500    1.043561    4.328386    4.327891    4.326381    4.323857    4.320317    4.315930    4.310761    4.305005    4.298754
     4.292196    4.285444    4.278658    4.271954    4.265441    4.259223    4.253356    4.247918    4.242920    4.238413    4.234377    4.230834    4.227745    4.225111    4.222887    4.221052    4.219570    4.218408    4.217535    4.216893    4.216451    4.216196    0.602500    1.043561    4.327188    4.326768    4.325250    4.322815    4.319403    4.315190    4.310198    4.304617
     4.298536    4.292133    4.285541    4.278897    4.272353    4.265984    4.259939    4.254225    4.248980    4.244145    4.239847    4.235973    4.232643    4.229703    4.227265    4.225153    4.223480    4.222064    4.221025    4.220191    4.219686    4.219373    4.219378    0.843500    1.043561    4.325323    4.324798    4.323433    4.321012    4.317657    4.313453    4.308544
     4.303031    4.297070    4.290771    4.284295    4.277746    4.271268    4.264945    4.258886    4.253154    4.247814    4.242910    4.238458    4.234493    4.230986    4.227967    4.225364    4.223215    4.221416    4.220021    4.218906    4.218133    4.217548    4.217191    4.216922    1.084500    1.043561    4.324185    4.323677    4.322246    4.319788    4.316350    4.312074
     4.307045    4.301442    4.295359    4.288993    4.282432    4.275870    4.269370    4.263106    4.257105    4.251509    4.246307    4.241608    4.237367    4.233663    4.230427    4.227707    4.225414    4.223575    4.222090    4.220973    4.220123    4.219544    4.219139    4.218916    4.218800   -1.205000    0.834848    4.325705    4.325243    4.323726    4.321278    4.317854
     4.313641    4.308660    4.303119    4.297089    4.290767    4.284250    4.277703    4.271229    4.264944    4.258943    4.253288    4.248053    4.243254    4.238939    4.235090    4.231735    4.228832    4.226390    4.224353    4.222719    4.221414    4.220435    4.219703    4.219222    4.218930    4.218838   -0.964000    0.834848    4.326247    4.325749    4.324246    4.321769
     4.318333    4.314092    4.309115    4.303552    4.297519    4.291158    4.284617    4.278010    4.271494    4.265144    4.259100    4.253397    4.248144    4.243337    4.239050    4.235247    4.231975    4.229170    4.226858    4.224946    4.223455    4.222265    4.221406    4.220756    4.220360    4.220107    4.220029   -0.723000    0.834848    4.326940    4.326413    4.324774
     4.322123    4.318432    4.313932    4.308632    4.302779    4.296424    4.289814    4.283020    4.276264    4.269614    4.263240    4.257197    4.251589    4.246454    4.241829    4.237744    4.234174    4.231156    4.228609    4.226584    4.224949    4.223776    4.222883    4.222372    4.222022    4.221970    4.221965    4.222087   -0.482000    0.834848    4.326888    4.326364
     4.324727    4.322094    4.318399    4.313894    4.308558    4.302681    4.296263    4.289610    4.282725    4.275904    4.269130    4.262665    4.256463    4.250739    4.245418    4.240667    4.236389    4.232705    4.229511    4.226878    4.224710    4.223021    4.221733    4.220809    4.220207    4.219847    4.219723    4.219713    4.219791   -0.241000    0.834848    4.329121
     4.328642    4.326995    4.324384    4.320728    4.316257    4.310970    4.305117    4.298759    4.292121    4.285313    4.278498    4.271811    4.265333    4.259209    4.253432    4.248152    4.243285    4.238982    4.235098    4.231786    4.228862    4.226469    4.224405    4.222797    4.221444    4.220463    4.219678    4.219195    4.218882    4.218837    0.000000    0.834848
     4.328834    4.328380    4.326864    4.324365    4.320865    4.316518    4.311392    4.305647    4.299424    4.292858    4.286135    4.279339    4.272674    4.266159    4.259994    4.254132    4.248755    4.243764    4.239316    4.235284    4.231796    4.228717    4.226141    4.223938    4.222164    4.220705    4.219583    4.218713    4.218086    4.217668    4.217480    0.241000
     0.834848    4.326641    4.326174    4.324710    4.322284    4.318933    4.314746    4.309840    4.304300    4.298316    4.291954    4.285449    4.278827    4.272337    4.265957    4.259922    4.254166    4.248890    4.243998    4.239651    4.235732    4.232364    4.229420    4.226985    4.224931    4.223310    4.222000    4.221028    4.220286    4.219774    4.219419    4.219246
     0.482000    0.834848    4.325121    4.324618    4.323081    4.320577    4.317106    4.312853    4.307858    4.302315    4.296302    4.290010    4.283538    4.277054    4.270655    4.264464    4.258564    4.253027    4.247911    4.243242    4.239055    4.235339    4.232110    4.229331    4.227003    4.225075    4.223540    4.222342    4.221475    4.220875    4.220531    4.220367
     4.220363    0.723000    0.834848    4.323802    4.323358    4.321770    4.319347    4.315926    4.311801    4.306876    4.301470    4.295533    4.289372    4.282969    4.276592    4.270237    4.264116    4.258226    4.252714    4.247575    4.242898    4.238673    4.234941    4.231688    4.228913    4.226599    4.224708    4.223228    4.222090    4.221300    4.220764    4.220503
     4.220404    4.220466    0.964000    0.834848    4.327121    4.326701    4.325246    4.322859    4.319512    4.315344    4.310421    4.304876    4.298855    4.292465    4.285906    4.279237    4.272685    4.266244    4.260145    4.254317    4.248979    4.244010    4.239609    4.235620    4.232216    4.229217    4.226763    4.224665    4.223029    4.221674    4.220679    4.219884
     4.219338    4.218943    4.218811    1.205000    0.834848    4.327181    4.326711    4.325145    4.322642    4.319141    4.314852    4.309772    4.304129    4.297974    4.291522    4.284858    4.278159    4.271532    4.265092    4.258952    4.253159    4.247824    4.242926    4.238574    4.234685    4.231369    4.228486    4.226144    4.224163    4.222646    4.221393    4.220510
     4.219794    4.219367    4.219068    4.219029   -1.325500    0.626136    4.326549    4.326088    4.324523    4.322064    4.318627    4.314432    4.309465    4.303957    4.297954    4.291663    4.285177    4.278652    4.272211    4.265937    4.259965    4.254302    4.249087    4.244251    4.239934    4.236008    4.232618    4.229591    4.227078    4.224876    4.223137    4.221640
     4.220536    4.219608    4.219024    4.218624    4.218584   -1.084500    0.626136    4.330451    4.329974    4.328478    4.325910    4.322332    4.317852    4.312581    4.306652    4.300220    4.293426    4.286442    4.279396    4.272442    4.265681    4.259232    4.253158    4.247535    4.242389    4.237754    4.233629    4.230018    4.226898    4.224254    4.222048    4.220258
     4.218835    4.217758    4.216977    4.216487    4.216238    4.216222   -0.843500    0.626136    4.327495    4.327056    4.325408    4.322862    4.319272    4.314914    4.309725    4.304003    4.297748    4.291242    4.284527    4.277831    4.271220    4.264845    4.258785    4.253100    4.247879    4.243096    4.238847    4.235041    4.231784    4.228933    4.226609    4.224630
     4.223124    4.221882    4.221041    4.220378    4.220051    4.219851    4.219893   -0.602500    0.626136    4.327046    4.326491    4.324887    4.322236    4.318543    4.314016    4.308689    4.302800    4.296399    4.289746    4.282881    4.276062    4.269305    4.262839    4.256644    4.250911    4.245584    4.240811    4.236511    4.232788    4.229549    4.226854    4.224613
     4.222838    4.221453    4.220434    4.219731    4.219293    4.219096    4.219039    4.219045   -0.361500    0.626136    4.327076    4.326582    4.325025    4.322519    4.319026    4.314753    4.309713    4.304114    4.298030    4.291649    4.285085    4.278482    4.271973    4.265632    4.259600    4.253878    4.248607    4.243720    4.239359    4.235409    4.232014    4.229019
     4.226569    4.224476    4.222878    4.221563    4.220663    4.219959    4.219578    4.219316    4.219275   -0.120500    0.626136    4.329571    4.329100    4.327553    4.325029    4.321518    4.317170    4.312052    4.306322    4.300109    4.293551    4.286816    4.279997    4.273273    4.266686    4.260399    4.254411    4.248851    4.243693    4.239025    4.234814    4.231108
     4.227879    4.225132    4.222842    4.220975    4.219509    4.218383    4.217577    4.217023    4.216711    4.216619    0.120500    0.626136    4.329094    4.328580    4.326969    4.324323    4.320620    4.316058    4.310671    4.304697    4.298194    4.291410    4.284409    4.277424    4.270497    4.263833    4.257437    4.251479    4.245924    4.240910    4.236364    4.232401
     4.228920    4.226011    4.223560    4.221624    4.220086    4.218966    4.218154    4.217636    4.217317    4.217154    4.217092    0.361500    0.626136    4.329579    4.329056    4.327330    4.324553    4.320625    4.315855    4.310193    4.303997    4.297233    4.290274    4.283083    4.276011    4.269007    4.262367    4.256018    4.250188    4.244785    4.239969    4.235640
     4.231896    4.228644    4.225932    4.223680    4.221891    4.220503    4.219484    4.218797    4.218375    4.218203    4.218169    4.218239    0.602500    0.626136    4.326190    4.325750    4.324153    4.321693    4.318251    4.314070    4.309114    4.303612    4.297619    4.291325    4.284856    4.278333    4.271923    4.265665    4.259747    4.254120    4.248978    4.244202
     4.239987    4.236157    4.232907    4.230020    4.227688    4.225663    4.224131    4.222832    4.221944    4.221212    4.220808    4.220521    4.220509    0.843500    0.626136    4.330797    4.330259    4.328591    4.325843    4.321996    4.317281    4.311713    4.305561    4.298856    4.291884    4.284677    4.277511    4.270403    4.263592    4.257069    4.251023    4.245416
     4.240381    4.235865    4.231943    4.228556    4.225718    4.223379    4.221493    4.220035    4.218914    4.218141    4.217597    4.217322    4.217186    4.217224    1.084500    0.626136    4.328918    4.328481    4.326860    4.324291    4.320642    4.316177    4.310845    4.304954    4.298497    4.291782    4.284824    4.277900    4.271028    4.264428    4.258111    4.252228
     4.246782    4.241854    4.237445    4.233569    4.230230    4.227386    4.225041    4.223111    4.221607    4.220419    4.219579    4.218961    4.218618    4.218442    4.218504    1.325500    0.626136    4.327397    4.326887    4.325373    4.322846    4.319342    4.315006    4.309907    4.304206    4.298004    4.291468    4.284719    4.277910    4.271155    4.264580    4.258277
     4.252337    4.246822    4.241782    4.237254    4.233251    4.229784    4.226829    4.224379    4.222378    4.220812    4.219601    4.218741    4.218139    4.217799    4.217607    4.217535   -1.446000    0.417424    4.328229    4.327739    4.326304    4.323837    4.320408    4.316107    4.311053    4.305361    4.299183    4.292640    4.285895    4.279055    4.272274    4.265635
     4.259262    4.253212    4.247566    4.242356    4.237618    4.233370    4.229605    4.226340    4.223534    4.221203    4.219276    4.217769    4.216591    4.215753    4.215151    4.214802    4.214619   -1.205000    0.417424    4.328806    4.328347    4.326805    4.324285    4.320727    4.316334    4.311111    4.305293    4.298927    4.292251    4.285328    4.278376    4.271455
     4.264749    4.258293    4.252232    4.246566    4.241403    4.236706    4.232555    4.228884    4.225753    4.223078    4.220900    4.219128    4.217781    4.216767    4.216083    4.215648    4.215435    4.215362   -0.964000    0.417424    4.326405    4.325881    4.324295    4.321737    4.318177    4.313838    4.308715    4.303057    4.296885    4.290455    4.283795    4.277143
     4.270521    4.264130    4.257970    4.252200    4.246794    4.241874    4.237389    4.233429    4.229933    4.226956    4.224437    4.222391    4.220764    4.219524    4.218634    4.218021    4.217681    4.217522    4.217541   -0.723000    0.417424    4.330545    4.330073    4.328440    4.325812    4.322132    4.317603    4.312256    4.306300    4.299844    4.293072    4.286143
     4.279181    4.272372    4.265761    4.259536    4.253660    4.248315    4.243384    4.239047    4.235127    4.231801    4.228850    4.226452    4.224358    4.222741    4.221343    4.220333    4.219471    4.218930    4.218529    4.218452   -0.482000    0.417424    4.329068    4.328602    4.326917    4.324317    4.320624    4.316158    4.310819    4.304950    4.298504    4.291817
     4.284874    4.277971    4.271099    4.264497    4.258144    4.252215    4.246676    4.241644    4.237074    4.233040    4.229500    4.226481    4.223954    4.221897    4.220293    4.219069    4.218230    4.217658    4.217396    4.217284    4.217365   -0.241000    0.417424    4.329633    4.329156    4.327537    4.324946    4.321327    4.316904    4.311663    4.305856    4.299513
     4.292888    4.286034    4.279176    4.272366    4.265785    4.259468    4.253540    4.248018    4.242974    4.238413    4.234357    4.230813    4.227752    4.225188    4.223042    4.221342    4.219966    4.218968    4.218213    4.217796    4.217594    4.217685    0.000000    0.417424    4.333219    4.332709    4.331129    4.328404    4.324623    4.319877    4.314326    4.308081
     4.301356    4.294266    4.287051    4.279790    4.272717    4.265860    4.259422    4.253369    4.247869    4.242830    4.238396    4.234424    4.231049    4.228094    4.225688    4.223629    4.222042    4.220707    4.219743    4.218938    4.218411    4.218003    4.217858    0.241000    0.417424    4.328793    4.328268    4.326594    4.323903    4.320163    4.315592    4.310217
     4.304277    4.297846    4.291155    4.284305    4.277482    4.270790    4.264351    4.258262    4.252567    4.247354    4.242597    4.238384    4.234626    4.231420    4.228627    4.226355    4.224426    4.222953    4.221733    4.220884    4.220205    4.219831    4.219612    4.219673    0.482000    0.417424    4.330243    4.329750    4.328092    4.325439    4.321719    4.317166
     4.311784    4.305812    4.299319    4.292521    4.285526    4.278504    4.271578    4.264857    4.258453    4.252417    4.246836    4.241715    4.237115    4.233012    4.229441    4.226364    4.223789    4.221669    4.219989    4.218692    4.217747    4.217086    4.216668    4.216422    4.216322    0.723000    0.417424    4.331727    4.331261    4.329668    4.327050    4.323376
     4.318831    4.313462    4.307477    4.300973    4.294146    4.287123    4.280057    4.273088    4.266305    4.259845    4.253731    4.248084    4.242872    4.238200    4.233997    4.230346    4.227151    4.224471    4.222199    4.220368    4.218874    4.217733    4.216857    4.216253    4.215865    4.215742    0.964000    0.417424    4.328294    4.327761    4.326045    4.323378
     4.319668    4.315177    4.309877    4.304042    4.297688    4.291073    4.284254    4.277442    4.270714    4.264214    4.258026    4.252214    4.246868    4.241980    4.237640    4.233779    4.230491    4.227648    4.225350    4.223424    4.221975    4.220804    4.220029    4.219440    4.219170    4.219028    4.219094    1.205000    0.417424    4.330069    4.329545    4.327930
     4.325278    4.321606    4.317083    4.311769    4.305849    4.299419    4.292665    4.285706    4.278705    4.271780    4.265056    4.258631    4.252590    4.246998    4.241900    4.237332    4.233299    4.229811    4.226837    4.224364    4.222334    4.220728    4.219474    4.218567    4.217931    4.217587    4.217459    4.217532    1.446000    0.417424    4.329970    4.329481
     4.327841    4.325195    4.321486    4.316936    4.311540    4.305554    4.299012    4.292181    4.285113    4.278054    4.271050    4.264304    4.257849    4.251826    4.246252    4.241210    4.236706    4.232759    4.229371    4.226502    4.224154    4.222230    4.220745    4.219569    4.218744    4.218131    4.217811    4.217646    4.217690   -1.566500    0.208712    4.328026
     4.327477    4.325899    4.323244    4.319559    4.315010    4.309660    4.303724    4.297265    4.290529    4.283565    4.276628    4.269737    4.263129    4.256785    4.250907    4.245443    4.240537    4.236123    4.232283    4.228952    4.226151    4.223836    4.221965    4.220527    4.219422    4.218680    4.218155    4.217921    4.217806    4.217845   -1.325500    0.208712
     4.326183    4.325713    4.324088    4.321580    4.318094    4.313855    4.308839    4.303282    4.297224    4.290881    4.284339    4.277766    4.271273    4.264963    4.258954    4.253279    4.248056    4.243249    4.238977    4.235143    4.231870    4.229008    4.226689    4.224719    4.223238    4.222014    4.221201    4.220548    4.220242    4.220074    4.220195   -1.084500
     0.208712    4.327809    4.327320    4.325820    4.323325    4.319859    4.315562    4.310508    4.304851    4.298712    4.292239    4.285583    4.278862    4.272233    4.265763    4.259600    4.253752    4.248351    4.243349    4.238864    4.234807    4.231280    4.228170    4.225563    4.223333    4.221547    4.220076    4.218969    4.218110    4.217538    4.217178    4.217082
    -0.843500    0.208712    4.330967    4.330453    4.328926    4.326326    4.322721    4.318234    4.312975    4.307070    4.300677    4.293914    4.286967    4.279928    4.272982    4.266180    4.259687    4.253510    4.247777    4.242466    4.237664    4.233334    4.229524    4.226195    4.223356    4.220974    4.219019    4.217466    4.216259    4.215382    4.214755    4.214361
     4.214134   -0.602500    0.208712    4.328825    4.328326    4.326615    4.323967    4.320259    4.315777    4.310462    4.304618    4.298239    4.291616    4.284775    4.277963    4.271222    4.264729    4.258527    4.252719    4.247344    4.242434    4.238028    4.234099    4.230691    4.227727    4.225261    4.223173    4.221527    4.220179    4.219210    4.218471    4.218070
     4.217867    4.217922   -0.361500    0.208712    4.331870    4.331432    4.329734    4.327094    4.323368    4.318820    4.313414    4.307416    4.300892    4.294064    4.287068    4.280044    4.273169    4.266476    4.260167    4.254170    4.248694    4.243585    4.239055    4.234904    4.231340    4.228146    4.225519    4.223230    4.221451    4.219951    4.218876    4.218009
     4.217494    4.217171    4.217174   -0.120500    0.208712    4.330492    4.330009    4.328467    4.325886    4.322309    4.317849    4.312619    4.306742    4.300393    4.293681    4.286817    4.279870    4.273052    4.266386    4.260057    4.254046    4.248502    4.243376    4.238774    4.234637    4.231033    4.227899    4.225266    4.223070    4.221303    4.219904    4.218837
     4.218055    4.217515    4.217187    4.217034    0.120500    0.208712    4.326791    4.326276    4.324559    4.321888    4.318149    4.313629    4.308277    4.302416    4.296029    4.289437    4.282637    4.275917    4.269264    4.262921    4.256847    4.251234    4.246010    4.241326    4.237086    4.233411    4.230191    4.227524    4.225296    4.223571    4.222237    4.221310
     4.220695    4.220356    4.220248    4.220308    4.220470    0.361500    0.208712    4.330421    4.329922    4.328280    4.325590    4.321823    4.317158    4.311659    4.305534    4.298898    4.291953    4.284835    4.277711    4.270712    4.263955    4.257546    4.251550    4.246035    4.241027    4.236557    4.232622    4.229223    4.226342    4.223954    4.222030    4.220523
     4.219392    4.218578    4.218034    4.217704    4.217529    4.217430    0.602500    0.208712    4.333081    4.332577    4.330977    4.328270    4.324522    4.319847    4.314371    4.308223    4.301594    4.294601    4.287466    4.280269    4.273238    4.266389    4.259939    4.253834    4.248273    4.243136    4.238604    4.234505    4.231009    4.227906    4.225357    4.223132
     4.221381    4.219875    4.218747    4.217796    4.217154    4.216714    4.216661    0.843500    0.208712    4.331943    4.331373    4.329717    4.326932    4.323062    4.318287    4.312691    4.306466    4.299734    4.292681    4.285448    4.278194    4.271048    4.264134    4.257546    4.251373    4.245661    4.240473    4.235812    4.231725    4.228166    4.225174    4.222666
     4.220670    4.219082    4.217916    4.217063    4.216520    4.216183    4.216025    4.215932    1.084500    0.208712    4.331353    4.330916    4.329283    4.326670    4.322985    4.318434    4.313015    4.306970    4.300361    4.293428    4.286266    4.279084    4.271976    4.265102    4.258540    4.252390    4.246709    4.241547    4.236937    4.232883    4.229399    4.226445
     4.224017    4.222035    4.220489    4.219274    4.218394    4.217747    4.217364    4.217162    4.217170    1.325500    0.208712    4.332699    4.332181    4.330598    4.327905    4.324195    4.319552    4.314119    4.308007    4.301402    4.294422    4.287269    4.280043    4.272944    4.266026    4.259470    4.253277    4.247600    4.242389    4.237772    4.233649    4.230126
     4.227062    4.224549    4.222417    4.220748    4.219369    4.218361    4.217565    4.217075    4.216759    4.216705    1.566500    0.208712    4.329383    4.328845    4.327191    4.324494    4.320748    4.316150    4.310729    4.304720    4.298177    4.291350    4.284300    4.277262    4.270289    4.263576    4.257157    4.251176    4.245647    4.240654    4.236200    4.232308
     4.228973    4.226161    4.223869    4.222007    4.220591    4.219489    4.218744    4.218206    4.217949    4.217813    4.217830   -1.446000    0.000000    4.329525    4.329085    4.327558    4.325049    4.321536    4.317172    4.312019    4.306239    4.299966    4.293341    4.286543    4.279665    4.272910    4.266306    4.260060    4.254131    4.248714    4.243709    4.239285
     4.235301    4.231906    4.228930    4.226500    4.224436    4.222838    4.221524    4.220569    4.219803    4.219292    4.218931    4.218853   -1.205000    0.000000    4.328530    4.327983    4.326266    4.323506    4.319613    4.314890    4.309293    4.303175    4.296492    4.289618    4.282498    4.275499    4.268544    4.261960    4.255645    4.249867    4.244502    4.239752
     4.235482    4.231832    4.228667    4.226072    4.223927    4.222263    4.220980    4.220062    4.219436    4.219044    4.218847    4.218762    4.218755   -0.964000    0.000000    4.330200    4.329773    4.328201    4.325662    4.322086    4.317640    4.312368    4.306447    4.300007    4.293207    4.286222    4.279166    4.272229    4.265466    4.259047    4.252977    4.247388
     4.242249    4.237650    4.233542    4.229976    4.226902    4.224332    4.222219    4.220535    4.219234    4.218265    4.217586    4.217138    4.216889    4.216816   -0.723000    0.000000    4.331332    4.330800    4.329144    4.326400    4.322575    4.317846    4.312282    4.306090    4.299381    4.292364    4.285168    4.277974    4.270898    4.264076    4.257593    4.251532
     4.245945    4.240870    4.236326    4.232321    4.228853    4.225904    4.223457    4.221467    4.219905    4.218701    4.217823    4.217189    4.216778    4.216510    4.216364   -0.482000    0.000000    4.331936    4.331443    4.329866    4.327205    4.323473    4.318822    4.313348    4.307222    4.300595    4.293629    4.286504    4.279343    4.272323    4.265513    4.259065
     4.252990    4.247409    4.242289    4.237713    4.233627    4.230080    4.227009    4.224433    4.222286    4.220550    4.219168    4.218095    4.217292    4.216694    4.216283    4.216033   -0.241000    0.000000    4.328725    4.328130    4.326459    4.323682    4.319846    4.315137    4.309628    4.303542    4.296963    4.290130    4.283121    4.276163    4.269307    4.262757
     4.256514    4.250752    4.245419    4.240658    4.236378    4.232692    4.229484    4.226844    4.224641    4.222934    4.221588    4.220630    4.219928    4.219487    4.219195    4.219049    4.218959    0.000000    0.000000    4.328788    4.328348    4.326770    4.324185    4.320570    4.316076    4.310800    4.304894    4.298547    4.291867    4.285104    4.278289    4.271702
     4.265289    4.259325    4.253681    4.248607    4.243924    4.239849    4.236185    4.233109    4.230434    4.228288    4.226507    4.225161    4.224106    4.223356    4.222798    4.222408    4.222140    4.222025    0.241000    0.000000    4.327302    4.326786    4.325145    4.322470    4.318727    4.314133    4.308722    4.302749    4.296284    4.289582    4.282720    4.275924
     4.269258    4.262901    4.256889    4.251343    4.246270    4.241735    4.237725    4.234251    4.231293    4.228820    4.226812    4.225201    4.223970    4.223027    4.222359    4.221873    4.221572    4.221401    4.221373    0.482000    0.000000    4.330833    4.330262    4.328476    4.325571    4.321484    4.316515    4.310652    4.304231    4.297265    4.290094    4.282736
     4.275499    4.268390    4.261660    4.255287    4.249455    4.244112    4.239376    4.235174    4.231574    4.228491    4.225956    4.223882    4.222273    4.221049    4.220181    4.219602    4.219252    4.219090    4.219037    4.219046    0.723000    0.000000    4.328528    4.328044    4.326269    4.323584    4.319815    4.315273    4.309875    4.303960    4.297500    4.290816
     4.283917    4.277074    4.270314    4.263834    4.257667    4.251933    4.246659    4.241894    4.237661    4.233948    4.230779    4.228083    4.225892    4.224086    4.222708    4.221609    4.220853    4.220285    4.220011    4.219901    4.220020    0.964000    0.000000    4.332823    4.332305    4.330589    4.327796    4.323912    4.319125    4.313492    4.307232    4.300452
     4.293365    4.286103    4.278844    4.271721    4.264852    4.258355    4.252282    4.246727    4.241679    4.237215    4.233270    4.229907    4.227022    4.224668    4.222708    4.221196    4.219977    4.219109    4.218434    4.218037    4.217799    4.217822    1.205000    0.000000    4.332242    4.331691    4.330025    4.327257    4.323439    4.318713    4.313176    4.306992
     4.300300    4.293265    4.286049    4.278793    4.271652    4.264727    4.258146    4.251966    4.246276    4.241096    4.236477    4.232410    4.228903    4.225926    4.223452    4.221435    4.219826    4.218579    4.217643    4.216985    4.216565    4.216363    4.216312    1.446000    0.000000    4.330999    4.330486    4.328884    4.326219    4.322521    4.317925    4.312509
     4.306448    4.299853    4.292916    4.285758    4.278569    4.271447    4.264562    4.257975    4.251821    4.246120    4.240970    4.236347    4.232314    4.228814    4.225870    4.223402    4.221409    4.219803    4.218571    4.217635    4.216989    4.216576    4.216406    4.216435   -1.566500   -0.208712    4.325873    4.325367    4.323772    4.321162    4.317523    4.313062
     4.307809    4.302000    4.295696    4.289134    4.282389    4.275677    4.269065    4.262727    4.256713    4.251140    4.246034    4.241458    4.237414    4.233916    4.230951    4.228496    4.226525    4.224986    4.223846    4.223029    4.222500    4.222167    4.222008    4.221944    4.221964   -1.325500   -0.208712    4.325456    4.325032    4.323412    4.320941    4.317472
     4.313263    4.308263    4.302727    4.296695    4.290379    4.283890    4.277370    4.270975    4.264764    4.258911    4.253394    4.248387    4.243797    4.239788    4.236218    4.233239    4.230672    4.228655    4.226982    4.225771    4.224800    4.224171    4.223663    4.223389    4.223199    4.223251   -1.084500   -0.208712    4.329550    4.328995    4.327410    4.324704
     4.320987    4.316376    4.311013    4.305015    4.298573    4.291794    4.284899    4.277959    4.271200    4.264640    4.258482    4.252687    4.247431    4.242620    4.238399    4.234641    4.231460    4.228710    4.226477    4.224608    4.223162    4.221995    4.221141    4.220487    4.220053    4.219761    4.219625   -0.843500   -0.208712    4.330038    4.329508    4.327852
     4.325115    4.321292    4.316595    4.311057    4.304935    4.298276    4.291360    4.284228    4.277155    4.270156    4.263476    4.257088    4.251198    4.245741    4.240872    4.236505    4.232742    4.229491    4.226799    4.224583    4.222831    4.221483    4.220467    4.219768    4.219279    4.219036    4.218923    4.218999   -0.602500   -0.208712    4.328369    4.327878
     4.326146    4.323514    4.319841    4.315404    4.310153    4.304368    4.298077    4.291525    4.284801    4.278084    4.271498    4.265131    4.259124    4.253469    4.248314    4.243570    4.239387    4.235618    4.232418    4.229597    4.227312    4.225347    4.223851    4.222597    4.221732    4.221041    4.220689    4.220506    4.220632   -0.361500   -0.208712    4.331598
     4.331049    4.329410    4.326606    4.322728    4.317891    4.312242    4.305930    4.299134    4.292015    4.284757    4.277508    4.270423    4.263616    4.257196    4.251237    4.245793    4.240906    4.236580    4.232834    4.229636    4.226989    4.224836    4.223159    4.221889    4.220984    4.220375    4.219998    4.219800    4.219712    4.219703   -0.120500   -0.208712
     4.326533    4.326007    4.324285    4.321567    4.317778    4.313156    4.307711    4.301724    4.295241    4.288545    4.281696    4.274943    4.268342    4.262078    4.256192    4.250793    4.245904    4.241561    4.237778    4.234524    4.231818    4.229575    4.227822    4.226430    4.225433    4.224676    4.224194    4.223839    4.223650    4.223530    4.223508    0.120500
    -0.208712    4.328196    4.327649    4.326140    4.323501    4.319878    4.315338    4.310064    4.304145    4.297792    4.291101    4.284285    4.277432    4.270724    4.264229    4.258080    4.252322    4.247025    4.242225    4.237926    4.234167    4.230895    4.228161    4.225864    4.224064    4.222626    4.221610    4.220855    4.220408    4.220106    4.219989    4.219930
     0.361500   -0.208712    4.328402    4.327962    4.326394    4.323858    4.320352    4.315990    4.310881    4.305129    4.298944    4.292388    4.285742    4.279000    4.272475    4.266080    4.260130    4.254465    4.249382    4.244662    4.240574    4.236871    4.233785    4.231061    4.228892    4.227028    4.225621    4.224441    4.223604    4.222916    4.222476    4.222177
     4.222132    0.602500   -0.208712    4.329551    4.329035    4.327285    4.324516    4.320655    4.315948    4.310403    4.304289    4.297669    4.290798    4.283774    4.276805    4.269995    4.263482    4.257365    4.251700    4.246571    4.241961    4.237940    4.234429    4.231496    4.229008    4.227033    4.225404    4.224195    4.223219    4.222564    4.222044    4.221770
     4.221594    4.221623    0.843500   -0.208712    4.330144    4.329656    4.328057    4.325417    4.321752    4.317204    4.311863    4.305884    4.299422    4.292619    4.285663    4.278659    4.271797    4.265130    4.258827    4.252890    4.247448    4.242474    4.238046    4.234124    4.230736    4.227843    4.225424    4.223448    4.221863    4.220646    4.219732    4.219107
     4.218707    4.218507    4.218435    1.084500   -0.208712    4.331978    4.331443    4.329665    4.326834    4.322875    4.318046    4.312341    4.306056    4.299223    4.292141    4.284864    4.277654    4.270567    4.263797    4.257392    4.251464    4.246049    4.241175    4.236878    4.233110    4.229911    4.227171    4.224934    4.223049    4.221573    4.220344    4.219434
     4.218699    4.218228    4.217932    4.217930    1.325500   -0.208712    4.330752    4.330289    4.328709    4.326151    4.322566    4.318109    4.312841    4.306927    4.300501    4.293701    4.286715    4.279631    4.272662    4.265836    4.259362    4.253211    4.247567    4.242360    4.237735    4.233599    4.230045    4.226974    4.224423    4.222305    4.220607    4.219271
     4.218248    4.217508    4.216963    4.216611    4.216399    1.566500   -0.208712    4.334692    4.334131    4.332608    4.329855    4.326100    4.321306    4.315741    4.309407    4.302595    4.295331    4.287906    4.280350    4.272923    4.265650    4.258733    4.252187    4.246146    4.240617    4.235661    4.231286    4.227478    4.224249    4.221520    4.219313    4.217496
     4.216116    4.215003    4.214231    4.213605    4.213240    4.213000   -1.446000   -0.417424    4.324728    4.324259    4.322664    4.320109    4.316535    4.312169    4.307013    4.301313    4.295129    4.288695    4.282105    4.275547    4.269125    4.262964    4.257166    4.251782    4.246903    4.242514    4.238693    4.235368    4.232607    4.230296    4.228490    4.227048
     4.226009    4.225215    4.224697    4.224306    4.224077    4.223923    4.223907   -1.205000   -0.417424    4.325493    4.325065    4.323344    4.320743    4.317057    4.312615    4.307306    4.301494    4.295131    4.288572    4.281803    4.275130    4.268556    4.262317    4.256414    4.251001    4.246075    4.241711    4.237901    4.234653    4.231961    4.229772    4.228091
     4.226811    4.225946    4.225348    4.225055    4.224891    4.224943    4.225041    4.225262   -0.964000   -0.417424    4.328676    4.328159    4.326511    4.323822    4.320100    4.315528    4.310165    4.304202    4.297758    4.291011    4.284116    4.277211    4.270457    4.263937    4.257794    4.252056    4.246831    4.242100    4.237939    4.234295    4.231215    4.228624
     4.226544    4.224881    4.223636    4.222707    4.222094    4.221695    4.221530    4.221484    4.221517   -0.723000   -0.417424    4.330017    4.329491    4.327838    4.325125    4.321361    4.316730    4.311286    4.305235    4.298672    4.291812    4.284769    4.277738    4.270824    4.264177    4.257873    4.252012    4.246639    4.241798    4.237512    4.233779    4.230611
     4.227954    4.225821    4.224108    4.222839    4.221862    4.221230    4.220772    4.220581    4.220480    4.220552   -0.482000   -0.417424    4.329723    4.329223    4.327536    4.324827    4.321054    4.316422    4.310956    4.304902    4.298329    4.291486    4.284462    4.277473    4.270606    4.264022    4.257791    4.252007    4.246719    4.241960    4.237761    4.234099
     4.231003    4.228396    4.226308    4.224615    4.223356    4.222370    4.221715    4.221221    4.220977    4.220839    4.220900   -0.241000   -0.417424    4.331091    4.330534    4.328864    4.326022    4.322085    4.317198    4.311486    4.305127    4.298286    4.291147    4.283888    4.276665    4.269639    4.262917    4.256621    4.250801    4.245531    4.240817    4.236689
     4.233123    4.230123    4.227647    4.225679    4.224162    4.223063    4.222306    4.221846    4.221586    4.221475    4.221414    4.221393    0.000000   -0.417424    4.330081    4.329531    4.327899    4.325110    4.321252    4.316437    4.310822    4.304562    4.297839    4.290817    4.283676    4.276565    4.269639    4.263007    4.256786    4.251034    4.245828    4.241172
     4.237107    4.233595    4.230655    4.228211    4.226270    4.224733    4.223596    4.222748    4.222179    4.221778    4.221529    4.221360    4.221313    0.241000   -0.417424    4.327920    4.327378    4.325791    4.323091    4.319324    4.314647    4.309177    4.303094    4.296552    4.289725    4.282782    4.275865    4.269135    4.262682    4.256637    4.251036    4.245969
     4.241425    4.237452    4.234014    4.231120    4.228720    4.226792    4.225281    4.224137    4.223310    4.222725    4.222341    4.222044    4.221802    4.221552    0.482000   -0.417424    4.329502    4.328940    4.327217    4.324376    4.320397    4.315533    4.309810    4.303518    4.296704    4.289669    4.282465    4.275366    4.268408    4.261815    4.255591    4.249894
     4.244695    4.240093    4.236028    4.232553    4.229593    4.227166    4.225190    4.223662    4.222503    4.221693    4.221170    4.220889    4.220804    4.220815    4.220841    0.723000   -0.417424    4.328436    4.327888    4.326321    4.323683    4.320074    4.315598    4.310390    4.304553    4.298270    4.291641    4.284874    4.278049    4.271368    4.264878    4.258749
     4.252990    4.247724    4.242927    4.238677    4.234921    4.231702    4.228944    4.226665    4.224779    4.223292    4.222117    4.221261    4.220641    4.220267    4.220047    4.219976    0.964000   -0.417424    4.332365    4.331794    4.330062    4.327186    4.323191    4.318280    4.312516    4.306137    4.299226    4.292040    4.284665    4.277341    4.270138    4.263255
     4.256728    4.250697    4.245164    4.240212    4.235814    4.232000    4.228726    4.225978    4.223711    4.221875    4.220439    4.219334    4.218551    4.218005    4.217710    4.217556    4.217545    1.205000   -0.417424    4.331325    4.330828    4.329235    4.326609    4.322964    4.318449    4.313144    4.307206    4.300773    4.293985    4.287022    4.279983    4.273063
     4.266302    4.259891    4.253809    4.248226    4.243069    4.238480    4.234351    4.230791    4.227669    4.225062    4.222833    4.221035    4.219548    4.218412    4.217527    4.216929    4.216560    4.216502    1.446000   -0.417424    4.326866    4.326358    4.324700    4.322115    4.318505    4.314120    4.308930    4.303194    4.296940    4.290409    4.283670    4.276921
     4.270250    4.263792    4.257640    4.251864    4.246546    4.241693    4.237375    4.233551    4.230268    4.227452    4.225126    4.223201    4.221685    4.220491    4.219618    4.218989    4.218597    4.218386    4.218337   -1.325500   -0.626136    4.323922    4.323385    4.321777    4.319167    4.315540    4.311119    4.305933    4.300210    4.294021    4.287585    4.280997
     4.274440    4.268017    4.261858    4.256054    4.250676    4.245795    4.241425    4.237615    4.234329    4.231598    4.229350    4.227597    4.226242    4.225284    4.224611    4.224221    4.224004    4.223962    4.223975    4.223999   -1.084500   -0.626136    4.327007    4.326505    4.324799    4.322082    4.318270    4.313633    4.308153    4.302121    4.295575    4.288796
     4.281854    4.274987    4.268271    4.261879    4.255878    4.250365    4.245390    4.240980    4.237171    4.233927    4.231277    4.229132    4.227516    4.226291    4.225480    4.224911    4.224619    4.224428    4.224406    4.224394    4.224439   -0.843500   -0.626136    4.327552    4.327101    4.325482    4.322928    4.319387    4.315035    4.309904    4.304179    4.297972
     4.291447    4.284769    4.278051    4.271481    4.265105    4.259108    4.253471    4.248362    4.243702    4.239637    4.236046    4.233054    4.230505    4.228505    4.226863    4.225677    4.224733    4.224134    4.223672    4.223493    4.223428    4.223606   -0.602500   -0.626136    4.331238    4.330704    4.329028    4.326239    4.322315    4.317480    4.311763    4.305432
     4.298542    4.291385    4.284016    4.276715    4.269515    4.262657    4.256135    4.250137    4.244621    4.239720    4.235364    4.231636    4.228455    4.225855    4.223753    4.222138    4.220930    4.220078    4.219519    4.219183    4.219032    4.218959    4.218917   -0.361500   -0.626136    4.330352    4.329823    4.328125    4.325358    4.321518    4.316798    4.311255
     4.305108    4.298464    4.291533    4.284453    4.277396    4.270501    4.263879    4.257655    4.251869    4.246625    4.241897    4.237769    4.234160    4.231145    4.228599    4.226588    4.224954    4.223759    4.222826    4.222220    4.221765    4.221543    4.221406    4.221450   -0.120500   -0.626136    4.329866    4.329331    4.327684    4.324913    4.321051    4.316249
     4.310606    4.304315    4.297509    4.290401    4.283125    4.275884    4.268786    4.262000    4.255589    4.249684    4.244293    4.239509    4.235295    4.231711    4.228687    4.226253    4.224316    4.222880    4.221841    4.221176    4.220777    4.220603    4.220538    4.220520    4.220435    0.120500   -0.626136    4.326307    4.325745    4.324013    4.321262    4.317444
     4.312806    4.307363    4.301387    4.294929    4.288253    4.281430    4.274687    4.268094    4.261815    4.255907    4.250463    4.245521    4.241109    4.237246    4.233913    4.231115    4.228801    4.226964    4.225530    4.224486    4.223739    4.223276    4.222996    4.222889    4.222874    4.222952    0.361500   -0.626136    4.326688    4.326181    4.324429    4.321683
     4.317837    4.313168    4.307650    4.301585    4.295007    4.288209    4.281257    4.274401    4.267705    4.261357    4.255401    4.249951    4.245024    4.240670    4.236883    4.233658    4.230975    4.228791    4.227076    4.225761    4.224819    4.224159    4.223776    4.223569    4.223555    4.223632    4.223781    0.602500   -0.626136    4.323631    4.323145    4.321425
     4.318843    4.315224    4.310898    4.305758    4.300159    4.294039    4.287743    4.281244    4.274843    4.268524    4.262522    4.256823    4.251582    4.246785    4.242507    4.238737    4.235476    4.232726    4.230420    4.228580    4.227082    4.225981    4.225116    4.224580    4.224191    4.224081    4.224055    4.224180    0.843500   -0.626136    4.328068    4.327599
     4.325852    4.323188    4.319443    4.314940    4.309595    4.303747    4.297376    4.290794    4.284036    4.277342    4.270786    4.264509    4.258609    4.253114    4.248146    4.243623    4.239693    4.236179    4.233256    4.230675    4.228638    4.226843    4.225521    4.224345    4.223576    4.222888    4.222573    4.222344    4.222465    1.084500   -0.626136    4.330864
     4.330346    4.328733    4.326025    4.322258    4.317589    4.312087    4.305946    4.299273    4.292277    4.285074    4.277869    4.270751    4.263901    4.257367    4.251291    4.245673    4.240616    4.236078    4.232126    4.228687    4.225794    4.223361    4.221394    4.219811    4.218601    4.217709    4.217107    4.216759    4.216593    4.216547    1.325500   -0.626136
     4.330097    4.329560    4.327872    4.325130    4.321298    4.316606    4.311071    4.304955    4.298303    4.291382    4.284250    4.277155    4.270151    4.263435    4.257043    4.251110    4.245653    4.240740    4.236371    4.232552    4.229278    4.226499    4.224212    4.222328    4.220861    4.219697    4.218877    4.218271    4.217942    4.217751    4.217742   -1.205000
    -0.834848    4.323903    4.323400    4.321665    4.318981    4.315221    4.310692    4.305322    4.299456    4.293064    4.286492    4.279733    4.273098    4.266586    4.260446    4.254669    4.249425    4.244700    4.240575    4.237036    4.234082    4.231712    4.229845    4.228498    4.227523    4.226963    4.226618    4.226565    4.226581    4.226798    4.226995    4.227236
    -0.964000   -0.834848    4.328611    4.328059    4.326467    4.323733    4.319958    4.315263    4.309781    4.303666    4.297078    4.290186    4.283152    4.276136    4.269278    4.262702    4.256511    4.250788    4.245588    4.240953    4.236892    4.233412    4.230487    4.228098    4.226187    4.224720    4.223617    4.222841    4.222306    4.221986    4.221803    4.221727
     4.221657   -0.723000   -0.834848    4.326672    4.326142    4.324391    4.321693    4.317930    4.313392    4.308017    4.302127    4.295703    4.289062    4.282214    4.275438    4.268752    4.262378    4.256330    4.250753    4.245659    4.241115    4.237130    4.233699    4.230837    4.228475    4.226635    4.225193    4.224183    4.223441    4.223022    4.222745    4.222704
     4.222718    4.222837   -0.482000   -0.834848    4.329733    4.329259    4.327490    4.324753    4.320890    4.316213    4.310641    4.304518    4.297830    4.290916    4.283795    4.276760    4.269844    4.263259    4.257043    4.251317    4.246116    4.241472    4.237429    4.233929    4.231041    4.228625    4.226778    4.225287    4.224277    4.223479    4.223054    4.222706
     4.222660    4.222663    4.222932   -0.241000   -0.834848    4.329058    4.328533    4.326853    4.324139    4.320367    4.315742    4.310299    4.304267    4.297732    4.290917    4.283938    4.276981    4.270170    4.263630    4.257473    4.251753    4.246567    4.241899    4.237832    4.234290    4.231349    4.228882    4.226966    4.225423    4.224335    4.223492    4.222983
     4.222589    4.222422    4.222297    4.222333    0.000000   -0.834848    4.329889    4.329386    4.327673    4.324895    4.321004    4.316219    4.310562    4.304298    4.297497    4.290435    4.283192    4.276016    4.268976    4.262267    4.255933    4.250103    4.244790    4.240066    4.235917    4.232365    4.229383    4.226953    4.225040    4.223590    4.222564    4.221878
     4.221495    4.221306    4.221293    4.221342    4.221428    0.241000   -0.834848    4.326743    4.326239    4.324698    4.322125    4.318555    4.314122    4.308929    4.303122    4.296856    4.290269    4.283545    4.276788    4.270179    4.263778    4.257740    4.252083    4.246918    4.242240    4.238108    4.234507    4.231445    4.228902    4.226841    4.225235    4.224012
     4.223138    4.222524    4.222138    4.221877    4.221713    4.221567    0.482000   -0.834848    4.330648    4.330074    4.328549    4.325809    4.322062    4.317351    4.311904    4.305766    4.299211    4.292280    4.285271    4.278200    4.271350    4.264696    4.258486    4.252642    4.247370    4.242551    4.238342    4.234600    4.231441    4.228714    4.226497    4.224644
     4.223202    4.222045    4.221196    4.220559    4.220124    4.219805    4.219593    0.723000   -0.834848    4.326465    4.326004    4.324355    4.321785    4.318186    4.313818    4.308639    4.302930    4.296708    4.290242    4.283588    4.276969    4.270452    4.264196    4.258261    4.252734    4.247663    4.243067    4.238985    4.235378    4.232278    4.229607    4.227396
     4.225539    4.224078    4.222894    4.222050    4.221427    4.221110    4.220977    4.221089    0.964000   -0.834848    4.328020    4.327586    4.325820    4.323202    4.319468    4.315002    4.309637    4.303786    4.297349    4.290718    4.283841    4.277053    4.270328    4.263913    4.257798    4.252135    4.246919    4.242209    4.238011    4.234304    4.231111    4.228350
     4.226068    4.224136    4.222631    4.221395    4.220543    4.219890    4.219590    4.219447    4.219593    1.205000   -0.834848    4.327283    4.326788    4.325253    4.322730    4.319246    4.314943    4.309893    4.304251    4.298134    4.291698    4.285080    4.278412    4.271836    4.265440    4.259351    4.253606    4.248309    4.243445    4.239094    4.235199    4.231820
     4.228864    4.226385    4.224267    4.222569    4.221162    4.220119    4.219310    4.218816    4.218515    4.218469   -1.084500   -1.043561    4.326579    4.326080    4.324696    4.322199    4.318794    4.314459    4.309436    4.303727    4.297612    4.291100    4.284488    4.277773    4.271234    4.264849    4.258856    4.253207    4.248085    4.243424    4.239340    4.235760
     4.232738    4.230201    4.228138    4.226494    4.225200    4.224227    4.223456    4.222908    4.222432    4.222123    4.221899   -0.843500   -1.043561    4.326630    4.326138    4.324565    4.321961    4.318343    4.313860    4.308590    4.302710    4.296349    4.289688    4.282876    4.276068    4.269412    4.263013    4.256998    4.251419    4.246369    4.241848    4.237918
     4.234535    4.231730    4.229427    4.227630    4.226241    4.225240    4.224521    4.224053    4.223748    4.223594    4.223552    4.223617   -0.602500   -1.043561    4.328490    4.328016    4.326427    4.323823    4.320165    4.315654    4.310314    4.304378    4.297921    4.291173    4.284237    4.277311    4.270497    4.263944    4.257739    4.251970    4.246701    4.241962
     4.237796    4.234182    4.231144    4.228621    4.226624    4.225050    4.223908    4.223058    4.222517    4.222123    4.221928    4.221804    4.221859   -0.361500   -1.043561    4.327049    4.326520    4.324853    4.322195    4.318498    4.313978    4.308655    4.302762    4.296366    4.289700    4.282858    4.276037    4.269337    4.262902    4.256819    4.251170    4.246018
     4.241391    4.237327    4.233809    4.230856    4.228411    4.226479    4.224976    4.223891    4.223119    4.222647    4.222356    4.222249    4.222205    4.222184   -0.120500   -1.043561    4.330911    4.330369    4.328680    4.325893    4.322003    4.317214    4.311581    4.305340    4.298589    4.291563    4.284377    4.277230    4.270233    4.263522    4.257197    4.251320
     4.245972    4.241150    4.236913    4.233211    4.230082    4.227445    4.225315    4.223598    4.222285    4.221284    4.220568    4.220065    4.219736    4.219540    4.219461    0.120500   -1.043561    4.329279    4.328744    4.327081    4.324378    4.320642    4.316051    4.310673    4.304692    4.298234    4.291467    4.284562    4.277639    4.270881    4.264344    4.258208
     4.252451    4.247240    4.242490    4.238347    4.234674    4.231601    4.228956    4.226847    4.225087    4.223760    4.222683    4.221921    4.221325    4.220946    4.220685    4.220587    0.361500   -1.043561    4.327412    4.326931    4.325209    4.322538    4.318802    4.314272    4.308911    4.303005    4.296590    4.289932    4.283111    4.276339    4.269714    4.263369
     4.257404    4.251870    4.246855    4.242336    4.238391    4.234936    4.232044    4.229587    4.227638    4.226037    4.224858    4.223924    4.223320    4.222868    4.222676    4.222594    4.222709    0.602500   -1.043561    4.326582    4.326076    4.324560    4.322011    4.318436    4.314008    4.308792    4.302993    4.296697    4.290121    4.283352    4.276594    4.269910
     4.263478    4.257319    4.251584    4.246245    4.241432    4.237064    4.233266    4.229908    4.227112    4.224713    4.222832    4.221277    4.220165    4.219291    4.218752    4.218325    4.218069    4.217826    0.843500   -1.043561    4.328684    4.328164    4.326483    4.323774    4.319998    4.315388    4.309970    4.303982    4.297510    4.290767    4.283882    4.277016
     4.270312    4.263860    4.257799    4.252145    4.247019    4.242367    4.238293    4.234691    4.231649    4.229027    4.226904    4.225121    4.223758    4.222645    4.221869    4.221260    4.220912    4.220686    4.220700    1.084500   -1.043561    4.326903    4.326393    4.324888    4.322338    4.318816    4.314438    4.309319    4.303595    4.297417    4.290921    4.284277
     4.277594    4.271035    4.264672    4.258638    4.252964    4.247746    4.242973    4.238706    4.234908    4.231600    4.228731    4.226298    4.224250    4.222566    4.221205    4.220136    4.219334    4.218757    4.218393    4.218207   -0.964000   -1.252273    4.323544    4.323056    4.321500    4.318979    4.315464    4.311141    4.306046    4.300392    4.294262    4.287860
     4.281300    4.274749    4.268327    4.262153    4.256332    4.250929    4.246023    4.241630    4.237799    4.234509    4.231775    4.229552    4.227819    4.226516    4.225590    4.224968    4.224577    4.224352    4.224223    4.224165    4.224130   -0.723000   -1.252273    4.324446    4.323918    4.322345    4.319746    4.316121    4.311668    4.306426    4.300637    4.294357
     4.287845    4.281155    4.274538    4.268028    4.261842    4.255992    4.250639    4.245769    4.241480    4.237741    4.234585    4.231975    4.229881    4.228270    4.227060    4.226231    4.225656    4.225338    4.225133    4.225078    4.225050    4.225078   -0.482000   -1.252273    4.328057    4.327564    4.326048    4.323485    4.319939    4.315515    4.310334    4.304506
     4.298210    4.291552    4.284743    4.277861    4.271122    4.264564    4.258378    4.252561    4.247268    4.242457    4.238241    4.234544    4.231440    4.228828    4.226745    4.225075    4.223827    4.222883    4.222231    4.221770    4.221492    4.221328    4.221280   -0.241000   -1.252273    4.329473    4.328978    4.327306    4.324622    4.320869    4.316259    4.310809
     4.304766    4.298193    4.291335    4.284277    4.277233    4.270293    4.263619    4.257285    4.251399    4.246007    4.241160    4.236883    4.233176    4.230042    4.227438    4.225357    4.223716    4.222502    4.221603    4.221011    4.220597    4.220377    4.220256    4.220307    0.000000   -1.252273    4.330139    4.329697    4.328167    4.325622    4.322070    4.317624
     4.312383    4.306474    4.300068    4.293284    4.286337    4.279307    4.272416    4.265694    4.259344    4.253350    4.247878    4.242876    4.238466    4.234568    4.231262    4.228448    4.226165    4.224303    4.222866    4.221742    4.220920    4.220301    4.219874    4.219583    4.219480    0.241000   -1.252273    4.326848    4.326384    4.324712    4.322100    4.318436
     4.313998    4.308725    4.302935    4.296612    4.290075    4.283334    4.276667    4.270089    4.263812    4.257850    4.252336    4.247280    4.242734    4.238717    4.235203    4.232225    4.229692    4.227656    4.225974    4.224723    4.223716    4.223068    4.222565    4.222371    4.222291    4.222475    0.482000   -1.252273    4.327574    4.327076    4.325442    4.322802
     4.319106    4.314587    4.309248    4.303355    4.296950    4.290303    4.283466    4.276682    4.269995    4.263596    4.257509    4.251866    4.246668    4.241991    4.237817    4.234172    4.231025    4.228367    4.226160    4.224363    4.222940    4.221836    4.221029    4.220459    4.220124    4.219966    4.219979    0.723000   -1.252273    4.327386    4.326889    4.325327
     4.322775    4.319260    4.314923    4.309857    4.304201    4.298113    4.291706    4.285183    4.278603    4.272192    4.265939    4.260072    4.254506    4.249463    4.244789    4.240694    4.236973    4.233820    4.231003    4.228699    4.226671    4.225076    4.223696    4.222668    4.221806    4.221234    4.220825    4.220699    0.964000   -1.252273    4.325384    4.324878
     4.323354    4.320818    4.317290    4.312919    4.307784    4.302065    4.295870    4.289390    4.282735    4.276081    4.269523    4.263209    4.257194    4.251595    4.246424    4.241763    4.237581    4.233935    4.230759    4.228094    4.225848    4.224054    4.222607    4.221533    4.220725    4.220200    4.219850    4.219685    4.219607   -0.602500   -1.460985    4.323533
     4.323076    4.321423    4.318875    4.315290    4.310976    4.305841    4.300212    4.294058    4.287692    4.281124    4.274628    4.268233    4.262142    4.256395    4.251112    4.246334    4.242093    4.238438    4.235316    4.232790    4.230729    4.229215    4.228050    4.227342    4.226834    4.226670    4.226560    4.226701    4.226805    4.227021   -0.361500   -1.460985
     4.327541    4.327017    4.325413    4.322745    4.319027    4.314433    4.309033    4.303043    4.296556    4.289799    4.282868    4.275973    4.269197    4.262713    4.256577    4.250912    4.245746    4.241145    4.237109    4.233649    4.230748    4.228368    4.226483    4.225016    4.223944    4.223164    4.222662    4.222322    4.222149    4.222048    4.222040   -0.120500
    -1.460985    4.330886    4.330328    4.328725    4.325975    4.322169    4.317421    4.311873    4.305653    4.298944    4.291877    4.284652    4.277384    4.270258    4.263355    4.256824    4.250717    4.245124    4.240078    4.235609    4.231733    4.228425    4.225695    4.223467    4.221751    4.220434    4.219526    4.218889    4.218534    4.218307    4.218202    4.218077
     0.120500   -1.460985    4.326046    4.325571    4.323897    4.321315    4.317693    4.313327    4.308142    4.302452    4.296236    4.289798    4.283152    4.276556    4.270044    4.263800    4.257870    4.252354    4.247303    4.242734    4.238708    4.235162    4.232173    4.229609    4.227564    4.225853    4.224585    4.223543    4.222861    4.222316    4.222074    4.221937
     4.222045    0.361500   -1.460985    4.328979    4.328453    4.326830    4.324145    4.320419    4.315839    4.310453    4.304476    4.297988    4.291220    4.284257    4.277317    4.270470    4.263897    4.257639    4.251829    4.246475    4.241659    4.237369    4.233633    4.230430    4.227736    4.225537    4.223753    4.222399    4.221347    4.220649    4.220148    4.219939
     4.219835    4.219896    0.602500   -1.460985    4.325480    4.325020    4.323533    4.321103    4.317723    4.313560    4.308653    4.303181    4.297230    4.290972    4.284521    4.278026    4.271604    4.265361    4.259399    4.253778    4.248576    4.243810    4.239532    4.235721    4.232411    4.229546    4.227152    4.225149    4.223557    4.222281    4.221349    4.220657
     4.220242    4.220001    4.219968
