0.13427553378530954 0.23820109265252817 0.3387918146208763 0.4346394204605286 0.5244020349976014 0.6068229734882759 0.6807483353191772 0.7451431587206058 0.7991059103251703 0.8418811067166883 0.8728698912665255 0.8916384181807051 0.8979239263803681 0.8916384181807051 0.8728698912665255 0.8418811067166883 0.7991059103251703 0.7451431587206058 0.6807483353191772 0.6068229734882759 0.5244020349976014 0.4346394204605286 0.3387918146208763 0.23820109265252817 0.13427553378530954
0.13427553378530954 0.23820109265252817 0.3387918146208763 0.4346394204605286 0.5244020349976014 0.6068229734882759 0.6807483353191772 0.7451431587206058 0.7991059103251703 0.8418811067166883 0.8728698912665255 0.8916384181807051 0.8979239263803681 0.8916384181807051 0.8728698912665255 0.8418811067166883 0.7991059103251703 0.7451431587206058 0.6807483353191772 0.6068229734882759 0.5244020349976014 0.4346394204605286 0.3387918146208763 0.23820109265252817 0.13427553378530954
0.13427553378530954 0.23820109265252817 0.3387918146208763 0.4346394204605286 0.5244020349976014 0.6068229734882759 0.6807483353191772 0.7451431587206058 0.7991059103251703 0.8418811067166883 0.8728698912665255 0.8916384181807051 0.8979239263803681 0.8916384181807051 0.8728698912665255 0.8418811067166883 0.7991059103251703 0.7451431587206058 0.6807483353191772 0.6068229734882759 0.5244020349976014 0.4346394204605286 0.3387918146208763 0.23820109265252817 0.13427553378530954
0.13427553378530954 0.23820109265252817 0.3387918146208763 0.4346394204605286 0.5244020349976014 0.6068229734882759 0.6807483353191772 0.7451431587206058 0.7991059103251703 0.8418811067166883 0.8728698912665255 0.8916384181807051 0.8979239263803681 0.8916384181807051 0.8728698912665255 0.8418811067166883 0.7991059103251703 0.7451431587206058 0.6807483353191772 0.6068229734882759 0.5244020349976014 0.4346394204605286 0.3387918146208763 0.23820109265252817 0.13427553378530954
0.13427553378530954 0.23820109265252817 0.3387918146208763 0.4346394204605286 0.5244020349976014 0.6068229734882759 0.6807483353191772 0.7451431587206058 0.7991059103251703 0.8418811067166883 0.8728698912665255 0.8916384181807051 0.8979239263803681 0.8916384181807051 0.8728698912665255 0.8418811067166883 0.7991059103251703 0.7451431587206058 0.6807483353191772 0.6068229734882759 0.5244020349976014 0.4346394204605286 0.3387918146208763 0.23820109265252817 0.13427553378530954
0.13427553378530954 0.23820109265252817 0.3387918146208763 0.4346394204605286 0.5244020349976014 0.6068229734882759 0.6807483353191772 0.7451431587206058 0.7991059103251703 0.8418811067166883 0.8728698912665255 0.8916384181807051 0.8979239263803681 0.8916384181807051 0.8728698912665255 0.8418811067166883 0.7991059103251703 0.7451431587206058 0.6807483353191772 0.6068229734882759 0.5244020349976014 0.4346394204605286 0.3387918146208763 0.23820109265252817 0.13427553378530954
0.13427553378530954 0.23820109265252817 0.3387918146208763 0.4346394204605286 0.5244020349976014 0.6068229734882759 0.6807483353191772 0.7451431587206058 0.7991059103251703 0.8418811067166883 0.8728698912665255 0.8916384181807051 0.8979239263803681 0.8916384181807051 0.8728698912665255 0.8418811067166883 0.7991059103251703 0.7451431587206058 0.6807483353191772 0.6068229734882759 0.5244020349976014 0.4346394204605286 0.3387918146208763 0.23820109265252817 0.13427553378530954
0.14866219811944986 0.2637226382938705 0.37509093761597023 0.4812079297955853 0.580587967318773 0.671839720647734 0.7536856569605176 0.8249799257263851 0.8847244007171529 0.932082653864905 0.966391665330796 0.9871711058429234 0.9941300613496932 0.9871711058429234 0.966391665330796 0.932082653864905 0.8847244007171529 0.8249799257263851 0.7536856569605176 0.671839720647734 0.580587967318773 0.4812079297955853 0.37509093761597023 0.2637226382938705 0.14866219811944986
0.14866219811944986 0.2637226382938705 0.37509093761597023 0.4812079297955853 0.580587967318773 0.671839720647734 0.7536856569605176 0.8249799257263851 0.8847244007171529 0.932082653864905 0.966391665330796 0.9871711058429234 0.9941300613496932 0.9871711058429234 0.966391665330796 0.932082653864905 0.8847244007171529 0.8249799257263851 0.7536856569605176 0.671839720647734 0.580587967318773 0.4812079297955853 0.37509093761597023 0.2637226382938705 0.14866219811944986
0.14866219811944986 0.2637226382938705 0.37509093761597023 0.4812079297955853 0.580587967318773 0.671839720647734 0.7536856569605176 0.8249799257263851 0.8847244007171529 0.932082653864905 0.966391665330796 0.9871711058429234 0.9941300613496932 0.9871711058429234 0.966391665330796 0.932082653864905 0.8847244007171529 0.8249799257263851 0.7536856569605176 0.671839720647734 0.580587967318773 0.4812079297955853 0.37509093761597023 0.2637226382938705 0.14866219811944986
0.14866219811944986 0.2637226382938705 0.37509093761597023 0.4812079297955853 0.580587967318773 0.671839720647734 0.7536856569605176 0.8249799257263851 0.8847244007171529 0.932082653864905 0.966391665330796 0.9871711058429234 0.9941300613496932 0.9871711058429234 0.966391665330796 0.932082653864905 0.8847244007171529 0.8249799257263851 0.7536856569605176 0.671839720647734 0.580587967318773 0.4812079297955853 0.37509093761597023 0.2637226382938705 0.14866219811944986
0.14866219811944986 0.2637226382938705 0.37509093761597023 0.4812079297955853 0.580587967318773 0.671839720647734 0.7536856569605176 0.8249799257263851 0.8847244007171529 0.932082653864905 0.966391665330796 0.9871711058429234 0.9941300613496932 0.9871711058429234 0.966391665330796 0.932082653864905 0.8847244007171529 0.8249799257263851 0.7536856569605176 0.671839720647734 0.580587967318773 0.4812079297955853 0.37509093761597023 0.2637226382938705 0.14866219811944986
0.14866219811944986 0.2637226382938705 0.37509093761597023 0.4812079297955853 0.580587967318773 0.671839720647734 0.7536856569605176 0.8249799257263851 0.8847244007171529 0.932082653864905 0.966391665330796 0.9871711058429234 0.9941300613496932 0.9871711058429234 0.966391665330796 0.932082653864905 0.8847244007171529 0.8249799257263851 0.7536856569605176 0.671839720647734 0.580587967318773 0.4812079297955853 0.37509093761597023 0.2637226382938705 0.14866219811944986
0.14866219811944986 0.2637226382938705 0.37509093761597023 0.4812079297955853 0.580587967318773 0.671839720647734 0.7536856569605176 0.8249799257263851 0.8847244007171529 0.932082653864905 0.966391665330796 0.9871711058429234 0.9941300613496932 0.9871711058429234 0.966391665330796 0.932082653864905 0.8847244007171529 0.8249799257263851 0.7536856569605176 0.671839720647734 0.580587967318773 0.4812079297955853 0.37509093761597023 0.2637226382938705 0.14866219811944986
0.13427553378530954 0.23820109265252817 0.3387918146208763 0.4346394204605286 0.5244020349976014 0.6068229734882759 0.6807483353191772 0.7451431587206058 0.7991059103251703 0.8418811067166883 0.8728698912665255 0.8916384181807051 0.8979239263803681 0.8916384181807051 0.8728698912665255 0.8418811067166883 0.7991059103251703 0.7451431587206058 0.6807483353191772 0.6068229734882759 0.5244020349976014 0.4346394204605286 0.3387918146208763 0.23820109265252817 0.13427553378530954
0.13427553378530954 0.23820109265252817 0.3387918146208763 0.4346394204605286 0.5244020349976014 0.6068229734882759 0.6807483353191772 0.7451431587206058 0.7991059103251703 0.8418811067166883 0.8728698912665255 0.8916384181807051 0.8979239263803681 0.8916384181807051 0.8728698912665255 0.8418811067166883 0.7991059103251703 0.7451431587206058 0.6807483353191772 0.6068229734882759 0.5244020349976014 0.4346394204605286 0.3387918146208763 0.23820109265252817 0.13427553378530954
0.14866219811944986 0.2637226382938705 0.37509093761597023 0.4812079297955853 0.580587967318773 0.671839720647734 0.7536856569605176 0.8249799257263851 0.8847244007171529 0.932082653864905 0.966391665330796 0.9871711058429234 0.9941300613496932 0.9871711058429234 0.966391665330796 0.932082653864905 0.8847244007171529 0.8249799257263851 0.7536856569605176 0.671839720647734 0.580587967318773 0.4812079297955853 0.37509093761597023 0.2637226382938705 0.14866219811944986
0.15985182593489233 0.28357272934824784 0.4033235888343766 0.5174278815006292 0.6242881369019064 0.722408301771757 0.8104146849037823 0.8870751889531021 0.951316559910917 1.0022394127579621 1.0391308229363398 1.0614743073579822 1.0689570552147238 1.0614743073579822 1.0391308229363398 1.0022394127579621 0.951316559910917 0.8870751889531021 0.8104146849037823 0.722408301771757 0.6242881369019064 0.5174278815006292 0.4033235888343766 0.28357272934824784 0.15985182593489233
0.15985182593489233 0.28357272934824784 0.4033235888343766 0.5174278815006292 0.6242881369019064 0.722408301771757 0.8104146849037823 0.8870751889531021 0.951316559910917 1.0022394127579621 1.0391308229363398 1.0614743073579822 1.0689570552147238 1.0614743073579822 1.0391308229363398 1.0022394127579621 0.951316559910917 0.8870751889531021 0.8104146849037823 0.722408301771757 0.6242881369019064 0.5174278815006292 0.4033235888343766 0.28357272934824784 0.15985182593489233
0.15985182593489233 0.28357272934824784 0.4033235888343766 0.5174278815006292 0.6242881369019064 0.722408301771757 0.8104146849037823 0.8870751889531021 0.951316559910917 1.0022394127579621 1.0391308229363398 1.0614743073579822 1.0689570552147238 1.0614743073579822 1.0391308229363398 1.0022394127579621 0.951316559910917 0.8870751889531021 0.8104146849037823 0.722408301771757 0.6242881369019064 0.5174278815006292 0.4033235888343766 0.28357272934824784 0.15985182593489233
0.15985182593489233 0.28357272934824784 0.4033235888343766 0.5174278815006292 0.6242881369019064 0.722408301771757 0.8104146849037823 0.8870751889531021 0.951316559910917 1.0022394127579621 1.0391308229363398 1.0614743073579822 1.0689570552147238 1.0614743073579822 1.0391308229363398 1.0022394127579621 0.951316559910917 0.8870751889531021 0.8104146849037823 0.722408301771757 0.6242881369019064 0.5174278815006292 0.4033235888343766 0.28357272934824784 0.15985182593489233
0.15985182593489233 0.28357272934824784 0.4033235888343766 0.5174278815006292 0.6242881369019064 0.722408301771757 0.8104146849037823 0.8870751889531021 0.951316559910917 1.0022394127579621 1.0391308229363398 1.0614743073579822 1.0689570552147238 1.0614743073579822 1.0391308229363398 1.0022394127579621 0.951316559910917 0.8870751889531021 0.8104146849037823 0.722408301771757 0.6242881369019064 0.5174278815006292 0.4033235888343766 0.28357272934824784 0.15985182593489233
0.15985182593489233 0.28357272934824784 0.4033235888343766 0.5174278815006292 0.6242881369019064 0.722408301771757 0.8104146849037823 0.8870751889531021 0.951316559910917 1.0022394127579621 1.0391308229363398 1.0614743073579822 1.0689570552147238 1.0614743073579822 1.0391308229363398 1.0022394127579621 0.951316559910917 0.8870751889531021 0.8104146849037823 0.722408301771757 0.6242881369019064 0.5174278815006292 0.4033235888343766 0.28357272934824784 0.15985182593489233
0.14866219811944986 0.2637226382938705 0.37509093761597023 0.4812079297955853 0.580587967318773 0.671839720647734 0.7536856569605176 0.8249799257263851 0.8847244007171529 0.932082653864905 0.966391665330796 0.9871711058429234 0.9941300613496932 0.9871711058429234 0.966391665330796 0.932082653864905 0.8847244007171529 0.8249799257263851 0.7536856569605176 0.671839720647734 0.580587967318773 0.4812079297955853 0.37509093761597023 0.2637226382938705 0.14866219811944986
0.13427553378530954 0.23820109265252817 0.3387918146208763 0.4346394204605286 0.5244020349976014 0.6068229734882759 0.6807483353191772 0.7451431587206058 0.7991059103251703 0.8418811067166883 0.8728698912665255 0.8916384181807051 0.8979239263803681 0.8916384181807051 0.8728698912665255 0.8418811067166883 0.7991059103251703 0.7451431587206058 0.6807483353191772 0.6068229734882759 0.5244020349976014 0.4346394204605286 0.3387918146208763 0.23820109265252817 0.13427553378530954
0.13427553378530954 0.23820109265252817 0.3387918146208763 0.4346394204605286 0.5244020349976014 0.6068229734882759 0.6807483353191772 0.7451431587206058 0.7991059103251703 0.8418811067166883 0.8728698912665255 0.8916384181807051 0.8979239263803681 0.8916384181807051 0.8728698912665255 0.8418811067166883 0.7991059103251703 0.7451431587206058 0.6807483353191772 0.6068229734882759 0.5244020349976014 0.4346394204605286 0.3387918146208763 0.23820109265252817 0.13427553378530954
0.14866219811944986 0.2637226382938705 0.37509093761597023 0.4812079297955853 0.580587967318773 0.671839720647734 0.7536856569605176 0.8249799257263851 0.8847244007171529 0.932082653864905 0.966391665330796 0.9871711058429234 0.9941300613496932 0.9871711058429234 0.966391665330796 0.932082653864905 0.8847244007171529 0.8249799257263851 0.7536856569605176 0.671839720647734 0.580587967318773 0.4812079297955853 0.37509093761597023 0.2637226382938705 0.14866219811944986
0.15985182593489233 0.28357272934824784 0.4033235888343766 0.5174278815006292 0.6242881369019064 0.722408301771757 0.8104146849037823 0.8870751889531021 0.951316559910917 1.0022394127579621 1.0391308229363398 1.0614743073579822 1.0689570552147238 1.0614743073579822 1.0391308229363398 1.0022394127579621 0.951316559910917 0.8870751889531021 0.8104146849037823 0.722408301771757 0.6242881369019064 0.5174278815006292 0.4033235888343766 0.28357272934824784 0.15985182593489233
0.17263997200968376 0.30625854769610766 0.4355894759411267 0.5588221120206797 0.674231187854059 0.7802009659134974 0.875247859696085 0.9580412040693504 1.0274218847037906 1.0824185657785994 1.122261288771247 1.1463922519466208 1.1544736196319019 1.1463922519466208 1.122261288771247 1.0824185657785994 1.0274218847037906 0.9580412040693504 0.875247859696085 0.7802009659134974 0.674231187854059 0.5588221120206797 0.4355894759411267 0.30625854769610766 0.17263997200968376
0.17263997200968376 0.30625854769610766 0.4355894759411267 0.5588221120206797 0.674231187854059 0.7802009659134974 0.875247859696085 0.9580412040693504 1.0274218847037906 1.0824185657785994 1.122261288771247 1.1463922519466208 1.1544736196319019 1.1463922519466208 1.122261288771247 1.0824185657785994 1.0274218847037906 0.9580412040693504 0.875247859696085 0.7802009659134974 0.674231187854059 0.5588221120206797 0.4355894759411267 0.30625854769610766 0.17263997200968376
0.17263997200968376 0.30625854769610766 0.4355894759411267 0.5588221120206797 0.674231187854059 0.7802009659134974 0.875247859696085 0.9580412040693504 1.0274218847037906 1.0824185657785994 1.122261288771247 1.1463922519466208 1.1544736196319019 1.1463922519466208 1.122261288771247 1.0824185657785994 1.0274218847037906 0.9580412040693504 0.875247859696085 0.7802009659134974 0.674231187854059 0.5588221120206797 0.4355894759411267 0.30625854769610766 0.17263997200968376
0.17263997200968376 0.30625854769610766 0.4355894759411267 0.5588221120206797 0.674231187854059 0.7802009659134974 0.875247859696085 0.9580412040693504 1.0274218847037906 1.0824185657785994 1.122261288771247 1.1463922519466208 1.1544736196319019 1.1463922519466208 1.122261288771247 1.0824185657785994 1.0274218847037906 0.9580412040693504 0.875247859696085 0.7802009659134974 0.674231187854059 0.5588221120206797 0.4355894759411267 0.30625854769610766 0.17263997200968376
0.17263997200968376 0.30625854769610766 0.4355894759411267 0.5588221120206797 0.674231187854059 0.7802009659134974 0.875247859696085 0.9580412040693504 1.0274218847037906 1.0824185657785994 1.122261288771247 1.1463922519466208 1.1544736196319019 1.1463922519466208 1.122261288771247 1.0824185657785994 1.0274218847037906 0.9580412040693504 0.875247859696085 0.7802009659134974 0.674231187854059 0.5588221120206797 0.4355894759411267 0.30625854769610766 0.17263997200968376
0.15985182593489233 0.28357272934824784 0.4033235888343766 0.5174278815006292 0.6242881369019064 0.722408301771757 0.8104146849037823 0.8870751889531021 0.951316559910917 1.0022394127579621 1.0391308229363398 1.0614743073579822 1.0689570552147238 1.0614743073579822 1.0391308229363398 1.0022394127579621 0.951316559910917 0.8870751889531021 0.8104146849037823 0.722408301771757 0.6242881369019064 0.5174278815006292 0.4033235888343766 0.28357272934824784 0.15985182593489233
0.14866219811944986 0.2637226382938705 0.37509093761597023 0.4812079297955853 0.580587967318773 0.671839720647734 0.7536856569605176 0.8249799257263851 0.8847244007171529 0.932082653864905 0.966391665330796 0.9871711058429234 0.9941300613496932 0.9871711058429234 0.966391665330796 0.932082653864905 0.8847244007171529 0.8249799257263851 0.7536856569605176 0.671839720647734 0.580587967318773 0.4812079297955853 0.37509093761597023 0.2637226382938705 0.14866219811944986
0.13427553378530954 0.23820109265252817 0.3387918146208763 0.4346394204605286 0.5244020349976014 0.6068229734882759 0.6807483353191772 0.7451431587206058 0.7991059103251703 0.8418811067166883 0.8728698912665255 0.8916384181807051 0.8979239263803681 0.8916384181807051 0.8728698912665255 0.8418811067166883 0.7991059103251703 0.7451431587206058 0.6807483353191772 0.6068229734882759 0.5244020349976014 0.4346394204605286 0.3387918146208763 0.23820109265252817 0.13427553378530954
0.13427553378530954 0.23820109265252817 0.3387918146208763 0.4346394204605286 0.5244020349976014 0.6068229734882759 0.6807483353191772 0.7451431587206058 0.7991059103251703 0.8418811067166883 0.8728698912665255 0.8916384181807051 0.8979239263803681 0.8916384181807051 0.8728698912665255 0.8418811067166883 0.7991059103251703 0.7451431587206058 0.6807483353191772 0.6068229734882759 0.5244020349976014 0.4346394204605286 0.3387918146208763 0.23820109265252817 0.13427553378530954
0.14866219811944986 0.2637226382938705 0.37509093761597023 0.4812079297955853 0.580587967318773 0.671839720647734 0.7536856569605176 0.8249799257263851 0.8847244007171529 0.932082653864905 0.966391665330796 0.9871711058429234 0.9941300613496932 0.9871711058429234 0.966391665330796 0.932082653864905 0.8847244007171529 0.8249799257263851 0.7536856569605176 0.671839720647734 0.580587967318773 0.4812079297955853 0.37509093761597023 0.2637226382938705 0.14866219811944986
0.15985182593489233 0.28357272934824784 0.4033235888343766 0.5174278815006292 0.6242881369019064 0.722408301771757 0.8104146849037823 0.8870751889531021 0.951316559910917 1.0022394127579621 1.0391308229363398 1.0614743073579822 1.0689570552147238 1.0614743073579822 1.0391308229363398 1.0022394127579621 0.951316559910917 0.8870751889531021 0.8104146849037823 0.722408301771757 0.6242881369019064 0.5174278815006292 0.4033235888343766 0.28357272934824784 0.15985182593489233
0.17263997200968376 0.30625854769610766 0.4355894759411267 0.5588221120206797 0.674231187854059 0.7802009659134974 0.875247859696085 0.9580412040693504 1.0274218847037906 1.0824185657785994 1.122261288771247 1.1463922519466208 1.1544736196319019 1.1463922519466208 1.122261288771247 1.0824185657785994 1.0274218847037906 0.9580412040693504 0.875247859696085 0.7802009659134974 0.674231187854059 0.5588221120206797 0.4355894759411267 0.30625854769610766 0.17263997200968376
0.18223108156577728 0.3232729114570025 0.45978889127118927 0.5898677849107175 0.7116884760681732 0.8235454640198028 0.9238727407903117 1.0112657154065365 1.0845008782984453 1.142552930544077 1.1846091381474273 1.2100807103880995 1.2186110429447854 1.2100807103880995 1.1846091381474273 1.142552930544077 1.0845008782984453 1.0112657154065365 0.9238727407903117 0.8235454640198028 0.7116884760681732 0.5898677849107175 0.45978889127118927 0.3232729114570025 0.18223108156577728
0.18223108156577728 0.3232729114570025 0.45978889127118927 0.5898677849107175 0.7116884760681732 0.8235454640198028 0.9238727407903117 1.0112657154065365 1.0845008782984453 1.142552930544077 1.1846091381474273 1.2100807103880995 1.2186110429447854 1.2100807103880995 1.1846091381474273 1.142552930544077 1.0845008782984453 1.0112657154065365 0.9238727407903117 0.8235454640198028 0.7116884760681732 0.5898677849107175 0.45978889127118927 0.3232729114570025 0.18223108156577728
0.18223108156577728 0.3232729114570025 0.45978889127118927 0.5898677849107175 0.7116884760681732 0.8235454640198028 0.9238727407903117 1.0112657154065365 1.0845008782984453 1.142552930544077 1.1846091381474273 1.2100807103880995 1.2186110429447854 1.2100807103880995 1.1846091381474273 1.142552930544077 1.0845008782984453 1.0112657154065365 0.9238727407903117 0.8235454640198028 0.7116884760681732 0.5898677849107175 0.45978889127118927 0.3232729114570025 0.18223108156577728
0.18223108156577728 0.3232729114570025 0.45978889127118927 0.5898677849107175 0.7116884760681732 0.8235454640198028 0.9238727407903117 1.0112657154065365 1.0845008782984453 1.142552930544077 1.1846091381474273 1.2100807103880995 1.2186110429447854 1.2100807103880995 1.1846091381474273 1.142552930544077 1.0845008782984453 1.0112657154065365 0.9238727407903117 0.8235454640198028 0.7116884760681732 0.5898677849107175 0.45978889127118927 0.3232729114570025 0.18223108156577728
0.17263997200968376 0.30625854769610766 0.4355894759411267 0.5588221120206797 0.674231187854059 0.7802009659134974 0.875247859696085 0.9580412040693504 1.0274218847037906 1.0824185657785994 1.122261288771247 1.1463922519466208 1.1544736196319019 1.1463922519466208 1.122261288771247 1.0824185657785994 1.0274218847037906 0.9580412040693504 0.875247859696085 0.7802009659134974 0.674231187854059 0.5588221120206797 0.4355894759411267 0.30625854769610766 0.17263997200968376
0.15985182593489233 0.28357272934824784 0.4033235888343766 0.5174278815006292 0.6242881369019064 0.722408301771757 0.8104146849037823 0.8870751889531021 0.951316559910917 1.0022394127579621 1.0391308229363398 1.0614743073579822 1.0689570552147238 1.0614743073579822 1.0391308229363398 1.0022394127579621 0.951316559910917 0.8870751889531021 0.8104146849037823 0.722408301771757 0.6242881369019064 0.5174278815006292 0.4033235888343766 0.28357272934824784 0.15985182593489233
0.14866219811944986 0.2637226382938705 0.37509093761597023 0.4812079297955853 0.580587967318773 0.671839720647734 0.7536856569605176 0.8249799257263851 0.8847244007171529 0.932082653864905 0.966391665330796 0.9871711058429234 0.9941300613496932 0.9871711058429234 0.966391665330796 0.932082653864905 0.8847244007171529 0.8249799257263851 0.7536856569605176 0.671839720647734 0.580587967318773 0.4812079297955853 0.37509093761597023 0.2637226382938705 0.14866219811944986
0.13427553378530954 0.23820109265252817 0.3387918146208763 0.4346394204605286 0.5244020349976014 0.6068229734882759 0.6807483353191772 0.7451431587206058 0.7991059103251703 0.8418811067166883 0.8728698912665255 0.8916384181807051 0.8979239263803681 0.8916384181807051 0.8728698912665255 0.8418811067166883 0.7991059103251703 0.7451431587206058 0.6807483353191772 0.6068229734882759 0.5244020349976014 0.4346394204605286 0.3387918146208763 0.23820109265252817 0.13427553378530954
0.13427553378530954 0.23820109265252817 0.3387918146208763 0.4346394204605286 0.5244020349976014 0.6068229734882759 0.6807483353191772 0.7451431587206058 0.7991059103251703 0.8418811067166883 0.8728698912665255 0.8916384181807051 0.8979239263803681 0.8916384181807051 0.8728698912665255 0.8418811067166883 0.7991059103251703 0.7451431587206058 0.6807483353191772 0.6068229734882759 0.5244020349976014 0.4346394204605286 0.3387918146208763 0.23820109265252817 0.13427553378530954
0.14866219811944986 0.2637226382938705 0.37509093761597023 0.4812079297955853 0.580587967318773 0.671839720647734 0.7536856569605176 0.8249799257263851 0.8847244007171529 0.932082653864905 0.966391665330796 0.9871711058429234 0.9941300613496932 0.9871711058429234 0.966391665330796 0.932082653864905 0.8847244007171529 0.8249799257263851 0.7536856569605176 0.671839720647734 0.580587967318773 0.4812079297955853 0.37509093761597023 0.2637226382938705 0.14866219811944986
0.15985182593489233 0.28357272934824784 0.4033235888343766 0.5174278815006292 0.6242881369019064 0.722408301771757 0.8104146849037823 0.8870751889531021 0.951316559910917 1.0022394127579621 1.0391308229363398 1.0614743073579822 1.0689570552147238 1.0614743073579822 1.0391308229363398 1.0022394127579621 0.951316559910917 0.8870751889531021 0.8104146849037823 0.722408301771757 0.6242881369019064 0.5174278815006292 0.4033235888343766 0.28357272934824784 0.15985182593489233
0.17263997200968376 0.30625854769610766 0.4355894759411267 0.5588221120206797 0.674231187854059 0.7802009659134974 0.875247859696085 0.9580412040693504 1.0274218847037906 1.0824185657785994 1.122261288771247 1.1463922519466208 1.1544736196319019 1.1463922519466208 1.122261288771247 1.0824185657785994 1.0274218847037906 0.9580412040693504 0.875247859696085 0.7802009659134974 0.674231187854059 0.5588221120206797 0.4355894759411267 0.30625854769610766 0.17263997200968376
0.18223108156577728 0.3232729114570025 0.45978889127118927 0.5898677849107175 0.7116884760681732 0.8235454640198028 0.9238727407903117 1.0112657154065365 1.0845008782984453 1.142552930544077 1.1846091381474273 1.2100807103880995 1.2186110429447854 1.2100807103880995 1.1846091381474273 1.142552930544077 1.0845008782984453 1.0112657154065365 0.9238727407903117 0.8235454640198028 0.7116884760681732 0.5898677849107175 0.45978889127118927 0.3232729114570025 0.18223108156577728
0.19022367286252187 0.3374515479244149 0.47995507071290805 0.6157391789857489 0.7429028829132686 0.8596658791083907 0.964393475035501 1.0556194748541916 1.1320667062939913 1.1926649011819752 1.2365656792942443 1.2631544257559988 1.2720588957055212 1.2631544257559988 1.2365656792942443 1.1926649011819752 1.1320667062939913 1.0556194748541916 0.964393475035501 0.8596658791083907 0.7429028829132686 0.6157391789857489 0.47995507071290805 0.3374515479244149 0.19022367286252187
0.19022367286252187 0.3374515479244149 0.47995507071290805 0.6157391789857489 0.7429028829132686 0.8596658791083907 0.964393475035501 1.0556194748541916 1.1320667062939913 1.1926649011819752 1.2365656792942443 1.2631544257559988 1.2720588957055212 1.2631544257559988 1.2365656792942443 1.1926649011819752 1.1320667062939913 1.0556194748541916 0.964393475035501 0.8596658791083907 0.7429028829132686 0.6157391789857489 0.47995507071290805 0.3374515479244149 0.19022367286252187
0.19022367286252187 0.3374515479244149 0.47995507071290805 0.6157391789857489 0.7429028829132686 0.8596658791083907 0.964393475035501 1.0556194748541916 1.1320667062939913 1.1926649011819752 1.2365656792942443 1.2631544257559988 1.2720588957055212 1.2631544257559988 1.2365656792942443 1.1926649011819752 1.1320667062939913 1.0556194748541916 0.964393475035501 0.8596658791083907 0.7429028829132686 0.6157391789857489 0.47995507071290805 0.3374515479244149 0.19022367286252187
0.18223108156577728 0.3232729114570025 0.45978889127118927 0.5898677849107175 0.7116884760681732 0.8235454640198028 0.9238727407903117 1.0112657154065365 1.0845008782984453 1.142552930544077 1.1846091381474273 1.2100807103880995 1.2186110429447854 1.2100807103880995 1.1846091381474273 1.142552930544077 1.0845008782984453 1.0112657154065365 0.9238727407903117 0.8235454640198028 0.7116884760681732 0.5898677849107175 0.45978889127118927 0.3232729114570025 0.18223108156577728
0.17263997200968376 0.30625854769610766 0.4355894759411267 0.5588221120206797 0.674231187854059 0.7802009659134974 0.875247859696085 0.9580412040693504 1.0274218847037906 1.0824185657785994 1.122261288771247 1.1463922519466208 1.1544736196319019 1.1463922519466208 1.122261288771247 1.0824185657785994 1.0274218847037906 0.9580412040693504 0.875247859696085 0.7802009659134974 0.674231187854059 0.5588221120206797 0.4355894759411267 0.30625854769610766 0.17263997200968376
0.15985182593489233 0.28357272934824784 0.4033235888343766 0.5174278815006292 0.6242881369019064 0.722408301771757 0.8104146849037823 0.8870751889531021 0.951316559910917 1.0022394127579621 1.0391308229363398 1.0614743073579822 1.0689570552147238 1.0614743073579822 1.0391308229363398 1.0022394127579621 0.951316559910917 0.8870751889531021 0.8104146849037823 0.722408301771757 0.6242881369019064 0.5174278815006292 0.4033235888343766 0.28357272934824784 0.15985182593489233
0.14866219811944986 0.2637226382938705 0.37509093761597023 0.4812079297955853 0.580587967318773 0.671839720647734 0.7536856569605176 0.8249799257263851 0.8847244007171529 0.932082653864905 0.966391665330796 0.9871711058429234 0.9941300613496932 0.9871711058429234 0.966391665330796 0.932082653864905 0.8847244007171529 0.8249799257263851 0.7536856569605176 0.671839720647734 0.580587967318773 0.4812079297955853 0.37509093761597023 0.2637226382938705 0.14866219811944986
0.13427553378530954 0.23820109265252817 0.3387918146208763 0.4346394204605286 0.5244020349976014 0.6068229734882759 0.6807483353191772 0.7451431587206058 0.7991059103251703 0.8418811067166883 0.8728698912665255 0.8916384181807051 0.8979239263803681 0.8916384181807051 0.8728698912665255 0.8418811067166883 0.7991059103251703 0.7451431587206058 0.6807483353191772 0.6068229734882759 0.5244020349976014 0.4346394204605286 0.3387918146208763 0.23820109265252817 0.13427553378530954
0.13427553378530954 0.23820109265252817 0.3387918146208763 0.4346394204605286 0.5244020349976014 0.6068229734882759 0.6807483353191772 0.7451431587206058 0.7991059103251703 0.8418811067166883 0.8728698912665255 0.8916384181807051 0.8979239263803681 0.8916384181807051 0.8728698912665255 0.8418811067166883 0.7991059103251703 0.7451431587206058 0.6807483353191772 0.6068229734882759 0.5244020349976014 0.4346394204605286 0.3387918146208763 0.23820109265252817 0.13427553378530954
0.14866219811944986 0.2637226382938705 0.37509093761597023 0.4812079297955853 0.580587967318773 0.671839720647734 0.7536856569605176 0.8249799257263851 0.8847244007171529 0.932082653864905 0.966391665330796 0.9871711058429234 0.9941300613496932 0.9871711058429234 0.966391665330796 0.932082653864905 0.8847244007171529 0.8249799257263851 0.7536856569605176 0.671839720647734 0.580587967318773 0.4812079297955853 0.37509093761597023 0.2637226382938705 0.14866219811944986
0.15985182593489233 0.28357272934824784 0.4033235888343766 0.5174278815006292 0.6242881369019064 0.722408301771757 0.8104146849037823 0.8870751889531021 0.951316559910917 1.0022394127579621 1.0391308229363398 1.0614743073579822 1.0689570552147238 1.0614743073579822 1.0391308229363398 1.0022394127579621 0.951316559910917 0.8870751889531021 0.8104146849037823 0.722408301771757 0.6242881369019064 0.5174278815006292 0.4033235888343766 0.28357272934824784 0.15985182593489233
0.17263997200968376 0.30625854769610766 0.4355894759411267 0.5588221120206797 0.674231187854059 0.7802009659134974 0.875247859696085 0.9580412040693504 1.0274218847037906 1.0824185657785994 1.122261288771247 1.1463922519466208 1.1544736196319019 1.1463922519466208 1.122261288771247 1.0824185657785994 1.0274218847037906 0.9580412040693504 0.875247859696085 0.7802009659134974 0.674231187854059 0.5588221120206797 0.4355894759411267 0.30625854769610766 0.17263997200968376
0.18223108156577728 0.3232729114570025 0.45978889127118927 0.5898677849107175 0.7116884760681732 0.8235454640198028 0.9238727407903117 1.0112657154065365 1.0845008782984453 1.142552930544077 1.1846091381474273 1.2100807103880995 1.2186110429447854 1.2100807103880995 1.1846091381474273 1.142552930544077 1.0845008782984453 1.0112657154065365 0.9238727407903117 0.8235454640198028 0.7116884760681732 0.5898677849107175 0.45978889127118927 0.3232729114570025 0.18223108156577728
0.19022367286252187 0.3374515479244149 0.47995507071290805 0.6157391789857489 0.7429028829132686 0.8596658791083907 0.964393475035501 1.0556194748541916 1.1320667062939913 1.1926649011819752 1.2365656792942443 1.2631544257559988 1.2720588957055212 1.2631544257559988 1.2365656792942443 1.1926649011819752 1.1320667062939913 1.0556194748541916 0.964393475035501 0.8596658791083907 0.7429028829132686 0.6157391789857489 0.47995507071290805 0.3374515479244149 0.19022367286252187
0.19501922764056864 0.34595872980486236 0.4920547783779394 0.6312620154307678 0.7616315270203259 0.8813381281615433 0.9887059155826143 1.0822317305227847 1.160606203091319 1.222732083564714 1.2677396039823345 1.2949986549767383 1.3041276073619634 1.2949986549767383 1.2677396039823345 1.222732083564714 1.160606203091319 1.0822317305227847 0.9887059155826143 0.8813381281615433 0.7616315270203259 0.6312620154307678 0.4920547783779394 0.34595872980486236 0.19501922764056864
0.19501922764056864 0.34595872980486236 0.4920547783779394 0.6312620154307678 0.7616315270203259 0.8813381281615433 0.9887059155826143 1.0822317305227847 1.160606203091319 1.222732083564714 1.2677396039823345 1.2949986549767383 1.3041276073619634 1.2949986549767383 1.2677396039823345 1.222732083564714 1.160606203091319 1.0822317305227847 0.9887059155826143 0.8813381281615433 0.7616315270203259 0.6312620154307678 0.4920547783779394 0.34595872980486236 0.19501922764056864
0.19022367286252187 0.3374515479244149 0.47995507071290805 0.6157391789857489 0.7429028829132686 0.8596658791083907 0.964393475035501 1.0556194748541916 1.1320667062939913 1.1926649011819752 1.2365656792942443 1.2631544257559988 1.2720588957055212 1.2631544257559988 1.2365656792942443 1.1926649011819752 1.1320667062939913 1.0556194748541916 0.964393475035501 0.8596658791083907 0.7429028829132686 0.6157391789857489 0.47995507071290805 0.3374515479244149 0.19022367286252187
0.18223108156577728 0.3232729114570025 0.45978889127118927 0.5898677849107175 0.7116884760681732 0.8235454640198028 0.9238727407903117 1.0112657154065365 1.0845008782984453 1.142552930544077 1.1846091381474273 1.2100807103880995 1.2186110429447854 1.2100807103880995 1.1846091381474273 1.142552930544077 1.0845008782984453 1.0112657154065365 0.9238727407903117 0.8235454640198028 0.7116884760681732 0.5898677849107175 0.45978889127118927 0.3232729114570025 0.18223108156577728
0.17263997200968376 0.30625854769610766 0.4355894759411267 0.5588221120206797 0.674231187854059 0.7802009659134974 0.875247859696085 0.9580412040693504 1.0274218847037906 1.0824185657785994 1.122261288771247 1.1463922519466208 1.1544736196319019 1.1463922519466208 1.122261288771247 1.0824185657785994 1.0274218847037906 0.9580412040693504 0.875247859696085 0.7802009659134974 0.674231187854059 0.5588221120206797 0.4355894759411267 0.30625854769610766 0.17263997200968376
0.15985182593489233 0.28357272934824784 0.4033235888343766 0.5174278815006292 0.6242881369019064 0.722408301771757 0.8104146849037823 0.8870751889531021 0.951316559910917 1.0022394127579621 1.0391308229363398 1.0614743073579822 1.0689570552147238 1.0614743073579822 1.0391308229363398 1.0022394127579621 0.951316559910917 0.8870751889531021 0.8104146849037823 0.722408301771757 0.6242881369019064 0.5174278815006292 0.4033235888343766 0.28357272934824784 0.15985182593489233
0.14866219811944986 0.2637226382938705 0.37509093761597023 0.4812079297955853 0.580587967318773 0.671839720647734 0.7536856569605176 0.8249799257263851 0.8847244007171529 0.932082653864905 0.966391665330796 0.9871711058429234 0.9941300613496932 0.9871711058429234 0.966391665330796 0.932082653864905 0.8847244007171529 0.8249799257263851 0.7536856569605176 0.671839720647734 0.580587967318773 0.4812079297955853 0.37509093761597023 0.2637226382938705 0.14866219811944986
0.13427553378530954 0.23820109265252817 0.3387918146208763 0.4346394204605286 0.5244020349976014 0.6068229734882759 0.6807483353191772 0.7451431587206058 0.7991059103251703 0.8418811067166883 0.8728698912665255 0.8916384181807051 0.8979239263803681 0.8916384181807051 0.8728698912665255 0.8418811067166883 0.7991059103251703 0.7451431587206058 0.6807483353191772 0.6068229734882759 0.5244020349976014 0.4346394204605286 0.3387918146208763 0.23820109265252817 0.13427553378530954
0.14866219811944986 0.2637226382938705 0.37509093761597023 0.4812079297955853 0.580587967318773 0.671839720647734 0.7536856569605176 0.8249799257263851 0.8847244007171529 0.932082653864905 0.966391665330796 0.9871711058429234 0.9941300613496932 0.9871711058429234 0.966391665330796 0.932082653864905 0.8847244007171529 0.8249799257263851 0.7536856569605176 0.671839720647734 0.580587967318773 0.4812079297955853 0.37509093761597023 0.2637226382938705 0.14866219811944986
0.15985182593489233 0.28357272934824784 0.4033235888343766 0.5174278815006292 0.6242881369019064 0.722408301771757 0.8104146849037823 0.8870751889531021 0.951316559910917 1.0022394127579621 1.0391308229363398 1.0614743073579822 1.0689570552147238 1.0614743073579822 1.0391308229363398 1.0022394127579621 0.951316559910917 0.8870751889531021 0.8104146849037823 0.722408301771757 0.6242881369019064 0.5174278815006292 0.4033235888343766 0.28357272934824784 0.15985182593489233
0.17263997200968376 0.30625854769610766 0.4355894759411267 0.5588221120206797 0.674231187854059 0.7802009659134974 0.875247859696085 0.9580412040693504 1.0274218847037906 1.0824185657785994 1.122261288771247 1.1463922519466208 1.1544736196319019 1.1463922519466208 1.122261288771247 1.0824185657785994 1.0274218847037906 0.9580412040693504 0.875247859696085 0.7802009659134974 0.674231187854059 0.5588221120206797 0.4355894759411267 0.30625854769610766 0.17263997200968376
0.18223108156577728 0.3232729114570025 0.45978889127118927 0.5898677849107175 0.7116884760681732 0.8235454640198028 0.9238727407903117 1.0112657154065365 1.0845008782984453 1.142552930544077 1.1846091381474273 1.2100807103880995 1.2186110429447854 1.2100807103880995 1.1846091381474273 1.142552930544077 1.0845008782984453 1.0112657154065365 0.9238727407903117 0.8235454640198028 0.7116884760681732 0.5898677849107175 0.45978889127118927 0.3232729114570025 0.18223108156577728
0.19022367286252187 0.3374515479244149 0.47995507071290805 0.6157391789857489 0.7429028829132686 0.8596658791083907 0.964393475035501 1.0556194748541916 1.1320667062939913 1.1926649011819752 1.2365656792942443 1.2631544257559988 1.2720588957055212 1.2631544257559988 1.2365656792942443 1.1926649011819752 1.1320667062939913 1.0556194748541916 0.964393475035501 0.8596658791083907 0.7429028829132686 0.6157391789857489 0.47995507071290805 0.3374515479244149 0.19022367286252187
0.19501922764056864 0.34595872980486236 0.4920547783779394 0.6312620154307678 0.7616315270203259 0.8813381281615433 0.9887059155826143 1.0822317305227847 1.160606203091319 1.222732083564714 1.2677396039823345 1.2949986549767383 1.3041276073619634 1.2949986549767383 1.2677396039823345 1.222732083564714 1.160606203091319 1.0822317305227847 0.9887059155826143 0.8813381281615433 0.7616315270203259 0.6312620154307678 0.4920547783779394 0.34595872980486236 0.19501922764056864
0.19821626415926655 0.3516301843918273 0.5001212501546269 0.6416105730607804 0.7741172897583639 0.8957862941969785 1.00491420928069 1.0999732343018465 1.1796325342895368 1.2427768718198733 1.2885222204410614 1.3162281411238979 1.3255067484662575 1.3162281411238979 1.2885222204410614 1.2427768718198733 1.1796325342895368 1.0999732343018465 1.00491420928069 0.8957862941969785 0.7741172897583639 0.6416105730607804 0.5001212501546269 0.3516301843918273 0.19821626415926655
0.19501922764056864 0.34595872980486236 0.4920547783779394 0.6312620154307678 0.7616315270203259 0.8813381281615433 0.9887059155826143 1.0822317305227847 1.160606203091319 1.222732083564714 1.2677396039823345 1.2949986549767383 1.3041276073619634 1.2949986549767383 1.2677396039823345 1.222732083564714 1.160606203091319 1.0822317305227847 0.9887059155826143 0.8813381281615433 0.7616315270203259 0.6312620154307678 0.4920547783779394 0.34595872980486236 0.19501922764056864
0.19022367286252187 0.3374515479244149 0.47995507071290805 0.6157391789857489 0.7429028829132686 0.8596658791083907 0.964393475035501 1.0556194748541916 1.1320667062939913 1.1926649011819752 1.2365656792942443 1.2631544257559988 1.2720588957055212 1.2631544257559988 1.2365656792942443 1.1926649011819752 1.1320667062939913 1.0556194748541916 0.964393475035501 0.8596658791083907 0.7429028829132686 0.6157391789857489 0.47995507071290805 0.3374515479244149 0.19022367286252187
0.18223108156577728 0.3232729114570025 0.45978889127118927 0.5898677849107175 0.7116884760681732 0.8235454640198028 0.9238727407903117 1.0112657154065365 1.0845008782984453 1.142552930544077 1.1846091381474273 1.2100807103880995 1.2186110429447854 1.2100807103880995 1.1846091381474273 1.142552930544077 1.0845008782984453 1.0112657154065365 0.9238727407903117 0.8235454640198028 0.7116884760681732 0.5898677849107175 0.45978889127118927 0.3232729114570025 0.18223108156577728
0.17263997200968376 0.30625854769610766 0.4355894759411267 0.5588221120206797 0.674231187854059 0.7802009659134974 0.875247859696085 0.9580412040693504 1.0274218847037906 1.0824185657785994 1.122261288771247 1.1463922519466208 1.1544736196319019 1.1463922519466208 1.122261288771247 1.0824185657785994 1.0274218847037906 0.9580412040693504 0.875247859696085 0.7802009659134974 0.674231187854059 0.5588221120206797 0.4355894759411267 0.30625854769610766 0.17263997200968376
0.15985182593489233 0.28357272934824784 0.4033235888343766 0.5174278815006292 0.6242881369019064 0.722408301771757 0.8104146849037823 0.8870751889531021 0.951316559910917 1.0022394127579621 1.0391308229363398 1.0614743073579822 1.0689570552147238 1.0614743073579822 1.0391308229363398 1.0022394127579621 0.951316559910917 0.8870751889531021 0.8104146849037823 0.722408301771757 0.6242881369019064 0.5174278815006292 0.4033235888343766 0.28357272934824784 0.15985182593489233
0.14866219811944986 0.2637226382938705 0.37509093761597023 0.4812079297955853 0.580587967318773 0.671839720647734 0.7536856569605176 0.8249799257263851 0.8847244007171529 0.932082653864905 0.966391665330796 0.9871711058429234 0.9941300613496932 0.9871711058429234 0.966391665330796 0.932082653864905 0.8847244007171529 0.8249799257263851 0.7536856569605176 0.671839720647734 0.580587967318773 0.4812079297955853 0.37509093761597023 0.2637226382938705 0.14866219811944986
0.13427553378530954 0.23820109265252817 0.3387918146208763 0.4346394204605286 0.5244020349976014 0.6068229734882759 0.6807483353191772 0.7451431587206058 0.7991059103251703 0.8418811067166883 0.8728698912665255 0.8916384181807051 0.8979239263803681 0.8916384181807051 0.8728698912665255 0.8418811067166883 0.7991059103251703 0.7451431587206058 0.6807483353191772 0.6068229734882759 0.5244020349976014 0.4346394204605286 0.3387918146208763 0.23820109265252817 0.13427553378530954
0.14866219811944986 0.2637226382938705 0.37509093761597023 0.4812079297955853 0.580587967318773 0.671839720647734 0.7536856569605176 0.8249799257263851 0.8847244007171529 0.932082653864905 0.966391665330796 0.9871711058429234 0.9941300613496932 0.9871711058429234 0.966391665330796 0.932082653864905 0.8847244007171529 0.8249799257263851 0.7536856569605176 0.671839720647734 0.580587967318773 0.4812079297955853 0.37509093761597023 0.2637226382938705 0.14866219811944986
0.15985182593489233 0.28357272934824784 0.4033235888343766 0.5174278815006292 0.6242881369019064 0.722408301771757 0.8104146849037823 0.8870751889531021 0.951316559910917 1.0022394127579621 1.0391308229363398 1.0614743073579822 1.0689570552147238 1.0614743073579822 1.0391308229363398 1.0022394127579621 0.951316559910917 0.8870751889531021 0.8104146849037823 0.722408301771757 0.6242881369019064 0.5174278815006292 0.4033235888343766 0.28357272934824784 0.15985182593489233
0.17263997200968376 0.30625854769610766 0.4355894759411267 0.5588221120206797 0.674231187854059 0.7802009659134974 0.875247859696085 0.9580412040693504 1.0274218847037906 1.0824185657785994 1.122261288771247 1.1463922519466208 1.1544736196319019 1.1463922519466208 1.122261288771247 1.0824185657785994 1.0274218847037906 0.9580412040693504 0.875247859696085 0.7802009659134974 0.674231187854059 0.5588221120206797 0.4355894759411267 0.30625854769610766 0.17263997200968376
0.18223108156577728 0.3232729114570025 0.45978889127118927 0.5898677849107175 0.7116884760681732 0.8235454640198028 0.9238727407903117 1.0112657154065365 1.0845008782984453 1.142552930544077 1.1846091381474273 1.2100807103880995 1.2186110429447854 1.2100807103880995 1.1846091381474273 1.142552930544077 1.0845008782984453 1.0112657154065365 0.9238727407903117 0.8235454640198028 0.7116884760681732 0.5898677849107175 0.45978889127118927 0.3232729114570025 0.18223108156577728
0.19022367286252187 0.3374515479244149 0.47995507071290805 0.6157391789857489 0.7429028829132686 0.8596658791083907 0.964393475035501 1.0556194748541916 1.1320667062939913 1.1926649011819752 1.2365656792942443 1.2631544257559988 1.2720588957055212 1.2631544257559988 1.2365656792942443 1.1926649011819752 1.1320667062939913 1.0556194748541916 0.964393475035501 0.8596658791083907 0.7429028829132686 0.6157391789857489 0.47995507071290805 0.3374515479244149 0.19022367286252187
0.19501922764056864 0.34595872980486236 0.4920547783779394 0.6312620154307678 0.7616315270203259 0.8813381281615433 0.9887059155826143 1.0822317305227847 1.160606203091319 1.222732083564714 1.2677396039823345 1.2949986549767383 1.3041276073619634 1.2949986549767383 1.2677396039823345 1.222732083564714 1.160606203091319 1.0822317305227847 0.9887059155826143 0.8813381281615433 0.7616315270203259 0.6312620154307678 0.4920547783779394 0.34595872980486236 0.19501922764056864
0.19501922764056864 0.34595872980486236 0.4920547783779394 0.6312620154307678 0.7616315270203259 0.8813381281615433 0.9887059155826143 1.0822317305227847 1.160606203091319 1.222732083564714 1.2677396039823345 1.2949986549767383 1.3041276073619634 1.2949986549767383 1.2677396039823345 1.222732083564714 1.160606203091319 1.0822317305227847 0.9887059155826143 0.8813381281615433 0.7616315270203259 0.6312620154307678 0.4920547783779394 0.34595872980486236 0.19501922764056864
0.19022367286252187 0.3374515479244149 0.47995507071290805 0.6157391789857489 0.7429028829132686 0.8596658791083907 0.964393475035501 1.0556194748541916 1.1320667062939913 1.1926649011819752 1.2365656792942443 1.2631544257559988 1.2720588957055212 1.2631544257559988 1.2365656792942443 1.1926649011819752 1.1320667062939913 1.0556194748541916 0.964393475035501 0.8596658791083907 0.7429028829132686 0.6157391789857489 0.47995507071290805 0.3374515479244149 0.19022367286252187
0.18223108156577728 0.3232729114570025 0.45978889127118927 0.5898677849107175 0.7116884760681732 0.8235454640198028 0.9238727407903117 1.0112657154065365 1.0845008782984453 1.142552930544077 1.1846091381474273 1.2100807103880995 1.2186110429447854 1.2100807103880995 1.1846091381474273 1.142552930544077 1.0845008782984453 1.0112657154065365 0.9238727407903117 0.8235454640198028 0.7116884760681732 0.5898677849107175 0.45978889127118927 0.3232729114570025 0.18223108156577728
0.17263997200968376 0.30625854769610766 0.4355894759411267 0.5588221120206797 0.674231187854059 0.7802009659134974 0.875247859696085 0.9580412040693504 1.0274218847037906 1.0824185657785994 1.122261288771247 1.1463922519466208 1.1544736196319019 1.1463922519466208 1.122261288771247 1.0824185657785994 1.0274218847037906 0.9580412040693504 0.875247859696085 0.7802009659134974 0.674231187854059 0.5588221120206797 0.4355894759411267 0.30625854769610766 0.17263997200968376
0.15985182593489233 0.28357272934824784 0.4033235888343766 0.5174278815006292 0.6242881369019064 0.722408301771757 0.8104146849037823 0.8870751889531021 0.951316559910917 1.0022394127579621 1.0391308229363398 1.0614743073579822 1.0689570552147238 1.0614743073579822 1.0391308229363398 1.0022394127579621 0.951316559910917 0.8870751889531021 0.8104146849037823 0.722408301771757 0.6242881369019064 0.5174278815006292 0.4033235888343766 0.28357272934824784 0.15985182593489233
0.14866219811944986 0.2637226382938705 0.37509093761597023 0.4812079297955853 0.580587967318773 0.671839720647734 0.7536856569605176 0.8249799257263851 0.8847244007171529 0.932082653864905 0.966391665330796 0.9871711058429234 0.9941300613496932 0.9871711058429234 0.966391665330796 0.932082653864905 0.8847244007171529 0.8249799257263851 0.7536856569605176 0.671839720647734 0.580587967318773 0.4812079297955853 0.37509093761597023 0.2637226382938705 0.14866219811944986
0.13427553378530954 0.23820109265252817 0.3387918146208763 0.4346394204605286 0.5244020349976014 0.6068229734882759 0.6807483353191772 0.7451431587206058 0.7991059103251703 0.8418811067166883 0.8728698912665255 0.8916384181807051 0.8979239263803681 0.8916384181807051 0.8728698912665255 0.8418811067166883 0.7991059103251703 0.7451431587206058 0.6807483353191772 0.6068229734882759 0.5244020349976014 0.4346394204605286 0.3387918146208763 0.23820109265252817 0.13427553378530954
0.13427553378530954 0.23820109265252817 0.3387918146208763 0.4346394204605286 0.5244020349976014 0.6068229734882759 0.6807483353191772 0.7451431587206058 0.7991059103251703 0.8418811067166883 0.8728698912665255 0.8916384181807051 0.8979239263803681 0.8916384181807051 0.8728698912665255 0.8418811067166883 0.7991059103251703 0.7451431587206058 0.6807483353191772 0.6068229734882759 0.5244020349976014 0.4346394204605286 0.3387918146208763 0.23820109265252817 0.13427553378530954
0.14866219811944986 0.2637226382938705 0.37509093761597023 0.4812079297955853 0.580587967318773 0.671839720647734 0.7536856569605176 0.8249799257263851 0.8847244007171529 0.932082653864905 0.966391665330796 0.9871711058429234 0.9941300613496932 0.9871711058429234 0.966391665330796 0.932082653864905 0.8847244007171529 0.8249799257263851 0.7536856569605176 0.671839720647734 0.580587967318773 0.4812079297955853 0.37509093761597023 0.2637226382938705 0.14866219811944986
0.15985182593489233 0.28357272934824784 0.4033235888343766 0.5174278815006292 0.6242881369019064 0.722408301771757 0.8104146849037823 0.8870751889531021 0.951316559910917 1.0022394127579621 1.0391308229363398 1.0614743073579822 1.0689570552147238 1.0614743073579822 1.0391308229363398 1.0022394127579621 0.951316559910917 0.8870751889531021 0.8104146849037823 0.722408301771757 0.6242881369019064 0.5174278815006292 0.4033235888343766 0.28357272934824784 0.15985182593489233
0.17263997200968376 0.30625854769610766 0.4355894759411267 0.5588221120206797 0.674231187854059 0.7802009659134974 0.875247859696085 0.9580412040693504 1.0274218847037906 1.0824185657785994 1.122261288771247 1.1463922519466208 1.1544736196319019 1.1463922519466208 1.122261288771247 1.0824185657785994 1.0274218847037906 0.9580412040693504 0.875247859696085 0.7802009659134974 0.674231187854059 0.5588221120206797 0.4355894759411267 0.30625854769610766 0.17263997200968376
0.18223108156577728 0.3232729114570025 0.45978889127118927 0.5898677849107175 0.7116884760681732 0.8235454640198028 0.9238727407903117 1.0112657154065365 1.0845008782984453 1.142552930544077 1.1846091381474273 1.2100807103880995 1.2186110429447854 1.2100807103880995 1.1846091381474273 1.142552930544077 1.0845008782984453 1.0112657154065365 0.9238727407903117 0.8235454640198028 0.7116884760681732 0.5898677849107175 0.45978889127118927 0.3232729114570025 0.18223108156577728
0.19022367286252187 0.3374515479244149 0.47995507071290805 0.6157391789857489 0.7429028829132686 0.8596658791083907 0.964393475035501 1.0556194748541916 1.1320667062939913 1.1926649011819752 1.2365656792942443 1.2631544257559988 1.2720588957055212 1.2631544257559988 1.2365656792942443 1.1926649011819752 1.1320667062939913 1.0556194748541916 0.964393475035501 0.8596658791083907 0.7429028829132686 0.6157391789857489 0.47995507071290805 0.3374515479244149 0.19022367286252187
0.19022367286252187 0.3374515479244149 0.47995507071290805 0.6157391789857489 0.7429028829132686 0.8596658791083907 0.964393475035501 1.0556194748541916 1.1320667062939913 1.1926649011819752 1.2365656792942443 1.2631544257559988 1.2720588957055212 1.2631544257559988 1.2365656792942443 1.1926649011819752 1.1320667062939913 1.0556194748541916 0.964393475035501 0.8596658791083907 0.7429028829132686 0.6157391789857489 0.47995507071290805 0.3374515479244149 0.19022367286252187
0.19022367286252187 0.3374515479244149 0.47995507071290805 0.6157391789857489 0.7429028829132686 0.8596658791083907 0.964393475035501 1.0556194748541916 1.1320667062939913 1.1926649011819752 1.2365656792942443 1.2631544257559988 1.2720588957055212 1.2631544257559988 1.2365656792942443 1.1926649011819752 1.1320667062939913 1.0556194748541916 0.964393475035501 0.8596658791083907 0.7429028829132686 0.6157391789857489 0.47995507071290805 0.3374515479244149 0.19022367286252187
0.18223108156577728 0.3232729114570025 0.45978889127118927 0.5898677849107175 0.7116884760681732 0.8235454640198028 0.9238727407903117 1.0112657154065365 1.0845008782984453 1.142552930544077 1.1846091381474273 1.2100807103880995 1.2186110429447854 1.2100807103880995 1.1846091381474273 1.142552930544077 1.0845008782984453 1.0112657154065365 0.9238727407903117 0.8235454640198028 0.7116884760681732 0.5898677849107175 0.45978889127118927 0.3232729114570025 0.18223108156577728
0.17263997200968376 0.30625854769610766 0.4355894759411267 0.5588221120206797 0.674231187854059 0.7802009659134974 0.875247859696085 0.9580412040693504 1.0274218847037906 1.0824185657785994 1.122261288771247 1.1463922519466208 1.1544736196319019 1.1463922519466208 1.122261288771247 1.0824185657785994 1.0274218847037906 0.9580412040693504 0.875247859696085 0.7802009659134974 0.674231187854059 0.5588221120206797 0.4355894759411267 0.30625854769610766 0.17263997200968376
0.15985182593489233 0.28357272934824784 0.4033235888343766 0.5174278815006292 0.6242881369019064 0.722408301771757 0.8104146849037823 0.8870751889531021 0.951316559910917 1.0022394127579621 1.0391308229363398 1.0614743073579822 1.0689570552147238 1.0614743073579822 1.0391308229363398 1.0022394127579621 0.951316559910917 0.8870751889531021 0.8104146849037823 0.722408301771757 0.6242881369019064 0.5174278815006292 0.4033235888343766 0.28357272934824784 0.15985182593489233
0.14866219811944986 0.2637226382938705 0.37509093761597023 0.4812079297955853 0.580587967318773 0.671839720647734 0.7536856569605176 0.8249799257263851 0.8847244007171529 0.932082653864905 0.966391665330796 0.9871711058429234 0.9941300613496932 0.9871711058429234 0.966391665330796 0.932082653864905 0.8847244007171529 0.8249799257263851 0.7536856569605176 0.671839720647734 0.580587967318773 0.4812079297955853 0.37509093761597023 0.2637226382938705 0.14866219811944986
0.13427553378530954 0.23820109265252817 0.3387918146208763 0.4346394204605286 0.5244020349976014 0.6068229734882759 0.6807483353191772 0.7451431587206058 0.7991059103251703 0.8418811067166883 0.8728698912665255 0.8916384181807051 0.8979239263803681 0.8916384181807051 0.8728698912665255 0.8418811067166883 0.7991059103251703 0.7451431587206058 0.6807483353191772 0.6068229734882759 0.5244020349976014 0.4346394204605286 0.3387918146208763 0.23820109265252817 0.13427553378530954
0.13427553378530954 0.23820109265252817 0.3387918146208763 0.4346394204605286 0.5244020349976014 0.6068229734882759 0.6807483353191772 0.7451431587206058 0.7991059103251703 0.8418811067166883 0.8728698912665255 0.8916384181807051 0.8979239263803681 0.8916384181807051 0.8728698912665255 0.8418811067166883 0.7991059103251703 0.7451431587206058 0.6807483353191772 0.6068229734882759 0.5244020349976014 0.4346394204605286 0.3387918146208763 0.23820109265252817 0.13427553378530954
0.14866219811944986 0.2637226382938705 0.37509093761597023 0.4812079297955853 0.580587967318773 0.671839720647734 0.7536856569605176 0.8249799257263851 0.8847244007171529 0.932082653864905 0.966391665330796 0.9871711058429234 0.9941300613496932 0.9871711058429234 0.966391665330796 0.932082653864905 0.8847244007171529 0.8249799257263851 0.7536856569605176 0.671839720647734 0.580587967318773 0.4812079297955853 0.37509093761597023 0.2637226382938705 0.14866219811944986
0.15985182593489233 0.28357272934824784 0.4033235888343766 0.5174278815006292 0.6242881369019064 0.722408301771757 0.8104146849037823 0.8870751889531021 0.951316559910917 1.0022394127579621 1.0391308229363398 1.0614743073579822 1.0689570552147238 1.0614743073579822 1.0391308229363398 1.0022394127579621 0.951316559910917 0.8870751889531021 0.8104146849037823 0.722408301771757 0.6242881369019064 0.5174278815006292 0.4033235888343766 0.28357272934824784 0.15985182593489233
0.17263997200968376 0.30625854769610766 0.4355894759411267 0.5588221120206797 0.674231187854059 0.7802009659134974 0.875247859696085 0.9580412040693504 1.0274218847037906 1.0824185657785994 1.122261288771247 1.1463922519466208 1.1544736196319019 1.1463922519466208 1.122261288771247 1.0824185657785994 1.0274218847037906 0.9580412040693504 0.875247859696085 0.7802009659134974 0.674231187854059 0.5588221120206797 0.4355894759411267 0.30625854769610766 0.17263997200968376
0.18223108156577728 0.3232729114570025 0.45978889127118927 0.5898677849107175 0.7116884760681732 0.8235454640198028 0.9238727407903117 1.0112657154065365 1.0845008782984453 1.142552930544077 1.1846091381474273 1.2100807103880995 1.2186110429447854 1.2100807103880995 1.1846091381474273 1.142552930544077 1.0845008782984453 1.0112657154065365 0.9238727407903117 0.8235454640198028 0.7116884760681732 0.5898677849107175 0.45978889127118927 0.3232729114570025 0.18223108156577728
0.18223108156577728 0.3232729114570025 0.45978889127118927 0.5898677849107175 0.7116884760681732 0.8235454640198028 0.9238727407903117 1.0112657154065365 1.0845008782984453 1.142552930544077 1.1846091381474273 1.2100807103880995 1.2186110429447854 1.2100807103880995 1.1846091381474273 1.142552930544077 1.0845008782984453 1.0112657154065365 0.9238727407903117 0.8235454640198028 0.7116884760681732 0.5898677849107175 0.45978889127118927 0.3232729114570025 0.18223108156577728
0.18223108156577728 0.3232729114570025 0.45978889127118927 0.5898677849107175 0.7116884760681732 0.8235454640198028 0.9238727407903117 1.0112657154065365 1.0845008782984453 1.142552930544077 1.1846091381474273 1.2100807103880995 1.2186110429447854 1.2100807103880995 1.1846091381474273 1.142552930544077 1.0845008782984453 1.0112657154065365 0.9238727407903117 0.8235454640198028 0.7116884760681732 0.5898677849107175 0.45978889127118927 0.3232729114570025 0.18223108156577728
0.18223108156577728 0.3232729114570025 0.45978889127118927 0.5898677849107175 0.7116884760681732 0.8235454640198028 0.9238727407903117 1.0112657154065365 1.0845008782984453 1.142552930544077 1.1846091381474273 1.2100807103880995 1.2186110429447854 1.2100807103880995 1.1846091381474273 1.142552930544077 1.0845008782984453 1.0112657154065365 0.9238727407903117 0.8235454640198028 0.7116884760681732 0.5898677849107175 0.45978889127118927 0.3232729114570025 0.18223108156577728
0.17263997200968376 0.30625854769610766 0.4355894759411267 0.5588221120206797 0.674231187854059 0.7802009659134974 0.875247859696085 0.9580412040693504 1.0274218847037906 1.0824185657785994 1.122261288771247 1.1463922519466208 1.1544736196319019 1.1463922519466208 1.122261288771247 1.0824185657785994 1.0274218847037906 0.9580412040693504 0.875247859696085 0.7802009659134974 0.674231187854059 0.5588221120206797 0.4355894759411267 0.30625854769610766 0.17263997200968376
0.15985182593489233 0.28357272934824784 0.4033235888343766 0.5174278815006292 0.6242881369019064 0.722408301771757 0.8104146849037823 0.8870751889531021 0.951316559910917 1.0022394127579621 1.0391308229363398 1.0614743073579822 1.0689570552147238 1.0614743073579822 1.0391308229363398 1.0022394127579621 0.951316559910917 0.8870751889531021 0.8104146849037823 0.722408301771757 0.6242881369019064 0.5174278815006292 0.4033235888343766 0.28357272934824784 0.15985182593489233
0.14866219811944986 0.2637226382938705 0.37509093761597023 0.4812079297955853 0.580587967318773 0.671839720647734 0.7536856569605176 0.8249799257263851 0.8847244007171529 0.932082653864905 0.966391665330796 0.9871711058429234 0.9941300613496932 0.9871711058429234 0.966391665330796 0.932082653864905 0.8847244007171529 0.8249799257263851 0.7536856569605176 0.671839720647734 0.580587967318773 0.4812079297955853 0.37509093761597023 0.2637226382938705 0.14866219811944986
0.13427553378530954 0.23820109265252817 0.3387918146208763 0.4346394204605286 0.5244020349976014 0.6068229734882759 0.6807483353191772 0.7451431587206058 0.7991059103251703 0.8418811067166883 0.8728698912665255 0.8916384181807051 0.8979239263803681 0.8916384181807051 0.8728698912665255 0.8418811067166883 0.7991059103251703 0.7451431587206058 0.6807483353191772 0.6068229734882759 0.5244020349976014 0.4346394204605286 0.3387918146208763 0.23820109265252817 0.13427553378530954
0.13427553378530954 0.23820109265252817 0.3387918146208763 0.4346394204605286 0.5244020349976014 0.6068229734882759 0.6807483353191772 0.7451431587206058 0.7991059103251703 0.8418811067166883 0.8728698912665255 0.8916384181807051 0.8979239263803681 0.8916384181807051 0.8728698912665255 0.8418811067166883 0.7991059103251703 0.7451431587206058 0.6807483353191772 0.6068229734882759 0.5244020349976014 0.4346394204605286 0.3387918146208763 0.23820109265252817 0.13427553378530954
0.14866219811944986 0.2637226382938705 0.37509093761597023 0.4812079297955853 0.580587967318773 0.671839720647734 0.7536856569605176 0.8249799257263851 0.8847244007171529 0.932082653864905 0.966391665330796 0.9871711058429234 0.9941300613496932 0.9871711058429234 0.966391665330796 0.932082653864905 0.8847244007171529 0.8249799257263851 0.7536856569605176 0.671839720647734 0.580587967318773 0.4812079297955853 0.37509093761597023 0.2637226382938705 0.14866219811944986
0.15985182593489233 0.28357272934824784 0.4033235888343766 0.5174278815006292 0.6242881369019064 0.722408301771757 0.8104146849037823 0.8870751889531021 0.951316559910917 1.0022394127579621 1.0391308229363398 1.0614743073579822 1.0689570552147238 1.0614743073579822 1.0391308229363398 1.0022394127579621 0.951316559910917 0.8870751889531021 0.8104146849037823 0.722408301771757 0.6242881369019064 0.5174278815006292 0.4033235888343766 0.28357272934824784 0.15985182593489233
0.17263997200968376 0.30625854769610766 0.4355894759411267 0.5588221120206797 0.674231187854059 0.7802009659134974 0.875247859696085 0.9580412040693504 1.0274218847037906 1.0824185657785994 1.122261288771247 1.1463922519466208 1.1544736196319019 1.1463922519466208 1.122261288771247 1.0824185657785994 1.0274218847037906 0.9580412040693504 0.875247859696085 0.7802009659134974 0.674231187854059 0.5588221120206797 0.4355894759411267 0.30625854769610766 0.17263997200968376
0.17263997200968376 0.30625854769610766 0.4355894759411267 0.5588221120206797 0.674231187854059 0.7802009659134974 0.875247859696085 0.9580412040693504 1.0274218847037906 1.0824185657785994 1.122261288771247 1.1463922519466208 1.1544736196319019 1.1463922519466208 1.122261288771247 1.0824185657785994 1.0274218847037906 0.9580412040693504 0.875247859696085 0.7802009659134974 0.674231187854059 0.5588221120206797 0.4355894759411267 0.30625854769610766 0.17263997200968376
0.17263997200968376 0.30625854769610766 0.4355894759411267 0.5588221120206797 0.674231187854059 0.7802009659134974 0.875247859696085 0.9580412040693504 1.0274218847037906 1.0824185657785994 1.122261288771247 1.1463922519466208 1.1544736196319019 1.1463922519466208 1.122261288771247 1.0824185657785994 1.0274218847037906 0.9580412040693504 0.875247859696085 0.7802009659134974 0.674231187854059 0.5588221120206797 0.4355894759411267 0.30625854769610766 0.17263997200968376
0.17263997200968376 0.30625854769610766 0.4355894759411267 0.5588221120206797 0.674231187854059 0.7802009659134974 0.875247859696085 0.9580412040693504 1.0274218847037906 1.0824185657785994 1.122261288771247 1.1463922519466208 1.1544736196319019 1.1463922519466208 1.122261288771247 1.0824185657785994 1.0274218847037906 0.9580412040693504 0.875247859696085 0.7802009659134974 0.674231187854059 0.5588221120206797 0.4355894759411267 0.30625854769610766 0.17263997200968376
0.17263997200968376 0.30625854769610766 0.4355894759411267 0.5588221120206797 0.674231187854059 0.7802009659134974 0.875247859696085 0.9580412040693504 1.0274218847037906 1.0824185657785994 1.122261288771247 1.1463922519466208 1.1544736196319019 1.1463922519466208 1.122261288771247 1.0824185657785994 1.0274218847037906 0.9580412040693504 0.875247859696085 0.7802009659134974 0.674231187854059 0.5588221120206797 0.4355894759411267 0.30625854769610766 0.17263997200968376
0.15985182593489233 0.28357272934824784 0.4033235888343766 0.5174278815006292 0.6242881369019064 0.722408301771757 0.8104146849037823 0.8870751889531021 0.951316559910917 1.0022394127579621 1.0391308229363398 1.0614743073579822 1.0689570552147238 1.0614743073579822 1.0391308229363398 1.0022394127579621 0.951316559910917 0.8870751889531021 0.8104146849037823 0.722408301771757 0.6242881369019064 0.5174278815006292 0.4033235888343766 0.28357272934824784 0.15985182593489233
0.14866219811944986 0.2637226382938705 0.37509093761597023 0.4812079297955853 0.580587967318773 0.671839720647734 0.7536856569605176 0.8249799257263851 0.8847244007171529 0.932082653864905 0.966391665330796 0.9871711058429234 0.9941300613496932 0.9871711058429234 0.966391665330796 0.932082653864905 0.8847244007171529 0.8249799257263851 0.7536856569605176 0.671839720647734 0.580587967318773 0.4812079297955853 0.37509093761597023 0.2637226382938705 0.14866219811944986
0.13427553378530954 0.23820109265252817 0.3387918146208763 0.4346394204605286 0.5244020349976014 0.6068229734882759 0.6807483353191772 0.7451431587206058 0.7991059103251703 0.8418811067166883 0.8728698912665255 0.8916384181807051 0.8979239263803681 0.8916384181807051 0.8728698912665255 0.8418811067166883 0.7991059103251703 0.7451431587206058 0.6807483353191772 0.6068229734882759 0.5244020349976014 0.4346394204605286 0.3387918146208763 0.23820109265252817 0.13427553378530954
0.13427553378530954 0.23820109265252817 0.3387918146208763 0.4346394204605286 0.5244020349976014 0.6068229734882759 0.6807483353191772 0.7451431587206058 0.7991059103251703 0.8418811067166883 0.8728698912665255 0.8916384181807051 0.8979239263803681 0.8916384181807051 0.8728698912665255 0.8418811067166883 0.7991059103251703 0.7451431587206058 0.6807483353191772 0.6068229734882759 0.5244020349976014 0.4346394204605286 0.3387918146208763 0.23820109265252817 0.13427553378530954
0.14866219811944986 0.2637226382938705 0.37509093761597023 0.4812079297955853 0.580587967318773 0.671839720647734 0.7536856569605176 0.8249799257263851 0.8847244007171529 0.932082653864905 0.966391665330796 0.9871711058429234 0.9941300613496932 0.9871711058429234 0.966391665330796 0.932082653864905 0.8847244007171529 0.8249799257263851 0.7536856569605176 0.671839720647734 0.580587967318773 0.4812079297955853 0.37509093761597023 0.2637226382938705 0.14866219811944986
0.15985182593489233 0.28357272934824784 0.4033235888343766 0.5174278815006292 0.6242881369019064 0.722408301771757 0.8104146849037823 0.8870751889531021 0.951316559910917 1.0022394127579621 1.0391308229363398 1.0614743073579822 1.0689570552147238 1.0614743073579822 1.0391308229363398 1.0022394127579621 0.951316559910917 0.8870751889531021 0.8104146849037823 0.722408301771757 0.6242881369019064 0.5174278815006292 0.4033235888343766 0.28357272934824784 0.15985182593489233
0.15985182593489233 0.28357272934824784 0.4033235888343766 0.5174278815006292 0.6242881369019064 0.722408301771757 0.8104146849037823 0.8870751889531021 0.951316559910917 1.0022394127579621 1.0391308229363398 1.0614743073579822 1.0689570552147238 1.0614743073579822 1.0391308229363398 1.0022394127579621 0.951316559910917 0.8870751889531021 0.8104146849037823 0.722408301771757 0.6242881369019064 0.5174278815006292 0.4033235888343766 0.28357272934824784 0.15985182593489233
0.15985182593489233 0.28357272934824784 0.4033235888343766 0.5174278815006292 0.6242881369019064 0.722408301771757 0.8104146849037823 0.8870751889531021 0.951316559910917 1.0022394127579621 1.0391308229363398 1.0614743073579822 1.0689570552147238 1.0614743073579822 1.0391308229363398 1.0022394127579621 0.951316559910917 0.8870751889531021 0.8104146849037823 0.722408301771757 0.6242881369019064 0.5174278815006292 0.4033235888343766 0.28357272934824784 0.15985182593489233
0.15985182593489233 0.28357272934824784 0.4033235888343766 0.5174278815006292 0.6242881369019064 0.722408301771757 0.8104146849037823 0.8870751889531021 0.951316559910917 1.0022394127579621 1.0391308229363398 1.0614743073579822 1.0689570552147238 1.0614743073579822 1.0391308229363398 1.0022394127579621 0.951316559910917 0.8870751889531021 0.8104146849037823 0.722408301771757 0.6242881369019064 0.5174278815006292 0.4033235888343766 0.28357272934824784 0.15985182593489233
0.15985182593489233 0.28357272934824784 0.4033235888343766 0.5174278815006292 0.6242881369019064 0.722408301771757 0.8104146849037823 0.8870751889531021 0.951316559910917 1.0022394127579621 1.0391308229363398 1.0614743073579822 1.0689570552147238 1.0614743073579822 1.0391308229363398 1.0022394127579621 0.951316559910917 0.8870751889531021 0.8104146849037823 0.722408301771757 0.6242881369019064 0.5174278815006292 0.4033235888343766 0.28357272934824784 0.15985182593489233
0.15985182593489233 0.28357272934824784 0.4033235888343766 0.5174278815006292 0.6242881369019064 0.722408301771757 0.8104146849037823 0.8870751889531021 0.951316559910917 1.0022394127579621 1.0391308229363398 1.0614743073579822 1.0689570552147238 1.0614743073579822 1.0391308229363398 1.0022394127579621 0.951316559910917 0.8870751889531021 0.8104146849037823 0.722408301771757 0.6242881369019064 0.5174278815006292 0.4033235888343766 0.28357272934824784 0.15985182593489233
0.14866219811944986 0.2637226382938705 0.37509093761597023 0.4812079297955853 0.580587967318773 0.671839720647734 0.7536856569605176 0.8249799257263851 0.8847244007171529 0.932082653864905 0.966391665330796 0.9871711058429234 0.9941300613496932 0.9871711058429234 0.966391665330796 0.932082653864905 0.8847244007171529 0.8249799257263851 0.7536856569605176 0.671839720647734 0.580587967318773 0.4812079297955853 0.37509093761597023 0.2637226382938705 0.14866219811944986
0.13427553378530954 0.23820109265252817 0.3387918146208763 0.4346394204605286 0.5244020349976014 0.6068229734882759 0.6807483353191772 0.7451431587206058 0.7991059103251703 0.8418811067166883 0.8728698912665255 0.8916384181807051 0.8979239263803681 0.8916384181807051 0.8728698912665255 0.8418811067166883 0.7991059103251703 0.7451431587206058 0.6807483353191772 0.6068229734882759 0.5244020349976014 0.4346394204605286 0.3387918146208763 0.23820109265252817 0.13427553378530954
0.13427553378530954 0.23820109265252817 0.3387918146208763 0.4346394204605286 0.5244020349976014 0.6068229734882759 0.6807483353191772 0.7451431587206058 0.7991059103251703 0.8418811067166883 0.8728698912665255 0.8916384181807051 0.8979239263803681 0.8916384181807051 0.8728698912665255 0.8418811067166883 0.7991059103251703 0.7451431587206058 0.6807483353191772 0.6068229734882759 0.5244020349976014 0.4346394204605286 0.3387918146208763 0.23820109265252817 0.13427553378530954
0.14866219811944986 0.2637226382938705 0.37509093761597023 0.4812079297955853 0.580587967318773 0.671839720647734 0.7536856569605176 0.8249799257263851 0.8847244007171529 0.932082653864905 0.966391665330796 0.9871711058429234 0.9941300613496932 0.9871711058429234 0.966391665330796 0.932082653864905 0.8847244007171529 0.8249799257263851 0.7536856569605176 0.671839720647734 0.580587967318773 0.4812079297955853 0.37509093761597023 0.2637226382938705 0.14866219811944986
0.14866219811944986 0.2637226382938705 0.37509093761597023 0.4812079297955853 0.580587967318773 0.671839720647734 0.7536856569605176 0.8249799257263851 0.8847244007171529 0.932082653864905 0.966391665330796 0.9871711058429234 0.9941300613496932 0.9871711058429234 0.966391665330796 0.932082653864905 0.8847244007171529 0.8249799257263851 0.7536856569605176 0.671839720647734 0.580587967318773 0.4812079297955853 0.37509093761597023 0.2637226382938705 0.14866219811944986
0.14866219811944986 0.2637226382938705 0.37509093761597023 0.4812079297955853 0.580587967318773 0.671839720647734 0.7536856569605176 0.8249799257263851 0.8847244007171529 0.932082653864905 0.966391665330796 0.9871711058429234 0.9941300613496932 0.9871711058429234 0.966391665330796 0.932082653864905 0.8847244007171529 0.8249799257263851 0.7536856569605176 0.671839720647734 0.580587967318773 0.4812079297955853 0.37509093761597023 0.2637226382938705 0.14866219811944986
0.14866219811944986 0.2637226382938705 0.37509093761597023 0.4812079297955853 0.580587967318773 0.671839720647734 0.7536856569605176 0.8249799257263851 0.8847244007171529 0.932082653864905 0.966391665330796 0.9871711058429234 0.9941300613496932 0.9871711058429234 0.966391665330796 0.932082653864905 0.8847244007171529 0.8249799257263851 0.7536856569605176 0.671839720647734 0.580587967318773 0.4812079297955853 0.37509093761597023 0.2637226382938705 0.14866219811944986
0.14866219811944986 0.2637226382938705 0.37509093761597023 0.4812079297955853 0.580587967318773 0.671839720647734 0.7536856569605176 0.8249799257263851 0.8847244007171529 0.932082653864905 0.966391665330796 0.9871711058429234 0.9941300613496932 0.9871711058429234 0.966391665330796 0.932082653864905 0.8847244007171529 0.8249799257263851 0.7536856569605176 0.671839720647734 0.580587967318773 0.4812079297955853 0.37509093761597023 0.2637226382938705 0.14866219811944986
0.14866219811944986 0.2637226382938705 0.37509093761597023 0.4812079297955853 0.580587967318773 0.671839720647734 0.7536856569605176 0.8249799257263851 0.8847244007171529 0.932082653864905 0.966391665330796 0.9871711058429234 0.9941300613496932 0.9871711058429234 0.966391665330796 0.932082653864905 0.8847244007171529 0.8249799257263851 0.7536856569605176 0.671839720647734 0.580587967318773 0.4812079297955853 0.37509093761597023 0.2637226382938705 0.14866219811944986
0.14866219811944986 0.2637226382938705 0.37509093761597023 0.4812079297955853 0.580587967318773 0.671839720647734 0.7536856569605176 0.8249799257263851 0.8847244007171529 0.932082653864905 0.966391665330796 0.9871711058429234 0.9941300613496932 0.9871711058429234 0.966391665330796 0.932082653864905 0.8847244007171529 0.8249799257263851 0.7536856569605176 0.671839720647734 0.580587967318773 0.4812079297955853 0.37509093761597023 0.2637226382938705 0.14866219811944986
0.13427553378530954 0.23820109265252817 0.3387918146208763 0.4346394204605286 0.5244020349976014 0.6068229734882759 0.6807483353191772 0.7451431587206058 0.7991059103251703 0.8418811067166883 0.8728698912665255 0.8916384181807051 0.8979239263803681 0.8916384181807051 0.8728698912665255 0.8418811067166883 0.7991059103251703 0.7451431587206058 0.6807483353191772 0.6068229734882759 0.5244020349976014 0.4346394204605286 0.3387918146208763 0.23820109265252817 0.13427553378530954
0.13427553378530954 0.23820109265252817 0.3387918146208763 0.4346394204605286 0.5244020349976014 0.6068229734882759 0.6807483353191772 0.7451431587206058 0.7991059103251703 0.8418811067166883 0.8728698912665255 0.8916384181807051 0.8979239263803681 0.8916384181807051 0.8728698912665255 0.8418811067166883 0.7991059103251703 0.7451431587206058 0.6807483353191772 0.6068229734882759 0.5244020349976014 0.4346394204605286 0.3387918146208763 0.23820109265252817 0.13427553378530954
0.13427553378530954 0.23820109265252817 0.3387918146208763 0.4346394204605286 0.5244020349976014 0.6068229734882759 0.6807483353191772 0.7451431587206058 0.7991059103251703 0.8418811067166883 0.8728698912665255 0.8916384181807051 0.8979239263803681 0.8916384181807051 0.8728698912665255 0.8418811067166883 0.7991059103251703 0.7451431587206058 0.6807483353191772 0.6068229734882759 0.5244020349976014 0.4346394204605286 0.3387918146208763 0.23820109265252817 0.13427553378530954
0.13427553378530954 0.23820109265252817 0.3387918146208763 0.4346394204605286 0.5244020349976014 0.6068229734882759 0.6807483353191772 0.7451431587206058 0.7991059103251703 0.8418811067166883 0.8728698912665255 0.8916384181807051 0.8979239263803681 0.8916384181807051 0.8728698912665255 0.8418811067166883 0.7991059103251703 0.7451431587206058 0.6807483353191772 0.6068229734882759 0.5244020349976014 0.4346394204605286 0.3387918146208763 0.23820109265252817 0.13427553378530954
0.13427553378530954 0.23820109265252817 0.3387918146208763 0.4346394204605286 0.5244020349976014 0.6068229734882759 0.6807483353191772 0.7451431587206058 0.7991059103251703 0.8418811067166883 0.8728698912665255 0.8916384181807051 0.8979239263803681 0.8916384181807051 0.8728698912665255 0.8418811067166883 0.7991059103251703 0.7451431587206058 0.6807483353191772 0.6068229734882759 0.5244020349976014 0.4346394204605286 0.3387918146208763 0.23820109265252817 0.13427553378530954
0.13427553378530954 0.23820109265252817 0.3387918146208763 0.4346394204605286 0.5244020349976014 0.6068229734882759 0.6807483353191772 0.7451431587206058 0.7991059103251703 0.8418811067166883 0.8728698912665255 0.8916384181807051 0.8979239263803681 0.8916384181807051 0.8728698912665255 0.8418811067166883 0.7991059103251703 0.7451431587206058 0.6807483353191772 0.6068229734882759 0.5244020349976014 0.4346394204605286 0.3387918146208763 0.23820109265252817 0.13427553378530954
0.13427553378530954 0.23820109265252817 0.3387918146208763 0.4346394204605286 0.5244020349976014 0.6068229734882759 0.6807483353191772 0.7451431587206058 0.7991059103251703 0.8418811067166883 0.8728698912665255 0.8916384181807051 0.8979239263803681 0.8916384181807051 0.8728698912665255 0.8418811067166883 0.7991059103251703 0.7451431587206058 0.6807483353191772 0.6068229734882759 0.5244020349976014 0.4346394204605286 0.3387918146208763 0.23820109265252817 0.13427553378530954
