         -0.6025         1.4610  15799794.7926  15797487.0054  15797003.1563  15794548.0341  15793834.5933  15791080.9837  15790002.6143  15786837.0557  15785300.5058  15781654.1431  15779613.8137  15775466.2343  15772924.8548  15768301.1634  15765303.3878  15760264.9018  15756885.5485  15751516.4624  15747846.2776  15742239.3801  15738371.3891  15732615.2707  15728632.3027  15722799.7037  15718764.3452  15712904.5890  15708854.8455  15702993.2102  15698943.7848  15693081.3594
         -0.3615         1.4610  15799752.1400  15797362.0346  15796770.9426  15794197.5686  15793347.8960  15790453.2236  15789222.0234  15785903.4930  15784209.0464  15780409.9038  15778219.8599  15773933.6459  15771265.1996  15766531.2467  15763442.4618  15758334.3861  15754910.5347  15749521.3491  15745860.0735  15740287.8383  15736485.2895  15730820.3120  15726959.3365  15721272.9842  15717412.8189  15711749.6489  15707922.3627  15702301.1057  15698514.9460  15692932.1549
         -0.1205         1.4610  15799746.8098  15797341.4908  15796750.6889  15794178.1368  15793334.4030  15790439.3384  15789208.1663  15785881.5482  15784177.3976  15780360.9411  15778151.1919  15773839.4339  15771143.1880  15766378.4729  15763257.6880  15758118.0952  15754663.5097  15749247.8750  15745563.2853  15739975.6725  15736163.2393  15730499.1465  15726646.3303  15720980.6396  15717149.0457  15711526.6663  15707745.7071  15702178.5684  15698444.8114  15692912.4345
          0.1205         1.4610  15799688.7144  15797169.0307  15796471.3779  15793803.6336  15792882.9534  15789929.8632  15788662.6601  15785320.4293  15783621.6384  15779828.2909  15777657.9247  15773397.6865  15770762.3077  15766063.6690  15763011.0343  15757938.4787  15754546.7566  15749188.1198  15745551.8256  15740003.9438  15736220.3720  15730576.3831  15726733.0975  15721070.0873  15717232.8490  15711601.0103  15707805.1072  15702222.3566  15698470.3358  15692921.3661
          0.3615         1.4610  15799871.2743  15797714.8902  15797373.0107  15795046.5379  15794444.5426  15791781.6433  15790770.5017  15787646.4617  15786125.1105  15782467.1566  15780389.9379  15776181.4239  15773558.3644  15768834.8859  15765723.7056  15760562.0445  15757054.9157  15751557.9639  15747765.3984  15742046.4309  15738081.8205  15732249.1537  15728213.6844  15722355.9465  15718324.0646  15712497.0915  15708506.4516  15702727.2412  15698776.4298  15693024.3382
          0.6025         1.4610  15799865.1510  15797695.7923  15797344.9367  15795013.8049  15794415.4978  15791763.3436  15790772.5184  15787676.5796  15786192.1323  15782577.5550  15780549.7696  15776394.0505  15773825.6892  15769156.2118  15766096.2846  15760980.8662  15757513.0292  15752046.6991  15748274.5174  15742564.5884  15738596.8888  15732748.5594  15728684.9636  15722786.9835  15718704.2075  15712816.7858  15708758.9189  15702907.5301  15698883.5233  15693059.0233
         -0.9640         1.2523  15799792.2988  15797482.9792  15796993.9409  15794537.5355  15793826.5100  15791084.2501  15790023.9778  15786886.5955  15785385.5076  15781783.6098  15779793.8610  15775703.0871  15773221.7640  15768659.9643  15765723.0824  15760741.9062  15757413.8612  15752086.8268  15748448.1172  15742858.7299  15738994.3358  15733225.2063  15729214.4419  15723337.4392  15719244.4680  15713312.9875  15709182.1359  15703229.7989  15699086.1793  15693127.4486
         -0.7230         1.2523  15799757.2528  15797377.7433  15796815.1015  15794283.1077  15793494.5287  15790673.3423  15789532.5075  15786313.2538  15784729.1437  15781043.6441  15778970.5642  15774797.8745  15772237.6956  15767601.9996  15764598.4150  15759560.2172  15756187.4413  15750830.7138  15747179.4013  15741596.8485  15737760.0902  15732040.6521  15728101.6270  15722318.2337  15718339.3375  15712540.6459  15708558.8078  15702769.3906  15698800.9997  15693029.2667
         -0.4820         1.2523  15799809.4304  15797532.9392  15797060.0795  15794605.3629  15793875.4309  15791096.5348  15789978.2626  15786764.9375  15785169.4924  15781458.9726  15779348.9147  15775130.3635  15772518.9166  15767828.5602  15764770.9758  15759679.8124  15756259.1183  15750858.4014  15747170.6519  15741557.4821  15737698.6323  15731963.7164  15728017.4396  15722233.0962  15718259.8113  15712471.8756  15708505.0965  15702733.7108  15698783.1214  15693025.4867
         -0.2410         1.2523  15799701.4734  15797209.9096  15796526.1254  15793869.0012  15792950.7358  15789998.7720  15788726.5059  15785378.1904  15783668.8832  15779864.3348  15777680.7703  15773407.4254  15770759.7631  15766050.0754  15762989.8960  15757911.9211  15754520.1326  15749163.7279  15745535.5160  15739997.0261  15736227.5582  15730596.7129  15726768.3451  15721115.8433  15717287.1251  15711656.2874  15707856.9988  15702262.9156  15698496.6627  15692929.5255
          0.0000         1.2523  15799754.8151  15797366.0884  15796783.9939  15794216.7884  15793375.5121  15790482.2184  15789250.5378  15785922.0873  15784213.1225  15780389.4639  15778169.2386  15773844.2502  15771132.1876  15766349.4399  15763209.4314  15758049.5472  15754575.1188  15749140.0828  15745438.2824  15739835.6201  15736012.1108  15730341.1093  15726486.9226  15720825.4626  15717003.9983  15711397.2141  15707636.6721  15702094.6084  15698390.4152  15692892.9180
          0.2410         1.2523  15799676.5632  15797135.7066  15796411.2508  15793719.3267  15792777.8847  15789810.8646  15788534.7736  15785190.5657  15783494.6873  15779710.2391  15777552.8872  15773310.0985  15770695.0283  15766019.3747  15762991.1694  15757943.8418  15754577.2742  15749242.7740  15745629.0976  15740101.0229  15736334.1529  15730702.2603  15726866.4503  15721204.8119  15717362.8837  15711719.1468  15707904.7538  15702296.4431  15698514.4947  15692934.5514
          0.4820         1.2523  15799799.8737  15797503.6603  15797024.4249  15794571.1192  15793859.0432  15791108.4525  15790033.8812  15786873.2181  15785341.2797  15781698.9073  15779660.7706  15775513.1511  15772968.7316  15768338.5040  15765330.5528  15760277.9818  15756881.1183  15751491.2148  15747798.3275  15742167.4733  15738276.4953  15732499.6930  15728501.0809  15722659.2126  15718623.0108  15712770.7497  15708737.0560  15702898.4853  15698879.6257  15693056.6336
          0.7230         1.2523  15799937.4576  15797913.6890  15797708.1518  15795521.4413  15795066.3491  15792556.3869  15791704.8595  15788744.8414  15787390.0246  15783898.3981  15781983.5353  15777930.5549  15775451.0944  15770856.9382  15767855.0942  15762781.1291  15759334.3286  15753869.6230  15750076.0814  15744323.2669  15740288.2370  15734350.2685  15730172.8465  15724139.5445  15719898.7078  15713832.9453  15709575.8338  15703507.0632  15699249.6243  15693182.0524
          0.9640         1.2523  15799872.1895  15797721.9954  15797384.3504  15795071.9687  15794496.1892  15791879.9823  15790935.1014  15787901.6226  15786492.3290  15782969.0550  15781044.6392  15777004.5725  15774559.7496  15770018.8228  15767088.0381  15762096.8393  15758743.9797  15753376.7426  15749684.0191  15744027.2070  15740083.7165  15734225.2894  15730116.4621  15724134.9835  15719931.4588  15713885.4913  15709634.3958  15703557.8148  15699283.9117  15693193.6343
         -1.0845         1.0436  15799998.7875  15798098.2151  15798007.9030  15795929.3383  15795567.8575  15793138.8410  15792350.5513  15789438.9748  15788115.0762  15784640.1652  15782727.1473  15778664.4838  15776164.6929  15771542.2759  15768506.0295  15763392.9285  15759904.7320  15754396.2421  15750559.4901  15744762.2529  15740684.8773  15734703.0243  15730483.7718  15724405.6588  15720121.5829  15714009.3185  15709709.0686  15703596.5080  15699301.7113  15693197.5993
         -0.8435         1.0436  15799808.4653  15797527.9842  15797067.1508  15794631.2819  15793935.4039  15791197.7434  15790133.4712  15786979.5840  15785451.3982  15781810.2108  15779770.8166  15775620.9835  15773073.1691  15768440.4812  15765429.9143  15760376.8682  15756979.7929  15751592.0878  15747901.1326  15742273.6571  15738384.4810  15732609.1427  15728608.7031  15722762.6211  15718717.4642  15712852.6820  15708802.3241  15702945.4769  15698907.7489  15693066.3981
         -0.6025         1.0436  15799854.6586  15797665.6802  15797288.0848  15794927.8450  15794294.3010  15791605.5275  15790573.7436  15787436.7034  15785909.5440  15782254.2281  15780188.1336  15775999.1939  15773404.6290  15768716.9289  15765649.4793  15760536.1990  15757082.4612  15751639.5350  15747901.4539  15742232.5228  15738312.8527  15732515.4549  15728504.4608  15722656.8302  15718619.5396  15712770.0706  15708740.3811  15702907.5849  15698891.5606  15693065.0237
         -0.3615         1.0436  15799752.1522  15797354.3336  15796784.2892  15794236.0593  15793427.7582  15790569.9699  15789383.7394  15786100.9387  15784443.5234  15780669.2788  15778500.0051  15774221.4793  15771553.0295  15766807.6722  15763698.9781  15758563.6469  15755106.0751  15749681.5855  15745981.8389  15740375.4406  15736539.2449  15730849.7736  15726967.4848  15721271.5276  15717404.9833  15711745.7786  15707921.7497  15702308.7284  15698523.5794  15692939.4891
         -0.1205         1.0436  15799655.7414  15797070.3560  15796298.6865  15793551.0433  15792547.0979  15789509.6975  15788156.7342  15784729.5610  15782945.9264  15779071.4312  15776823.3097  15772493.4666  15769796.3573  15765048.7619  15761959.2645  15756866.2654  15753469.0675  15748122.9079  15744514.9134  15739012.5891  15735289.3167  15729720.1366  15725963.1801  15720395.7908  15716659.9184  15711131.5639  15707438.7333  15701956.2831  15698304.9526  15692861.9813
          0.1205         1.0436  15799758.9538  15797374.4682  15796818.0445  15794281.9830  15793486.4530  15790640.1654  15789465.2165  15786191.6090  15784542.3122  15780773.7914  15778608.7787  15774332.3084  15771664.4330  15766917.6686  15763806.0613  15758666.0220  15755202.0333  15749769.2704  15746059.4823  15740441.6079  15736592.8375  15730890.5733  15726995.8580  15721289.1077  15717413.8064  15711748.4808  15707920.4033  15702305.5446  15698519.9790  15692937.8295
          0.3615         1.0436  15799841.2913  15797623.5891  15797227.0674  15794850.2315  15794207.8006  15791512.8401  15790481.6723  15787347.5740  15785828.0748  15782182.1990  15780128.1783  15775952.7109  15773372.1607  15768699.6273  15765645.8543  15760546.7636  15757103.8825  15751671.4913  15747939.2697  15742275.4547  15738356.3753  15732559.4770  15728545.7597  15722696.2471  15718655.1003  15712802.2613  15708766.5261  15702926.4140  15698900.9074  15693067.2342
          0.6025         1.0436  15799719.2350  15797262.6550  15796625.8319  15794021.6063  15793171.1674  15790296.1137  15789114.7799  15785865.3751  15784265.0937  15780574.6819  15778509.8684  15774355.9543  15771825.2536  15767227.2167  15764268.1205  15759278.9354  15755957.1843  15750651.6784  15747048.9277  15741511.4596  15737713.5412  15732027.5062  15728114.5837  15722352.1192  15718386.9057  15712596.6929  15708614.7792  15702818.2435  15698832.8610  15693040.1564
          0.8435         1.0436  15799751.9605  15797360.4380  15796791.7587  15794256.3228  15793472.7958  15790661.4375  15789540.3133  15786347.2639  15784799.5510  15781157.2932  15779136.0712  15775020.3299  15772521.9272  15767949.4338  15765008.6349  15760029.8637  15756710.1585  15751398.0111  15747779.5314  15742217.5164  15738385.7577  15732657.2666  15728692.6291  15722870.6734  15718837.9110  15712974.8493  15708914.7388  15703037.8321  15698968.5106  15693088.0834
          1.0845         1.0436  15799752.4022  15797357.9968  15796794.8715  15794262.7931  15793486.1172  15790677.7641  15789561.9324  15786370.9127  15784827.2596  15781186.9380  15779169.1534  15775055.6315  15772560.1127  15767989.9691  15765051.1921  15760074.3361  15756755.0799  15751443.6922  15747823.5016  15742260.1565  15738423.8976  15732691.6692  15728720.1741  15722893.2353  15718853.5033  15712986.6220  15708921.6088  15703043.3802  15698971.1024  15693090.0441
         -1.2050         0.8348  15799739.4798  15797325.7974  15796726.1875  15794157.7620  15793334.9800  15790484.9637  15789321.4574  15786088.4006  15784499.4990  15780819.9922  15778762.9396  15774617.0375  15772092.6172  15767500.8862  15764546.9785  15759562.2131  15756243.5685  15750938.9554  15747334.8182  15741791.9331  15737984.9843  15732283.9540  15728351.1156  15722562.0097  15718566.0110  15712740.7934  15708724.0822  15702893.7269  15698878.4472  15693056.0287
         -0.9640         0.8348  15799919.6054  15797858.0073  15797617.8852  15795394.2257  15794899.6030  15792344.7701  15791444.5921  15788431.5700  15787021.5679  15783473.5598  15781503.0843  15777397.5665  15774870.0531  15770235.3305  15767200.5670  15762104.3457  15758644.9393  15753179.9449  15749396.0095  15743664.7970  15739660.2214  15733763.0453  15729633.4166  15723655.7415  15719475.7262  15713476.9169  15709291.7085  15703300.7038  15699125.0689  15693140.9863
         -0.7230         0.8348  15799881.5460  15797744.5710  15797412.2028  15795089.1416  15794486.2075  15791819.9373  15790802.9674  15787671.4980  15786141.3009  15782473.6974  15780387.0573  15776169.6416  15773539.9323  15768811.7647  15765699.7438  15760539.6620  15757038.2594  15751548.7562  15747766.7095  15742058.2211  15738105.3117  15732282.4082  15728256.0921  15722403.6080  15718373.9660  15712543.1848  15708544.4383  15702752.0728  15698787.9673  15693025.5150
         -0.4820         0.8348  15799870.6045  15797713.0466  15797357.2754  15795009.9904  15794379.5938  15791684.7678  15790636.4996  15787473.5308  15785910.6627  15782211.9705  15780095.3889  15775851.9361  15773199.5016  15768454.3935  15765330.2745  15760164.8961  15756663.5986  15751181.2322  15747411.5513  15741722.0405  15737792.6372  15731998.6281  15728004.0512  15722186.2853  15718191.9384  15712396.6147  15708432.0037  15702672.1807  15698739.5016  15693008.5572
         -0.2410         0.8348  15799872.3331  15797715.7500  15797381.0157  15795061.1113  15794469.5856  15791815.2829  15790814.9810  15787699.9304  15786189.0654  15782540.7822  15780475.1571  15776279.3335  15773671.5223  15768966.0365  15765875.4331  15760737.4471  15757255.1547  15751784.8629  15748017.1449  15742322.2091  15738376.2455  15732558.4732  15728528.9304  15722669.9351  15718623.7159  15712771.4596  15708739.7381  15702907.8127  15698890.7806  15693064.8119
          0.0000         0.8348  15799844.7179  15797629.5444  15797249.6081  15794890.9603  15794273.7274  15791599.3586  15790591.8992  15787475.3355  15785974.9371  15782342.0571  15780301.6003  15776134.4885  15773562.2686  15768894.1279  15765844.2718  15760746.6421  15757304.2850  15751871.2487  15748136.6789  15742470.2511  15738545.7763  15732743.7275  15728721.0093  15722862.9147  15718807.8143  15712941.0129  15708884.6397  15703023.5439  15698967.5175  15693095.6149
          0.2410         0.8348  15799647.9194  15797049.9481  15796268.7392  15793522.3048  15792532.9131  15789524.8060  15788216.6288  15784849.1508  15783139.9438  15779352.3759  15777202.6889  15772978.7740  15770393.3654  15765758.0232  15762778.9113  15757788.4413  15754483.3160  15749212.9012  15745662.1885  15740193.7667  15736479.7982  15730892.2112  15727089.3014  15721447.6093  15717610.5351  15711955.0376  15708111.4464  15702457.0194  15698615.2674  15692967.7031
          0.4820         0.8348  15799681.2231  15797145.4419  15796441.8598  15793774.1070  15792864.9912  15789931.1377  15788695.4498  15785393.2697  15783746.2768  15780013.2101  15777913.3496  15773730.9872  15771180.6961  15766571.6569  15763610.8075  15758629.3909  15755323.8645  15750043.7856  15746473.2896  15740976.2331  15737223.2907  15731588.4669  15727728.2694  15722022.1585  15718111.8038  15712378.0755  15708449.6084  15702707.5717  15698772.2816  15693024.7713
          0.7230         0.8348  15799779.6299  15797443.2102  15796919.5211  15794420.6638  15793665.3371  15790875.8668  15789768.2321  15786582.2305  15785033.5917  15781385.3840  15779352.5232  15775222.8675  15772708.2093  15768120.1775  15765164.2162  15760172.7677  15756842.0110  15751521.4351  15747895.8753  15742328.4268  15738491.7773  15732759.1785  15728790.4333  15722964.2387  15718926.0023  15713055.0572  15708983.0919  15703089.3738  15698999.0326  15693096.9495
          0.9640         0.8348  15799711.2704  15797233.0835  15796592.9478  15793986.4514  15793141.6706  15790268.1169  15789094.3558  15785849.5792  15784260.6114  15780580.6116  15778532.5644  15774395.5435  15771886.4125  15767310.0006  15764374.4963  15759408.3587  15756108.4625  15750823.1766  15747236.1092  15741711.6327  15737919.2620  15732235.4744  15728315.5708  15722543.6386  15718560.1831  15712751.9295  15708744.7156  15702924.3722  15698905.0956  15693071.4973
          1.2050         0.8348  15799631.3522  15796999.5083  15796198.4671  15793439.0853  15792447.0999  15789443.6672  15788152.9478  15784813.0148  15783145.6474  15779410.2409  15777324.6832  15773171.7567  15770663.5790  15766106.3449  15763204.1638  15758284.9860  15755042.7600  15749824.1123  15746310.9612  15740864.9858  15737155.0620  15731554.3465  15727718.4179  15722027.7642  15718124.4659  15712392.5320  15708461.3478  15702715.6432  15698775.2545  15693025.0964
         -1.3255         0.6261  15799562.0492  15796790.4982  15795854.8923  15792964.2992  15791844.8507  15788717.3003  15787307.3687  15783853.4975  15782079.0841  15778244.2071  15776068.4083  15771835.6428  15769259.6022  15764648.1768  15761706.8634  15756765.2139  15753517.9455  15748312.9560  15744832.1897  15739437.6308  15735797.4636  15730284.3131  15726552.4914  15720981.2733  15717211.4198  15711625.2787  15707851.3805  15702272.5394  15698507.0887  15692935.6271
         -1.0845         0.6261  15799896.6035  15797789.4387  15797496.8871  15795217.9979  15794665.1649  15792051.9294  15791094.4363  15788027.2478  15786568.7494  15782978.2652  15780974.7415  15776843.8664  15774302.5021  15769661.7585  15766632.9587  15761549.5584  15758113.6642  15752676.9495  15748929.4598  15743236.9860  15739275.9422  15733422.1704  15729337.5070  15723403.3959  15719266.4006  15713309.3877  15709164.5594  15703213.4540  15699075.2117  15693126.3755
         -0.8435         0.6261  15799796.4168  15797488.9561  15796994.6229  15794515.1466  15793766.3390  15790964.4220  15789827.6082  15786592.2069  15784977.9311  15781245.8131  15779116.0174  15774875.9542  15772243.5314  15767531.6226  15764452.4522  15759341.0095  15755900.2501  15750483.0246  15746780.1519  15741157.8132  15737292.9006  15731560.7079  15727623.0322  15721859.2195  15717914.9907  15712169.7974  15708254.5024  15702546.6527  15698665.4498  15692985.9269
         -0.6025         0.6261  15799735.8035  15797306.9197  15796701.1024  15794118.7516  15793278.3081  15790393.7630  15789185.2818  15785887.6322  15784221.6605  15780447.4257  15778285.1395  15774022.0345  15771375.1078  15766657.7706  15763580.7122  15758480.3292  15755057.5649  15749667.3026  15745997.8724  15740417.9676  15736601.5900  15730926.6128  15727051.5810  15721358.3785  15717488.6091  15711823.6077  15707989.3047  15702364.1851  15698561.2149  15692954.4221
         -0.3615         0.6261  15799643.2928  15797031.6138  15796243.8872  15793485.7932  15792479.4901  15789443.2866  15788098.8509  15784684.0205  15782919.4981  15779067.5033  15776846.8002  15772546.0372  15769879.8585  15765162.4069  15762101.5101  15757033.8640  15753657.4685  15748327.1561  15744728.6221  15739229.9013  15735503.0182  15729924.8458  15726152.6322  15720566.6602  15716808.4166  15711257.2751  15707540.1794  15702034.4160  15698356.4399  15692882.1508
         -0.1205         0.6261  15799890.0895  15797769.9034  15797461.9528  15795163.6364  15794587.2642  15791943.8297  15790948.2400  15787833.3446  15786317.2783  15782659.7125  15780580.7070  15776368.3839  15773741.7808  15769015.6985  15765903.9915  15760744.2376  15757241.2057  15751750.5379  15747964.8710  15742253.2413  15738294.2949  15732465.5487  15728429.5397  15722566.8471  15718522.4183  15712675.7052  15708655.9413  15702840.5939  15698846.4149  15693047.9792
          0.1205         0.6261  15799814.5278  15797541.8244  15797092.8847  15794660.0511  15793962.0808  15791208.1763  15790118.1285  15786923.3197  15785343.9793  15781639.3278  15779528.8784  15775301.3618  15772672.8852  15767960.0067  15764871.9260  15759748.9361  15756289.8019  15750853.4885  15747125.9491  15741479.6147  15737586.8531  15731828.4913  15727862.1287  15722071.0383  15718097.0611  15712321.5095  15708372.6011  15702629.3514  15698711.9282  15692999.2171
          0.3615         0.6261  15799716.1133  15797247.0298  15796609.8047  15794001.8119  15793148.6344  15790261.8908  15789066.6702  15785794.2856  15784168.6890  15780446.6719  15778350.1297  15774163.2413  15771603.0103  15766979.4932  15764001.1075  15759000.5587  15755674.3640  15750373.6567  15746781.0496  15741262.5553  15737486.4814  15731830.0416  15727946.7100  15722219.6595  15718286.0474  15712530.2444  15708575.0182  15702805.4587  15698835.5509  15693049.3499
          0.6025         0.6261  15799565.9343  15796799.8880  15795862.7160  15792964.3177  15791834.4727  15788692.8089  15787266.0072  15783791.0692  15781992.0890  15778129.0661  15775922.6044  15771657.8216  15769049.6533  15764407.5576  15761438.0887  15756472.5143  15753206.1294  15747987.7911  15744499.9008  15739105.1332  15735472.2038  15729973.7096  15726264.5519  15720722.6977  15716988.4616  15711441.1383  15707707.6100  15702167.6350  15698440.9906  15692911.1191
          0.8435         0.6261  15799732.0289  15797293.8934  15796690.0156  15794113.1554  15793289.6132  15790428.1399  15789256.0230  15786002.6999  15784394.2001  15780685.3127  15778599.0321  15774417.3030  15771857.6398  15767228.5448  15764239.0926  15759221.5975  15755873.7690  15750547.3722  15746926.4128  15741377.8474  15737571.1130  15731884.2787  15727972.0175  15722218.9086  15718264.2742  15712494.1721  15708533.0157  15702765.7479  15698805.8728  15693037.2155
          1.0845         0.6261  15799605.6957  15796920.3460  15796062.1186  15793240.9619  15792188.1213  15789122.5034  15787771.7332  15784372.1540  15782648.4319  15778859.1696  15776724.4110  15772526.8245  15769979.8619  15765390.4300  15762463.3974  15757527.7653  15754277.5542  15749060.6095  15745558.0102  15740132.4898  15736451.6024  15730889.5649  15727100.5637  15721466.4529  15717628.0618  15711970.1605  15708120.3532  15702463.2557  15698617.2352  15692969.6212
          1.3255         0.6261  15799551.6100  15796758.2255  15795803.8218  15792895.5318  15791767.5300  15788637.7478  15787237.2010  15783801.0987  15782056.0414  15778258.9512  15776130.0511  15771950.1581  15769431.3352  15764878.6954  15761994.5560  15757106.6917  15753905.9485  15748739.6047  15745285.7291  15739907.2536  15736269.1402  15730746.1551  15726990.5057  15721384.7815  15717568.7187  15711928.4280  15708091.7051  15702445.1401  15698607.9592  15692967.6576
         -1.4460         0.4174  15799518.3696  15796661.4678  15795630.5349  15792641.8795  15791420.9694  15788193.3874  15786682.9011  15783131.6385  15781261.9583  15777337.0183  15775076.5768  15770766.9061  15768123.3027  15763454.8250  15760469.6528  15755497.4255  15752236.2288  15747032.5657  15743571.8644  15738213.5355  15734628.8754  15729186.5267  15725543.4080  15720073.8567  15716420.5918  15710960.2691  15707322.8755  15701885.4725  15698269.0149  15692852.4487
         -1.2050         0.4174  15799594.2918  15796884.5946  15796010.1863  15793173.9201  15792102.7466  15789013.8831  15787634.0190  15784199.6778  15782434.9176  15778599.7759  15776413.9501  15772163.3098  15769561.3865  15764919.2920  15761941.9321  15756963.1224  15753676.4681  15748434.3838  15744917.0283  15739490.9905  15735822.1694  15730287.0739  15726537.4207  15720955.5548  15717179.2884  15711592.9709  15707821.8892  15702249.9420  15698492.5635  15692931.0121
         -0.9640         0.4174  15799709.5883  15797228.3577  15796568.4048  15793931.4844  15793040.1945  15790110.7531  15788866.4126  15785542.9757  15783862.8558  15780085.8451  15777932.2248  15773687.9729  15771069.2988  15766387.7089  15763352.5462  15758297.9739  15754923.2917  15749580.8609  15745957.3123  15740418.5187  15736637.2550  15730988.7195  15727131.1583  15721444.5457  15717572.2911  15711895.3301  15708043.5174  15702397.0678  15698575.2821  15692955.7996
         -0.7230         0.4174  15799845.2476  15797631.2622  15797232.6304  15794841.3888  15794171.4714  15791433.8980  15790347.8072  15787146.6565  15785551.8444  15781823.2997  15779682.9907  15775418.9097  15772750.8888  15767993.7382  15764861.4762  15759692.1589  15756190.1332  15750711.9762  15746949.1752  15741271.8738  15737356.9349  15731583.2403  15727611.6144  15721824.4671  15717865.3001  15712115.6702  15708203.2255  15702506.7216  15698640.7919  15692979.0932
         -0.4820         0.4174  15799862.1777  15797683.9874  15797309.3264  15794936.0411  15794274.4351  15791538.8681  15790444.0705  15787226.5432  15785605.0724  15781842.7759  15779661.1156  15775351.0506  15772633.6596  15767825.8101  15764643.9622  15759427.0409  15755882.7663  15750367.2348  15746576.1598  15740878.0136  15736954.3229  15731181.2143  15727223.8540  15721460.4901  15717538.0876  15711832.8380  15707974.9002  15702337.3158  15698536.7387  15692942.5445
         -0.2410         0.4174  15799717.5296  15797250.2810  15796610.3073  15793993.1142  15793121.1754  15790204.8176  15788968.2644  15785643.1100  15783953.5479  15780157.1082  15777976.4259  15773696.8820  15771036.9716  15766308.9753  15763224.2701  15758118.9797  15754693.9960  15749304.6603  15745638.7119  15740065.8720  15736259.3472  15730598.5161  15726740.8650  15721070.0683  15717226.9520  15711594.8046  15707798.8322  15702219.7647  15698469.6226  15692923.0012
          0.0000         0.4174  15799656.0232  15797069.9839  15796306.1568  15793571.8097  15792590.6496  15789580.3194  15788263.5089  15784876.3673  15783140.8970  15779317.0495  15777125.2333  15772851.2769  15770211.6633  15765517.4013  15762478.0148  15757427.0414  15754063.8833  15748740.4962  15745143.5107  15739639.2113  15735900.0594  15730302.3917  15726503.4918  15720884.8823  15717087.5629  15711493.6456  15707728.9356  15702174.4532  15698444.0098  15692914.5325
          0.2410         0.4174  15799805.0207  15797513.2527  15797038.8034  15794579.2635  15793851.3013  15791066.6362  15789944.2908  15786717.2636  15785106.5869  15781371.4382  15779233.7088  15774980.3910  15772331.3241  15767599.7486  15764499.6044  15759366.6938  15755905.4012  15750469.2528  15746750.0479  15741114.5652  15737240.4316  15731503.2161  15727564.8622  15721804.5898  15717867.3433  15712131.7897  15708227.1524  15702530.4632  15698658.8154  15692985.6756
          0.4820         0.4174  15799667.5394  15797102.4047  15796370.8645  15793672.4694  15792734.3175  15789769.0739  15788502.3999  15785166.4266  15783484.4925  15779713.8483  15777574.4598  15773350.7582  15770757.3671  15766105.3592  15763101.3197  15758079.9060  15754736.9633  15749426.2493  15745830.8744  15740319.0212  15736560.2892  15730932.7015  15727092.0615  15721421.2247  15717561.2624  15711894.8135  15708048.8775  15702404.3388  15698579.6624  15692956.8150
          0.7230         0.4174  15799786.4408  15797458.2417  15796957.2372  15794480.8035  15793752.1141  15790981.4732  15789891.4817  15786712.3736  15785166.0000  15781507.9427  15779458.1027  15775299.6608  15772748.3560  15768114.5604  15765106.8659  15760059.8801  15756671.9118  15751297.2771  15747621.3635  15742013.5284  15738144.7440  15732394.5921  15728418.8679  15722602.4251  15718585.3145  15712753.0668  15708731.0791  15702903.8348  15698886.9090  15693063.2166
          0.9640         0.4174  15799710.7072  15797231.4893  15796581.5945  15793960.4052  15793096.6335  15790202.2969  15789004.2541  15785733.7594  15784115.0625  15780403.8563  15778320.6306  15774147.5351  15771599.2159  15766984.3419  15764009.5974  15759007.4160  15755673.9673  15750361.3506  15746752.8616  15741215.7562  15737419.3896  15731741.8021  15727838.2630  15722093.2933  15718147.6828  15712387.6793  15708439.9882  15702689.9266  15698753.8204  15693016.6682
          1.2050         0.4174  15799806.6820  15797514.8966  15797061.4853  15794631.2581  15793953.7033  15791231.7083  15790196.7609  15787072.7619  15785589.5973  15781996.3653  15780018.8578  15775933.0502  15773458.0692  15768896.7715  15765959.1030  15760972.7413  15757635.9098  15752297.3045  15748641.5127  15743034.3080  15739145.6409  15733354.4882  15729316.4707  15723419.4339  15719304.0343  15713361.6062  15709217.6463  15703262.7375  15699108.8373  15693141.4201
          1.4460         0.4174  15799845.8730  15797634.0235  15797260.1652  15794911.4055  15794315.1041  15791673.5985  15790715.1624  15787663.9253  15786246.1638  15782712.1280  15780783.6212  15776738.8182  15774292.6344  15769750.8977  15766819.5716  15761829.9328  15758476.9418  15753113.3896  15749421.6155  15743771.3240  15739831.5370  15733984.1256  15729884.3601  15723921.2758  15719735.9388  15713719.2121  15709498.0781  15703462.0782  15699226.4423  15693177.9328
         -1.5665         0.2087  15799722.0311  15797271.3147  15796644.8687  15794051.2549  15793208.7313  15790337.7945  15789157.8123  15785906.7852  15784304.7551  15780611.2754  15778545.8475  15774391.3938  15771864.5225  15767271.3114  15764322.3262  15759344.6202  15756039.2520  15750751.1330  15747168.7552  15741651.1418  15737872.1836  15732201.8716  15728298.7269  15722540.0129  15718568.8882  15712766.6909  15708762.4798  15702939.0460  15698914.7629  15693073.5187
         -1.3255         0.2087  15799710.9338  15797234.3496  15796587.4165  15793971.8916  15793110.9114  15790218.0277  15789017.9060  15785743.2733  15784118.9357  15780400.6135  15778311.4753  15774132.4423  15771582.4915  15766967.4663  15763999.0906  15759005.6510  15755687.9654  15750393.1236  15746807.9970  15741294.4972  15737523.9812  15731869.6353  15727987.0877  15722257.0281  15718319.2494  15712558.1475  15708598.6343  15702825.3552  15698850.1867  15693055.0888
         -1.0845         0.2087  15799867.5234  15797699.4636  15797350.8321  15795013.2786  15794402.3975  15791727.8630  15790709.8640  15787580.1134  15786060.5032  15782408.4815  15780345.9205  15776157.8668  15773563.6004  15768874.8981  15765805.0136  15760689.1421  15757230.7703  15751783.7876  15748038.7018  15742363.0793  15738432.7890  15732624.3815  15728598.0547  15722734.9094  15718679.2171  15712812.7775  15708765.9469  15702919.4538  15698892.4212  15693062.6732
         -0.8435         0.2087  15799708.0664  15797227.3010  15796559.6531  15793917.2523  15793018.1583  15790084.9051  15788835.8630  15785511.0968  15783829.2958  15780052.9064  15777900.0304  15773657.6928  15771041.3860  15766362.3455  15763330.4393  15758278.5184  15754907.4132  15749567.6377  15745947.9997  15740412.4331  15736635.8026  15730991.3181  15727138.8673  15721456.3513  15717588.2147  15711913.5042  15708062.7516  15702414.3486  15698588.1331  15692960.5000
         -0.6025         0.2087  15799793.1590  15797481.3524  15796967.5430  15794466.6212  15793691.5259  15790865.6481  15789702.3997  15786443.2721  15784803.9235  15781048.8113  15778895.2120  15774632.7334  15771977.9269  15767244.6132  15764145.3708  15759015.4702  15755559.4946  15750129.8884  15746419.8251  15740794.5789  15736933.6333  15731210.9279  15727290.6131  15721550.3520  15717637.6017  15711929.6939  15708058.6538  15702400.1951  15698574.5811  15692954.3507
         -0.3615         0.2087  15799862.6270  15797681.3962  15797312.7361  15794946.1807  15794295.6077  15791569.9500  15790486.9733  15787279.9674  15785668.7634  15781915.6655  15779740.8087  15775436.7099  15772720.9274  15767914.2380  15764727.8699  15759506.5145  15755951.7083  15750426.5710  15746620.1354  15740908.3532  15736966.6680  15731178.4881  15727204.1939  15721428.2531  15717494.4410  15711783.6633  15707924.3196  15702292.2919  15698504.0135  15692929.6620
         -0.1205         0.2087  15799821.3442  15797561.0270  15797111.2940  15794669.3503  15793950.5076  15791166.0111  15790034.3365  15786788.9716  15785151.3109  15781381.5491  15779202.4586  15774902.4184  15772202.5207  15767417.3842  15764262.6650  15759075.5640  15755562.4652  15750078.4585  15746317.8274  15740648.7975  15736751.6223  15731002.9294  15727067.1980  15721323.8340  15717419.8214  15711733.2503  15707894.5313  15702278.4581  15698500.8304  15692930.9177
          0.1205         0.2087  15799845.3864  15797630.4513  15797229.7022  15794832.8389  15794158.8457  15791413.4110  15790317.4416  15787099.5898  15785483.1149  15781725.4062  15779550.7086  15775246.4719  15772534.7387  15767731.1643  15764551.7307  15759336.0170  15755790.0190  15750272.0759  15746475.0607  15740771.1114  15736838.6119  15731058.6076  15727093.6034  15721327.5363  15717404.9883  15711707.4104  15707862.2454  15702246.8124  15698475.5242  15692920.7364
          0.3615         0.2087  15799844.2787  15797635.2534  15797218.1427  15794807.4389  15794114.3165  15791362.5854  15790261.8118  15787054.0967  15785451.8263  15781721.8680  15779579.5249  15775317.9179  15772652.6566  15767901.3515  15764776.0443  15759615.1580  15756123.0885  15750654.3671  15746902.3865  15741233.4203  15737328.0015  15731559.9810  15727595.2359  15721810.4176  15717854.8011  15712103.1591  15708189.3286  15702486.3970  15698619.7826  15692965.0742
          0.6025         0.2087  15799879.4135  15797739.8226  15797409.2550  15795095.1095  15794510.9473  15791872.9091  15790893.9376  15787809.5345  15786334.0189  15782727.8935  15780706.4929  15776557.3200  15773994.5724  15769331.7007  15766278.7807  15761171.9902  15757713.5604  15752257.9375  15748496.3744  15742796.7008  15738837.0513  15732993.9808  15728930.8076  15723027.8545  15718932.2345  15713023.5433  15708933.4910  15703039.7950  15698964.2919  15693085.1960
          0.8435         0.2087  15799995.7209  15798080.5489  15797982.1416  15795884.5196  15795503.9868  15793042.6337  15792219.3928  15789259.3475  15787882.9709  15784343.7188  15782362.5600  15778223.4198  15775645.3900  15770941.7711  15767826.6535  15762639.0391  15759084.1796  15753521.3403  15749643.3769  15743823.9479  15739741.0046  15733777.1733  15729594.2763  15723578.5341  15719374.6993  15713367.8897  15709186.5928  15703213.1563  15699064.2921  15693119.5065
          1.0845         0.2087  15799794.6402  15797484.6612  15796991.5122  15794520.1101  15793792.3730  15791022.3341  15789930.9158  15786751.3005  15785204.0799  15781546.5822  15779497.6816  15775341.2025  15772792.0337  15768160.0480  15765153.6456  15760106.3143  15756716.8706  15751338.3614  15747657.4261  15742042.1042  15738165.0464  15732404.6285  15728418.8312  15722591.5920  15718565.6236  15712726.0885  15708701.1828  15702874.6942  15698864.0200  15693052.5362
          1.3255         0.2087  15799594.7674  15796887.6542  15796008.4108  15793168.3826  15792101.4220  15789025.5779  15787669.9312  15784268.8837  15782548.0859  15778763.7855  15776636.8505  15772447.5704  15769910.1317  15765329.1891  15762410.2075  15757480.6477  15754235.0754  15749020.7156  15745519.2614  15740093.8225  15736412.3434  15730850.0661  15727061.0719  15721428.6161  15717592.5803  15711939.4179  15708095.1256  15702446.0389  15698607.7453  15692967.6943
          1.5665         0.2087  15799689.3492  15797171.8318  15796484.3548  15793833.0251  15792944.0964  15790034.7261  15788828.5980  15785561.0840  15783953.0588  15780262.9820  15778207.6383  15774070.5885  15771562.6665  15766992.5200  15764063.1189  15759106.0804  15755814.5717  15750539.6255  15746962.8713  15741450.4828  15737671.5304  15732002.8398  15728100.2099  15722346.5584  15718384.0511  15712597.1659  15708615.1016  15702821.6366  15698836.7264  15693044.3832
         -1.4460         0.0000  15799728.0707  15797285.4170  15796671.6944  15794085.4691  15793245.8833  15790365.0473  15789164.1920  15785876.6212  15784224.4763  15780466.4617  15778323.8229  15774082.1793  15771459.4819  15766767.6630  15763717.8862  15758645.1692  15755250.5061  15749887.3520  15746243.4993  15740685.8952  15736887.0961  15731223.0923  15727350.3934  15721649.5812  15717761.1663  15712066.7713  15708192.1679  15702517.2936  15698655.9471  15692986.1134
         -1.2050         0.0000  15799647.8089  15797046.7328  15796270.2153  15793526.1428  15792537.8881  15789525.1345  15788210.3255  15784831.4759  15783109.6555  15779305.8406  15777138.8090  15772894.9217  15770288.6506  15765631.1124  15762629.9197  15757618.2563  15754293.6284  15749007.3163  15745444.1334  15739968.8807  15736252.0411  15730667.8228  15726871.6828  15721243.0005  15717422.3290  15711790.6251  15707975.3789  15702357.3643  15698554.7836  15692949.2207
         -0.9640         0.0000  15799775.1421  15797425.1665  15796890.8419  15794376.1001  15793600.4947  15790780.3019  15789636.5159  15786403.8286  15784804.0634  15781094.8288  15778997.9697  15774796.2664  15772209.5451  15767545.2451  15764517.8692  15759456.9003  15756067.5984  15750697.4823  15747039.1851  15741454.2702  15737620.4341  15731909.3496  15727982.3286  15722216.8128  15718256.8964  15712482.5722  15708522.7408  15702758.3501  15698805.0310  15693038.5675
         -0.7230         0.0000  15799856.3409  15797666.4157  15797292.1324  15794930.1767  15794295.2325  15791598.6588  15790557.1265  15787403.4939  15785855.4212  15782172.3050  15780072.0045  15775842.8984  15773201.1226  15768462.7865  15765339.2211  15760170.7219  15756660.2149  15751166.6750  15747381.5057  15741676.8617  15737730.4887  15731922.1588  15727914.1838  15722088.2064  15718089.6148  15712297.6649  15708342.6042  15702601.0579  15698693.0756  15692993.0706
         -0.4820         0.0000  15799931.1257  15797889.7158  15797659.0619  15795433.4514  15794925.9596  15792347.4691  15791413.2444  15788355.9709  15786892.6579  15783282.9577  15781244.7087  15777066.3893  15774464.3334  15769754.2528  15766647.6083  15761483.5732  15757965.0776  15752449.8585  15748629.4747  15742875.1229  15738865.2260  15732979.6388  15728881.8338  15722954.2896  15718843.6830  15712930.6468  15708846.5164  15702969.4643  15698919.6273  15693070.9937
         -0.2410         0.0000  15799817.1097  15797549.8583  15797090.0759  15794641.8705  15793920.8278  15791142.2420  15790023.7073  15786801.1085  15785194.3462  15781464.7498  15779332.8140  15775086.9190  15772445.0092  15767720.9353  15764626.4712  15759497.5882  15756036.4998  15750597.1293  15746870.0159  15741222.8739  15737333.2869  15731578.0312  15727620.2299  15721840.0606  15717884.3457  15712132.2600  15708215.8928  15702512.1812  15698641.5250  15692976.7663
          0.0000         0.0000  15799746.5420  15797334.7443  15796747.8696  15794175.9141  15793342.9877  15790457.2482  15789243.3717  15785932.7575  15784249.7683  15780454.0482  15778267.7754  15773979.9042  15771307.4120  15766566.4304  15763465.5229  15758344.1989  15754899.7546  15749490.3800  15745800.6601  15740203.0093  15736369.0298  15730680.9838  15726796.6552  15721101.9916  15717238.9006  15711591.1806  15707785.2312  15702200.9319  15698452.4527  15692914.4412
          0.2410         0.0000  15799905.6486  15797809.1044  15797536.4524  15795269.4723  15794726.2805  15792106.8281  15791133.9139  15788031.5770  15786525.1469  15782867.6944  15780785.1353  15776561.1076  15773918.5330  15769169.8904  15766031.2015  15760840.0858  15757301.7352  15751774.2071  15747949.2652  15742200.5234  15738204.8260  15732346.1225  15728284.7643  15722408.5814  15718359.1776  15712522.5392  15708521.9465  15702739.4141  15698783.7971  15693030.0391
          0.4820         0.0000  15799806.4732  15797518.3435  15797055.6812  15794617.0611  15793923.8197  15791184.9806  15790121.6450  15786962.8246  15785429.6560  15781776.5112  15779723.6326  15775553.1362  15772982.1556  15768320.2190  15765278.5615  15760191.2407  15756760.2047  15751339.6120  15747619.2265  15741968.1348  15738061.9117  15732279.8287  15728281.9443  15722452.2642  15718434.0314  15712610.8726  15708609.4364  15702810.5493  15698828.8265  15693042.9818
          0.7230         0.0000  15800021.2913  15798159.8436  15798104.0253  15796047.1120  15795702.3506  15793276.5581  15792483.4029  15789551.3155  15788196.4049  15784674.7754  15782704.3311  15778571.0098  15775992.4302  15771283.1871  15768157.2667  15762954.4237  15759380.8129  15753795.8536  15749894.2325  15744049.2856  15739941.3839  15733952.2746  15729746.1405  15723707.5857  15719483.3330  15713455.9767  15709255.4945  15703261.2252  15699092.2081  15693127.1057
          0.9640         0.0000  15799929.9249  15797885.1042  15797653.9810  15795427.6668  15794924.7088  15792350.1606  15791424.1666  15788373.4576  15786919.7630  15783316.9833  15781287.2556  15777113.6838  15774516.3011  15769806.6743  15766699.5607  15761531.8630  15758009.0356  15752488.4265  15748662.6525  15742904.0380  15738889.6360  15733001.4420  15728899.4922  15722970.3068  15718856.0021  15712943.0984  15708856.7273  15702980.7210  15698926.9263  15693075.4886
          1.2050         0.0000  15799797.8164  15797484.4910  15797014.2185  15794561.3878  15793856.2364  15791093.2622  15790005.1080  15786810.3623  15785240.4581  15781542.7140  15779445.3395  15775226.6526  15772608.8464  15767900.7634  15764815.8954  15759690.4838  15756226.2577  15750781.8001  15747044.3207  15741388.8317  15737486.2489  15731722.3802  15727750.9155  15721962.8542  15717993.9713  15712235.2203  15708304.8285  15702590.4421  15698695.3876  15693001.6267
          1.4460         0.0000  15799732.5667  15797295.6634  15796688.6630  15794105.5286  15793273.4688  15790398.8539  15789208.4979  15785929.9710  15784289.4242  15780540.9123  15778408.1669  15774173.6832  15771556.0742  15766865.4575  15763812.4169  15758732.0684  15755324.0757  15749944.0925  15746278.3371  15740698.0208  15736874.3166  15731188.7197  15727296.1512  15721582.8910  15717686.6218  15711993.2679  15708123.8142  15702461.6315  15698616.2399  15692971.3706
         -1.5665        -0.2087  15799677.7992  15797136.7464  15796408.7123  15793702.2605  15792733.2550  15789724.6598  15788393.4025  15784981.9312  15783208.1777  15779338.5743  15777090.9455  15772757.4398  15770053.7102  15765296.2574  15762194.9999  15757087.7362  15753675.1422  15748311.7870  15744686.0869  15739164.4898  15735421.1377  15729830.0819  15726050.4029  15720459.4778  15716701.2766  15711153.4072  15707446.4500  15701956.2989  15698303.5594  15692862.2379
         -1.3255        -0.2087  15799727.2238  15797279.0400  15796660.9509  15794065.1731  15793214.3466  15790317.6834  15789100.2759  15785792.9948  15784120.8827  15780340.9144  15778176.2297  15773912.0391  15771267.3016  15766554.3758  15763484.5993  15758394.1873  15754983.5770  15749608.0515  15745954.2363  15740391.3238  15736590.7158  15730930.7060  15727066.6718  15721381.2770  15717513.9764  15711848.1233  15708008.7822  15702377.8778  15698568.1077  15692956.6469
         -1.0845        -0.2087  15799874.5854  15797720.3688  15797380.9070  15795049.5926  15794439.8941  15791761.4884  15790731.9860  15787583.5705  15786036.1402  15782348.6809  15780242.0572  15776004.0618  15773354.0255  15768607.2470  15765477.8231  15760304.8356  15756793.1263  15751300.2962  15747518.4151  15741818.2903  15737876.8615  15732072.6058  15728065.6898  15722237.3779  15718230.6902  15712426.2768  15708452.6798  15702688.8389  15698751.6368  15693015.8097
         -0.8435        -0.2087  15799776.9019  15797430.1689  15796910.4580  15794414.7658  15793662.5628  15790866.0262  15789745.4705  15786533.7630  15784950.7110  15781254.8179  15779164.2862  15774965.5083  15772373.1789  15767700.6673  15764656.2560  15759576.8905  15756161.3239  15750765.5656  15747076.3419  15741463.4945  15737600.2914  15731865.5457  15727917.5203  15722138.4902  15718170.8886  15712396.1504  15708442.6450  15702689.7575  15698755.5513  15693017.2636
         -0.6025        -0.2087  15799904.6819  15797815.2338  15797525.9070  15795243.0377  15794675.4886  15792041.9357  15791052.3732  15787945.6665  15786434.6325  15782783.7063  15780708.0619  15776499.2056  15773872.2588  15769144.3895  15766027.0781  15760859.4137  15757345.3374  15751841.0468  15748040.1530  15742311.2340  15738335.3237  15732488.2408  15728436.2469  15722556.8092  15718499.8745  15712640.8707  15708615.3382  15702796.2869  15698810.1019  15693029.7487
         -0.3615        -0.2087  15799746.1607  15797337.2978  15796757.9617  15794205.4354  15793402.0906  15790558.8854  15789398.7824  15786153.5109  15784545.2584  15780831.3261  15778731.7348  15774531.1565  15771944.9450  15767284.3973  15764257.5898  15759199.1733  15755807.2044  15750435.6088  15746770.6406  15741180.8952  15737339.8191  15731626.0551  15727698.9583  15721941.5194  15717997.4646  15712248.9573  15708324.7038  15702604.3542  15698704.7752  15693001.4597
         -0.1205        -0.2087  15799818.6684  15797553.8958  15797099.5673  15794653.2151  15793929.9823  15791143.7068  15790010.8067  15786768.0189  15785133.5820  15781372.1868  15779202.5021  15774917.8894  15772234.1757  15767470.6416  15764336.6999  15759173.5634  15755681.0808  15750217.7157  15746472.0515  15740815.3421  15736923.7413  15731176.6510  15727236.1498  15721483.5786  15717564.9257  15711858.4724  15707994.9028  15702348.6709  15698539.9587  15692941.0956
          0.1205        -0.2087  15799899.1293  15797791.9925  15797499.3389  15795209.4816  15794638.4030  15791991.2450  15790987.7870  15787857.0063  15786321.4875  15782638.7140  15780532.2273  15776289.2943  15773630.8352  15768871.9610  15765726.9580  15760534.9143  15756999.8978  15751480.3603  15747667.5976  15741934.7171  15737958.6106  15732121.8788  15728085.1963  15722234.3379  15718211.7063  15712401.0592  15708427.1442  15702669.5858  15698739.6780  15693012.8106
          0.3615        -0.2087  15799848.3079  15797639.8556  15797246.3530  15794859.0498  15794198.1465  15791471.7589  15790400.6495  15787215.4217  15785637.7432  15781926.1560  15779801.9688  15775553.1198  15772897.9058  15768152.0560  15765027.3577  15759863.3973  15756362.1360  15750882.0214  15747112.7190  15741426.5141  15737499.0013  15731711.4065  15727724.0834  15721921.4556  15717946.7182  15712182.0957  15708254.0321  15702540.9366  15698657.8684  15692982.3599
          0.6025        -0.2087  15799827.6503  15797583.2308  15797149.2183  15794730.5926  15794046.2408  15791311.3040  15790243.5826  15787077.2420  15785530.7673  15781862.9270  15779792.2073  15775604.1034  15773015.1301  15768336.7197  15765280.2830  15760180.2860  15756739.5295  15751311.1855  15747586.3534  15741932.3364  15738026.3326  15732245.0752  15728250.2683  15722423.0189  15718408.3512  15712587.2690  15708588.8515  15702792.0858  15698814.7583  15693035.8950
          0.8435        -0.2087  15799910.0087  15797822.3955  15797557.7891  15795298.3480  15794764.6054  15792157.7264  15791200.9365  15788118.8446  15786635.3006  15783003.4119  15780946.1488  15776747.2995  15774126.5558  15769397.5700  15766273.5614  15761094.4686  15757563.5635  15752041.7792  15748219.0870  15742471.3180  15738472.9583  15732608.7515  15728536.1986  15722643.2919  15718569.9367  15712702.9094  15708665.7054  15702841.8377  15698842.2398  15693046.8069
          1.0845        -0.2087  15799545.3367  15796737.2108  15795750.4868  15792794.5747  15791603.0478  15788393.2028  15786893.7450  15783339.8537  15781457.7998  15777506.8369  15775209.9912  15770852.8137  15768152.7455  15763421.0801  15760366.8989  15755324.6126  15751991.9364  15746722.4534  15743199.9763  15737792.8276  15734169.1262  15728707.1128  15725058.3954  15719606.6002  15715986.1121  15710581.3007  15707010.6317  15701657.0582  15698127.8438  15692806.9789
          1.3255        -0.2087  15799543.9458  15796726.9772  15795754.9264  15792814.9723  15791643.6782  15788443.7620  15786951.1312  15783390.8266  15781496.6443  15777521.3302  15775194.4170  15770798.3631  15768055.4941  15763276.9860  15760174.7378  15755085.6924  15751708.3824  15746400.7704  15742845.8187  15737417.2648  15733780.8308  15728320.6115  15724684.2995  15719260.6094  15715678.1952  15710324.9982  15706811.2929  15701521.5473  15698052.6385  15692787.0653
          1.5665        -0.2087  15799504.0811  15796613.8048  15795564.1337  15792556.6759  15791326.1996  15788083.7683  15786562.2230  15782991.5181  15781102.8012  15777149.8535  15774860.3107  15770514.0243  15767832.4614  15763121.2538  15760092.7665  15755076.5541  15751772.9134  15746531.6762  15743038.5540  15737659.5535  15734063.7514  15728628.6046  15725005.2020  15719577.5948  15715978.0589  15710592.4342  15707034.8695  15701689.9414  15698157.8779  15692822.5883
         -1.4460        -0.4174  15799727.5115  15797284.8172  15796651.0444  15794036.2819  15793153.8258  15790224.5854  15788965.0965  15785615.0887  15783894.2402  15780065.3124  15777849.8758  15773535.4664  15770842.8361  15766083.4281  15762973.5245  15757845.6476  15754407.4926  15749008.6913  15745344.6002  15739777.5887  15735987.7882  15730345.9821  15726515.3803  15720871.0109  15717058.9421  15711455.5482  15707691.1580  15702141.2791  15698422.5756  15692906.2018
         -1.2050        -0.4174  15799722.9629  15797270.6076  15796632.4556  15794014.1186  15793130.8371  15790201.7378  15788943.4116  15785595.2100  15783874.9086  15780046.8584  15777829.0531  15773512.6811  15770813.6254  15766048.8657  15762928.8956  15757793.0516  15754343.0117  15748935.5922  15745260.3606  15739686.6214  15735889.4279  15730245.2575  15726413.1832  15720772.2341  15716965.3451  15711370.7784  15707617.2636  15702081.0998  15698380.4881  15692889.0675
         -0.9640        -0.4174  15799838.8954  15797615.0086  15797201.0478  15794795.9296  15794112.0256  15791362.9810  15790263.9580  15787050.0627  15785439.0036  15781692.3371  15779529.5461  15775240.4330  15772543.7787  15767756.5486  15764593.0326  15759393.4864  15755863.6583  15750361.9524  15746582.1307  15740895.2707  15736980.5591  15731216.0721  15727264.1702  15721504.4050  15717581.3659  15711872.5476  15708006.9824  15702359.6624  15698548.5323  15692945.5488
         -0.7230        -0.4174  15800004.8654  15798110.7299  15798024.5929  15795936.9072  15795553.4634  15793081.7015  15792233.0027  15789238.5912  15787814.6551  15784220.8001  15782176.7697  15777971.8259  15775326.2208  15770557.1831  15767381.1939  15762139.1422  15758539.2866  15752941.1342  15749040.9412  15743211.6919  15739134.9219  15733191.4806  15729045.5262  15723080.0463  15718940.0629  15713006.5582  15708906.9365  15703018.6384  15698954.7492  15693086.5105
         -0.4820        -0.4174  15799824.6815  15797574.2522  15797136.3436  15794713.0794  15794018.9429  15791268.2352  15790176.6507  15786979.0930  15785393.5529  15781680.8635  15779560.2605  15775319.9430  15772677.5920  15767947.4418  15764842.0454  15759698.1165  15756219.3915  15750760.7232  15747014.3485  15741348.9450  15737443.1650  15731674.6266  15727706.2552  15721918.8580  15717957.5393  15712201.5678  15708279.2168  15702566.8319  15698679.9556  15692992.2314
         -0.2410        -0.4174  15799851.8688  15797653.0900  15797268.7833  15794894.2836  15794243.2270  15791526.6435  15790461.1568  15787280.3872  15785703.5376  15781991.6070  15779864.7140  15775612.4716  15772952.7897  15768202.0549  15765072.1559  15759902.3595  15756395.3362  15750908.6664  15747133.2824  15741440.4984  15737507.9160  15731715.4079  15727725.2856  15721919.8728  15717944.1772  15712178.2456  15708250.8467  15702538.4205  15698657.9653  15692982.9813
          0.0000        -0.4174  15799819.1322  15797555.9034  15797100.8918  15794655.9149  15793937.7530  15791159.2694  15790038.8506  15786810.3373  15785195.4222  15781453.6304  15779308.2564  15775045.8365  15772387.8772  15767645.7757  15764535.3839  15759389.7600  15755915.3693  15750462.9936  15746727.3819  15741073.3256  15737182.1848  15731428.4514  15727478.2084  15721710.1253  15717772.3092  15712042.2432  15708150.1214  15702470.3298  15698619.5614  15692970.7305
          0.2410        -0.4174  15799859.7628  15797674.7823  15797305.5164  15794943.7324  15794306.8362  15791601.8426  15790548.6089  15787377.1377  15785809.1578  15782102.3945  15779978.9400  15775725.7478  15773062.4236  15768303.9250  15765163.6358  15759980.8058  15756459.0740  15750957.3121  15747166.4801  15741459.8413  15737513.8469  15731710.9427  15727711.2931  15721900.7049  15717921.4687  15712157.3891  15708233.3267  15702528.4372  15698653.8046  15692983.7996
          0.4820        -0.4174  15799890.3878  15797767.3169  15797457.5541  15795155.0728  15794576.3111  15791929.8778  15790934.8453  15787821.6216  15786311.0091  15782660.1173  15780590.1297  15776386.8269  15773769.1293  15769050.1996  15765943.2141  15760785.4978  15757280.8796  15751786.2186  15747993.0364  15742272.6904  15738302.2414  15732462.2982  15728413.7893  15722541.0289  15718487.6806  15712637.1338  15708616.5972  15702806.3296  15698821.1636  15693038.5349
          0.7230        -0.4174  15799787.3559  15797459.3059  15796947.9650  15794452.3442  15793697.9438  15790894.8776  15789767.7940  15786546.2995  15784954.6457  15781247.3891  15779147.5216  15774936.9291  15772335.2171  15767651.1452  15764597.7517  15759508.0333  15756085.0222  15750681.7824  15746988.0325  15741372.2444  15737508.5065  15731775.9220  15727831.3355  15722059.6370  15718099.8108  15712338.3080  15708397.4394  15702662.3985  15698741.5371  15693016.2790
          0.9640        -0.4174  15799779.8302  15797430.6409  15796915.7147  15794412.6384  15793648.7659  15790821.5729  15789661.7999  15786391.2983  15784740.9946  15780961.9658  15778782.9398  15774486.2711  15771795.7018  15767023.6521  15763885.2862  15758719.3893  15755229.2099  15749774.5318  15746043.8262  15740411.9293  15736550.6274  15730843.6220  15726944.7971  15721241.0054  15717367.9928  15711711.3634  15707890.3579  15702287.4328  15698509.4074  15692936.2933
          1.2050        -0.4174  15799513.9233  15796642.7184  15795602.9862  15792599.7553  15791365.8445  15788115.4479  15786579.2860  15782990.4323  15781078.0216  15777099.4132  15774780.6868  15770405.4154  15767693.8283  15762955.2364  15759900.9851  15754863.5490  15751542.3493  15746289.2292  15742789.2638  15737409.2542  15733817.9673  15728392.3884  15724783.8899  15719374.7094  15715798.1502  15710437.2262  15706908.5303  15701593.6728  15698096.9142  15692799.8584
          1.4460        -0.4174  15799691.3856  15797170.9733  15796476.1813  15793797.6339  15792860.2314  15789869.7897  15788551.9235  15785135.1995  15783346.2682  15779442.3589  15777149.8386  15772756.2607  15769984.4277  15765150.5384  15761969.9102  15756783.4300  15753295.1212  15747865.2700  15744183.4463  15738623.4001  15734857.9088  15729268.3562  15725508.8323  15719962.4235  15716263.8343  15710793.3926  15707168.1003  15701765.2329  15698191.7500  15692827.5403
         -1.3255        -0.6261  15799709.3043  15797225.5579  15796558.8478  15793906.2760  15792984.7603  15790008.8190  15788698.7554  15785291.1413  15783507.7509  15779611.6499  15777324.4272  15772937.4848  15770169.8274  15765339.6801  15762159.9744  15756972.2088  15753479.4770  15748041.2985  15744347.9907  15738771.3650  15734986.5898  15729371.9684  15725586.2061  15720008.8915  15716282.0802  15710783.3920  15707140.6772  15701728.4018  15698163.3042  15692815.4300
         -1.0845        -0.6261  15799611.0807  15796936.5846  15796081.5162  15793257.4666  15792185.8838  15789087.8137  15787684.6278  15784215.3525  15782401.3190  15778504.3658  15776245.2152  15771910.7020  15769218.6482  15764480.4139  15761407.8931  15756334.0049  15752961.3378  15747640.5312  15744061.9699  15738589.5326  15734899.1789  15729363.5137  15725642.2814  15720111.9619  15716415.4752  15710929.6995  15707282.3970  15701849.3416  15698246.3362  15692846.5505
         -0.8435        -0.6261  15799723.4724  15797272.4137  15796635.2458  15794017.3544  15793134.7565  15790205.5889  15788946.6761  15785596.0600  15783872.3094  15780038.5516  15777814.1302  15773489.0420  15770780.8827  15766005.3753  15762874.8025  15757727.2370  15754266.0840  15748847.1494  15745161.9162  15739579.0697  15735776.0120  15730129.0724  15726299.4232  15720665.5685  15716871.1717  15711292.9547  15707558.5956  15702041.8760  15698358.8021  15692882.1519
         -0.6025        -0.6261  15799689.3718  15797169.5636  15796472.2166  15793801.3530  15792876.7744  15789913.4144  15788631.6740  15785266.5615  15783539.3211  15779709.8195  15777498.9992  15773193.6408  15770511.8309  15765766.2449  15762668.7574  15757554.9824  15754127.2988  15748740.0224  15745083.2887  15739525.4858  15735742.6669  15730112.1067  15726293.9085  15720668.6938  15716878.8716  15711303.9272  15707569.6828  15702052.7128  15698366.6428  15692886.1574
         -0.3615        -0.6261  15799902.6248  15797802.2810  15797514.3400  15795226.0795  15794650.1802  15791991.9254  15790968.1348  15787808.3805  15786233.7525  15782503.2581  15780340.6339  15776035.4561  15773310.4178  15768483.1961  15765270.9993  15760015.2339  15756423.3018  15750855.4597  15747006.4056  15741250.1116  15737266.5937  15731438.2878  15727428.3662  15721621.0682  15717660.1405  15711926.0749  15708043.6038  15702387.5014  15698567.9045  15692954.7629
         -0.1205        -0.6261  15799805.6596  15797517.3055  15797038.8543  15794575.0833  15793839.8066  15791048.6265  15789916.9962  15786681.2879  15785059.6786  15781314.1520  15779164.0845  15774898.5306  15772235.2401  15767488.9861  15764372.1762  15759221.9586  15755741.7223  15750286.8611  15746549.2319  15740897.8498  15737010.9542  15731266.3651  15727326.7328  15721573.2639  15717651.2182  15711940.0488  15708068.0985  15702410.9434  15698583.8956  15692959.3408
          0.1205        -0.6261  15799930.9145  15797883.4600  15797650.4835  15795410.7431  15794879.7528  15792258.9163  15791268.7146  15788136.6866  15786586.5679  15782876.5266  15780731.3172  15776440.6861  15773726.8028  15768908.5300  15765701.1324  15760447.9328  15756853.4606  15751280.2175  15747419.4763  15741647.7996  15737641.6551  15731786.2275  15727741.8824  15721896.2571  15717891.6423  15712112.3201  15708182.6116  15702481.0151  15698618.5184  15692969.5152
          0.3615        -0.6261  15799779.9941  15797440.4111  15796908.5737  15794391.4695  15793608.0305  15790774.7719  15789609.8921  15786349.4271  15784712.5383  15780960.1163  15778811.2770  15774553.8169  15771904.5330  15767177.0921  15764082.9307  15758958.4793  15755506.2226  15750080.9560  15746373.4349  15740752.0226  15736893.5015  15731174.9480  15727257.5106  15721522.0058  15717612.9177  15711910.6613  15708044.0201  15702391.0035  15698568.2269  15692952.1798
          0.6025        -0.6261  15799951.0354  15797945.3517  15797752.0260  15795555.2723  15795071.0756  15792502.3532  15791570.1418  15788501.6330  15787020.9083  15783383.4788  15781314.2732  15777098.5919  15774459.1490  15769709.3836  15766565.8702  15761366.5231  15757817.9201  15752277.3883  15748438.3244  15742672.3291  15738657.3609  15732773.9597  15728683.1149  15722769.3527  15718676.1429  15712787.7825  15708731.4503  15702888.2868  15698871.0478  15693056.2555
          0.8435        -0.6261  15799671.1100  15797108.3253  15796375.3560  15793662.1349  15792698.9440  15789692.8962  15788374.4600  15784972.9012  15783216.7497  15779362.0956  15777133.8969  15772817.4547  15770131.6921  15765390.0401  15762302.4852  15757207.1660  15753802.1387  15748445.7049  15744821.3603  15739302.1592  15735555.5171  15729963.8230  15726177.4816  15720583.2286  15716814.7297  15711259.5642  15707536.8842  15702032.7086  15698354.3136  15692884.1323
          1.0845        -0.6261  15799745.3791  15797333.0991  15796739.8406  15794159.6714  15793315.1131  15790415.0352  15789183.3824  15785851.6061  15784145.0690  15780322.8530  15778110.0643  15773794.5210  15771097.7091  15766334.3848  15763218.3373  15758087.4485  15754644.0688  15749244.3794  15745576.5410  15740010.0604  15736216.8943  15730574.7823  15726738.2645  15721088.7428  15717263.2412  15711643.2513  15707850.3681  15702264.8746  15698498.0894  15692931.5480
          1.3255        -0.6261  15799623.0674  15796968.1864  15796141.7492  15793341.4443  15792293.7968  15789208.2509  15787811.3661  15784333.9548  15782503.3056  15778577.0311  15776281.5693  15771902.7754  15769163.0060  15764374.9808  15761253.2813  15756133.9942  15752720.2536  15747367.2075  15743763.7388  15738279.0002  15734585.1518  15729060.3657  15725358.3477  15719860.9523  15716202.5313  15710764.2212  15707162.3933  15701775.6454  15698207.5894  15692837.1924
         -1.2050        -0.8348  15799625.7253  15796978.0171  15796159.1256  15793370.6452  15792333.7061  15789264.0052  15787884.5892  15784432.1205  15782629.6940  15778738.7631  15776480.5113  15772142.9744  15769443.1295  15764694.7661  15761607.8392  15756519.0297  15753128.2194  15747790.5596  15744193.2389  15738704.8706  15734997.8816  15729449.0255  15725714.4658  15720174.1646  15716467.7834  15710974.9197  15707320.3639  15701881.2206  15698269.2341  15692856.4979
         -0.9640        -0.8348  15799748.0043  15797342.7744  15796752.5106  15794174.5539  15793322.6355  15790410.5334  15789156.6180  15785796.9154  15784053.2655  15780187.8904  15777924.1913  15773551.9332  15770792.9239  15765963.1226  15762778.9267  15757579.0286  15754070.3306  15748609.7992  15744891.2539  15739284.5453  15735467.7580  15729818.3005  15725996.0571  15720380.7817  15716613.3395  15711072.0749  15707380.8866  15701915.1221  15698284.6830  15692860.5026
         -0.7230        -0.8348  15799756.3619  15797366.5901  15796797.9758  15794244.4396  15793422.3983  15790541.7500  15789322.9835  15785998.7737  15784292.4177  15780463.8071  15778236.9645  15773900.0549  15771174.7580  15766375.9515  15763219.1657  15758042.3603  15754551.1714  15749101.7682  15745387.0522  15739776.3233  15735947.3291  15730277.0639  15726426.1670  15720773.8771  15716962.6549  15711370.0187  15707621.6486  15702091.7412  15698392.8651  15692896.3645
         -0.4820        -0.8348  15799792.2081  15797476.3553  15796970.4703  15794475.6378  15793703.9490  15790871.5352  15789693.1939  15786406.9375  15784730.8786  15780929.4767  15778722.5124  15774402.0858  15771686.6002  15766893.8620  15763737.0160  15758556.0796  15755055.1954  15749591.8177  15745858.0673  15740223.8664  15736366.8408  15730664.1245  15726776.8878  15721084.1910  15717229.4350  15711589.7746  15707792.4892  15702211.7204  15698463.0315  15692918.4958
         -0.2410        -0.8348  15799733.0297  15797302.8960  15796677.7689  15794071.0068  15793197.7243  15790280.0158  15789031.9503  15785694.7746  15783984.4268  15780166.6423  15777958.5059  15773651.6030  15770961.4898  15766204.1037  15763090.3273  15757957.0491  15754507.0561  15749094.2793  15745410.6598  15739822.7637  15736009.6693  15730345.8674  15726495.4728  15720835.6945  15717013.8641  15711405.5023  15707641.8007  15702095.1599  15698385.9778  15692888.1027
          0.0000        -0.8348  15799820.8848  15797558.6290  15797116.3744  15794685.4390  15793985.1843  15791222.8961  15790120.5814  15786908.1999  15785309.7457  15781582.3402  15779449.7841  15775197.8642  15772547.1219  15767810.3340  15764701.0740  15759555.6379  15756077.2924  15750621.4309  15746878.6326  15741218.7888  15737318.2677  15731556.6626  15727594.5136  15721815.4635  15717862.8215  15712119.2684  15708211.0483  15702517.0397  15698649.5193  15692982.9956
          0.2410        -0.8348  15799829.1407  15797582.7847  15797148.9368  15794722.2270  15794020.3048  15791252.0855  15790138.3915  15786911.0093  15785292.7326  15781542.7017  15779384.0191  15775104.5453  15772424.4339  15767658.8543  15764521.3545  15759350.6215  15755850.0093  15750377.0507  15746622.2217  15740956.8579  15737056.6489  15731301.5636  15727351.1015  15721588.6852  15717656.9216  15711938.3529  15708059.6774  15702400.2592  15698573.9161  15692955.6993
          0.4820        -0.8348  15799928.8621  15797876.8568  15797645.3887  15795412.3099  15794895.6646  15792294.4693  15791332.4487  15788233.8595  15786725.1469  15783059.6762  15780964.1982  15776722.8862  15774059.7485  15769288.1961  15766125.6466  15760910.8169  15757350.6422  15751803.8521  15747963.7162  15742203.5202  15738200.5771  15732336.9646  15728272.6585  15722393.2388  15718340.9586  15712500.7860  15708498.6981  15702716.2974  15698765.1205  15693020.9180
          0.7230        -0.8348  15799726.5113  15797278.1286  15796647.0029  15794034.4751  15793165.9603  15790253.7172  15789023.0496  15785705.8409  15784027.4466  15780244.4628  15778080.8394  15773819.8881  15771181.7894  15766476.0354  15763415.6947  15758333.6537  15754932.4263  15749564.1880  15745917.9685  15740360.6602  15736565.5980  15730909.5012  15727048.7694  15721365.4389  15717499.1837  15711834.0933  15707995.0255  15702365.3809  15698557.4393  15692951.6930
          0.9640        -0.8348  15799731.3849  15797289.5567  15796678.4181  15794086.3334  15793239.1460  15790341.3229  15789120.9450  15785805.7083  15784123.8552  15780330.7201  15778152.3241  15773873.1367  15771214.0566  15766487.5496  15763405.6740  15758305.4159  15754886.7869  15749506.6297  15745850.2702  15740289.2487  15736492.5965  15730841.1266  15726986.7268  15721314.6715  15717460.1453  15711809.2633  15707982.2187  15702363.4213  15698560.6001  15692955.0504
          1.2050        -0.8348  15799617.5545  15796954.4237  15796114.2973  15793302.3615  15792243.3730  15789153.5304  15787757.6190  15784291.1961  15782479.5322  15778582.5876  15776324.3969  15771990.8849  15769302.1247  15764569.1254  15761504.3683  15756440.9683  15753080.4177  15747774.1575  15744209.8729  15738752.7354  15735074.6272  15729549.7454  15725832.9997  15720303.2055  15716598.2318  15711098.0735  15707425.7159  15701960.5484  15698315.1106  15692870.0004
         -1.0845        -1.0436  15799580.9493  15796849.4059  15795938.1283  15793060.9760  15791935.0500  15788785.8983  15787331.0262  15783814.6712  15781954.7948  15778018.7030  15775723.6089  15771361.3573  15768646.0599  15763893.4976  15760811.7666  15755737.5862  15752370.1229  15747063.1503  15743504.1717  15738059.1699  15734401.8150  15728905.3113  15725227.9361  15719745.5342  15716100.6995  15710668.4950  15707077.3820  15701700.2415  15698155.0919  15692814.1360
         -0.8435        -1.0436  15799603.1810  15796911.1276  15796046.7869  15793214.2541  15792135.0261  15789025.6075  15787609.4351  15784123.2380  15782291.2127  15778374.1895  15776095.0108  15771740.3432  15769029.1207  15764273.2311  15761184.5220  15756097.5753  15752713.9321  15747386.8226  15743804.7841  15738335.0563  15734650.8198  15729128.2246  15725423.4946  15719916.6290  15716246.2863  15710792.6789  15707178.2734  15701781.1389  15698210.0671  15692838.1166
         -0.6025        -1.0436  15799564.9498  15796796.2511  15795857.3374  15792953.1658  15791809.2521  15788641.7975  15787176.0437  15783648.2904  15781783.1382  15777841.6795  15775546.1011  15771183.8191  15768471.9797  15763723.6767  15760648.1593  15755581.1421  15752221.2082  15746922.6404  15743371.0497  15737934.5340  15734284.1206  15728796.6126  15725127.2557  15719656.2383  15716022.2774  15710604.7793  15707027.3829  15701666.7546  15698135.5357  15692809.2961
         -0.3615        -1.0436  15799674.9101  15797124.4349  15796401.2900  15793704.4238  15792754.2544  15789764.8320  15788458.2567  15785069.7108  15783321.7308  15779474.8910  15777250.5907  15772936.3894  15770249.8126  15765504.4102  15762411.0181  15757306.1055  15753890.8721  15748520.3559  15744883.4445  15739348.4912  15735590.0207  15729984.4674  15726190.4018  15720587.1400  15716816.6145  15711257.3325  15707536.1338  15702029.3000  15698353.0572  15692881.8301
         -0.1205        -1.0436  15799767.3220  15797401.1579  15796844.9854  15794300.2419  15793481.3041  15790604.3599  15789386.4065  15786065.1710  15784360.4865  15780536.3461  15778313.4586  15773983.1193  15771263.9606  15766472.9602  15763323.1100  15758153.6070  15754668.2482  15749223.7076  15745511.5849  15739900.9652  15736068.9806  15730391.9452  15726530.8809  15720864.2041  15717036.2215  15711423.8721  15707656.0561  15702107.2151  15698395.7986  15692894.2574
          0.1205        -1.0436  15799780.6930  15797438.8425  15796903.2510  15794372.0882  15793562.5321  15790689.5518  15789471.6609  15786146.7584  15784435.0136  15780601.8253  15778367.1059  15774024.9134  15771291.9829  15766488.7947  15763325.5014  15758145.0885  15754647.8771  15749194.2035  15745472.0271  15739853.6768  15736013.2164  15730329.5812  15726461.7678  15720790.3832  15716959.0370  15711346.1298  15707581.4914  15702040.2890  15698344.4855  15692871.3048
          0.3615        -1.0436  15799933.8699  15797896.6146  15797669.4778  15795442.8865  15794929.6650  15792336.3620  15791380.8361  15788293.6017  15786796.2481  15783147.1391  15781069.2354  15776849.9390  15774210.2570  15769465.2081  15766329.7326  15761142.7042  15757609.0209  15752086.8190  15748267.6679  15742523.7270  15738530.9281  15732670.3681  15728600.7171  15722707.3118  15718631.4606  15712758.7671  15708714.3201  15702880.9580  15698869.6762  15693057.6791
          0.6025        -1.0436  15799851.1761  15797656.2464  15797260.2845  15794873.9881  15794209.6086  15791486.3132  15790416.8075  15787240.3048  15785672.4736  15781977.3678  15779872.2990  15775647.5933  15773019.5161  15768303.4170  15765210.9019  15760079.2107  15756611.4304  15751162.3523  15747423.1908  15741761.5560  15737854.3074  15732077.2155  15728091.0750  15722275.4999  15718275.2767  15712470.6332  15708491.7552  15702717.2034  15698766.0644  15693017.5453
          0.8435        -1.0436  15799870.8970  15797704.0973  15797364.9493  15795031.5754  15794425.5908  15791745.3735  15790718.1760  15787567.4501  15786022.5751  15782335.8641  15780235.9752  15776005.6420  15773369.3695  15768638.7601  15765530.0258  15760379.8594  15756892.3614  15751424.4191  15747665.0961  15741986.0129  15738059.1293  15732265.8439  15728260.2715  15722428.8576  15718408.6754  15712588.0373  15708588.8786  15702797.7020  15698822.1488  15693043.2830
          1.0845        -1.0436  15799632.8966  15796997.1471  15796188.5103  15793404.6553  15792373.9648  15789308.0250  15787935.9017  15784489.9096  15782699.0464  15778820.7625  15776581.8373  15772266.6009  15769596.6709  15764881.9557  15761834.9932  15756788.2819  15753442.1035  15748147.4695  15744589.9857  15739134.8406  15735451.3944  15729914.6188  15726176.8447  15720618.7219  15716876.5409  15711333.6180  15707612.4281  15702096.8872  15698398.2624  15692899.3600
         -0.9640        -1.2523  15799688.0586  15797167.5843  15796467.4119  15793792.8729  15792857.2027  15789878.0343  15788571.8314  15785177.6215  15783414.8174  15779547.4559  15777295.8028  15772950.1348  15770228.5968  15765446.5513  15762316.8294  15757176.7904  15753730.3418  15748332.5302  15744675.2262  15739126.1000  15735362.1261  15729758.4450  15725975.1701  15720389.8946  15716645.0469  15711116.8494  15707431.1266  15701960.5713  15698317.5322  15692871.8359
         -0.7230        -1.2523  15799766.4009  15797400.8402  15796845.0056  15794302.3381  15793482.8933  15790604.9562  15789381.8077  15786053.1294  15784335.8534  15780495.6744  15778251.3344  15773895.6613  15771146.4462  15766322.3928  15763137.1764  15757931.9025  15754412.4926  15748937.5635  15745201.4697  15739574.4104  15735736.0348  15730062.0255  15726215.1093  15720571.2724  15716775.6057  15711201.4211  15707478.2205  15701976.2070  15698315.0706  15692865.4219
         -0.4820        -1.2523  15799747.1799  15797343.6169  15796753.9565  15794183.7759  15793346.4607  15790460.5646  15789242.5119  15785930.7426  15784244.7948  15780447.2072  15778258.7592  15773967.5386  15771292.6267  15766546.7065  15763443.8890  15758318.8745  15754877.1499  15749471.2378  15745794.3725  15740212.0139  15736402.1516  15730738.0688  15726880.6285  15721206.5353  15717359.1321  15711715.4892  15707903.5828  15702299.6946  15698520.6369  15692939.9074
         -0.2410        -1.2523  15799644.5445  15797034.3945  15796240.4424  15793470.1478  15792444.1906  15789382.0199  15788004.5961  15784551.4256  15782744.2079  15778847.2032  15776580.7841  15772235.1346  15769526.5720  15764770.2406  15761675.6353  15756580.0833  15753183.3769  15747840.5906  15744239.1853  15738746.9797  15735036.8772  15729484.2196  15725746.0345  15720200.5583  15716488.4461  15710987.4027  15707323.8043  15701874.2749  15698256.3603  15692847.5845
          0.0000        -1.2523  15799719.7888  15797258.3096  15796618.4028  15793999.0870  15793119.2882  15790193.7618  15788944.4897  15785607.5668  15783906.1308  15780101.3646  15777915.3405  15773635.6242  15770980.4184  15766262.4010  15763192.7949  15758106.5541  15754704.6677  15749340.2352  15745701.5096  15740155.0274  15736374.3126  15730734.5542  15726893.4289  15721230.3992  15717387.0185  15711743.7303  15707927.8753  15702318.9253  15698532.8369  15692944.8211
          0.2410        -1.2523  15799762.8240  15797384.5949  15796832.4439  15794297.8880  15793504.4576  15790660.3330  15789491.2910  15786227.8676  15784596.1163  15780852.7960  15778721.9031  15774487.9579  15771870.0983  15767179.5113  15764127.3222  15759048.3627  15755642.7807  15750264.7018  15746600.8938  15741020.0321  15737193.6693  15731500.1708  15727594.9274  15721861.1243  15717938.0774  15712210.1099  15708301.5453  15702594.9416  15698702.1485  15693002.4948
          0.4820        -1.2523  15799835.8992  15797603.8443  15797195.6354  15794800.0322  15794136.4386  15791410.1367  15790344.1289  15787166.3178  15785601.5579  15781904.6351  15779800.2130  15775571.8327  15772940.9965  15768218.9324  15765120.6094  15759981.6744  15756506.7061  15751051.1700  15747306.2988  15741641.9526  15737733.4880  15731959.7627  15727978.9368  15722174.1709  15718186.3919  15712399.2750  15708438.1283  15702684.5277  15698750.8590  15693016.4130
          0.7230        -1.2523  15799827.1705  15797577.0897  15797151.2979  15794737.4663  15794056.7985  15791313.9726  15790233.2510  15787042.6532  15785467.9988  15781764.7589  15779657.9608  15775431.8766  15772807.7732  15768097.5939  15765015.2688  15759896.7194  15756444.7600  15751014.8481  15747295.6389  15741657.0786  15737771.4651  15732018.2957  15728052.3250  15722258.2774  15718273.9035  15712485.7932  15708516.2486  15702750.4267  15698796.3234  15693034.9441
          0.9640        -1.2523  15799742.2130  15797327.7984  15796730.6471  15794154.6933  15793319.5186  15790440.4830  15789238.5709  15785949.2483  15784294.9016  15780535.5682  15778393.1479  15774153.8174  15771535.9962  15766851.0869  15763810.4503  15758747.7536  15755363.8822  15750010.6712  15746375.6101  15740824.3700  15737029.1218  15731364.6762  15727487.1496  15721776.6150  15717873.6192  15712160.3176  15708263.5304  15702565.0391  15698680.9035  15692992.6903
         -0.6025        -1.4610  15799693.5518  15797187.0725  15796497.2102  15793836.2936  15792915.9377  15789959.5901  15788680.0360  15785320.2590  15783595.2170  15779771.6676  15777565.3382  15773267.9776  15770593.6335  15765858.0524  15762770.8327  15757668.8179  15754253.9741  15748880.0005  15745238.1134  15739693.7817  15735924.9734  15730303.7066  15726492.5642  15720865.5564  15717069.2335  15711475.9968  15707717.7606  15702164.5723  15698438.4094  15692909.2791
         -0.3615        -1.4610  15799652.4730  15797062.7600  15796289.9477  15793546.7242  15792547.6842  15789517.0069  15788170.6894  15784751.8231  15782977.9000  15779115.0161  15776880.6544  15772565.3894  15769884.3020  15765151.5701  15762077.0033  15756995.7293  15753609.2591  15748269.6942  15744667.2595  15739166.2113  15735442.9368  15729869.0244  15726105.3786  15720526.4304  15716777.3059  15711232.2297  15707522.3793  15702020.7244  15698348.9210  15692879.2198
         -0.1205        -1.4610  15799707.3916  15797221.6336  15796557.8999  15793914.5057  15793010.3209  15790061.5060  15788789.1835  15785431.6563  15783710.2386  15779889.3230  15777688.1994  15773398.4191  15770734.4494  15766013.2136  15762941.6341  15757858.8381  15754461.6194  15749106.5594  15745478.3548  15739946.0210  15736180.5209  15730558.0912  15726735.3545  15721090.9642  15717267.2992  15711642.1891  15707845.6816  15702253.8618  15698488.8801  15692925.8789
          0.1205        -1.4610  15799575.6264  15796833.1916  15795910.4440  15793025.9841  15791902.2168  15788766.4395  15787339.3281  15783865.1698  15782063.2116  15778199.0815  15775989.3067  15771722.5452  15769110.6687  15764464.8099  15761489.7970  15756517.0332  15753242.2143  15748013.5924  15744515.6438  15739109.6416  15735467.5503  15729959.1265  15726242.7440  15720692.8028  15716953.9922  15711402.3239  15707670.2875  15702133.9454  15698418.1246  15692901.2506
          0.3615        -1.4610  15799857.3725  15797671.8338  15797298.9303  15794939.5373  15794307.4492  15791617.2375  15790585.8152  15787448.7448  15785925.6192  15782276.9492  15780222.8994  15776050.1410  15773476.4413  15768813.5032  15765773.3039  15760689.6873  15757265.2529  15751851.9789  15748139.9466  15742494.5887  15738591.1149  15732804.0416  15728792.4468  15722935.9854  15718877.6891  15712999.3092  15708929.4986  15703049.7162  15698977.4498  15693093.4753
          0.6025        -1.4610  15799890.1170  15797770.4722  15797462.7704  15795167.8293  15794598.1286  15791966.5885  15790988.8517  15787899.0849  15786416.0401  15782799.1600  15780768.2958  15776609.7782  15774041.5922  15769375.7671  15766324.8439  15761223.4862  15757775.0012  15752332.5112  15748586.8496  15742904.6553  15738961.8951  15733133.9582  15729080.7984  15723182.4271  15719082.9435  15713163.6435  15709054.5256  15703135.9378  15699027.0128  15693108.3528
